// Player8
stat 5
	layer
		node 221.901,29.5622,217.019,163.952,-70.1954,211.33,157.939,-16.6862,-87.1158,-21.4865,-90.549,22.5716,-24.717,9.54938,42.4314,4.05982,118.118,44.4648,42.9727,187.388,176.446,52.9537,227.858,-3.54884,198.381,106.331,
		node 178.31,-46.9983,-38.6421,25.332,-8.26628,-13.5056,41.7174,11.3864,158.331,-2.6987,68.2761,-57.5715,10.7474,13.114,153.756,19.8363,54.9787,179.4,66.2047,110.811,-105.586,34.5412,46.967,-52.3798,196.815,88.6172,
		node 236.018,8.5767,173.175,51.5765,-18.2938,-9.95219,-31.2036,78.7914,-69.2534,85.2704,33.5568,-65.6362,23.6075,53.7311,84.0909,-64.1095,-1.9552,-32.887,-15.9195,-3.34948,-62.9624,-67.5839,-34.6008,172.266,-30.6074,-8.3349,
		node 10.3519,158.119,-10.9179,123.108,259.482,-24.6825,61.6493,117.966,-33.3596,11.1201,30.8348,-77.6036,162.912,13.1898,-68.9773,230.77,205.206,169.341,62.3791,33.9026,189.221,161.176,76.1501,60.0745,261.57,252.225,
		node 14.6695,57.1608,14.1322,175.162,2.92844,45.5857,22.9502,-11.333,-29.6769,42.1983,155.228,36.9954,-35.2522,-49.9926,194.105,156.383,79.5238,-34.1414,175.512,189.267,70.5115,55.4394,203.903,-118.027,250.764,159.687,
	layer
		node -60.2019,26.1154,29.8057,-43.1437,120.121,196.698,
endPlayer
