// Player17
stat 5
	layer
		node 131.056,141.624,-61.5719,-225.971,67.1595,-144.45,-146.612,87.4669,-209.593,-121.099,38.2119,-131.438,-161.894,-6.54551,17.0358,-114.217,81.2749,-133.632,-171.388,110.959,50.8188,84.465,15.2323,-194.938,-122.13,7.02315,
		node 63.2947,-133.367,47.0043,129.007,-184.88,-145.007,-165.608,-120.736,-78.9051,-147.056,-125.18,-159.45,-7.23046,-15.5219,-219.199,-20.9572,-34.8329,143.889,-17.2358,-92.4878,16.0488,82.1149,36.3421,-116.359,-108.342,86.9472,
		node -121.132,-165.574,91.2969,-91.2226,61.5223,89.412,-91.4643,-8.36893,-65.3989,88.3692,-129.407,-114.793,-138.816,-108.552,-150.186,-108.21,-23.4209,-22.3156,-158.69,89.7113,20.9314,-200.36,-24.2473,-173.066,-190.513,-153.217,
		node 104.455,-93.8959,-62.6536,-16.7136,57.2227,-125.439,-153.462,-193.609,-18.8443,-163.984,152.569,-83.5674,84.7942,137.301,-193.487,-189.624,-139.552,11.0756,-135.697,-49.6732,-100.133,-45.081,4.45484,-141.68,-164.735,188.736,
		node 4.54788,-168.439,157.399,-65.1122,170.682,-22.7972,96.3977,58.015,-47.1649,-148.483,-115.477,-95.6654,-29.6238,-141.627,69.0876,67.7517,-193.081,33.9907,0.623976,104.758,17.6148,-184.419,83.4227,157.08,-53.2509,44.2004,
	layer
		node 58.0313,56.9186,139.872,46.3957,-5.95324,-5.95324,
endPlayer
