// Player95
stat 6
	layer
		node 139.668,63.0587,33.9599,-227.198,78.0638,-142.407,-144.682,83.0918,-160.259,-135.028,-155.864,-141.445,-3.05131,-16.6334,-148.682,-118.709,74.7426,-182.642,-53.9643,102.258,111.211,-151.866,16.4618,-139.605,-120.442,132.454,
		node 144.176,35.1096,50.3809,124.302,-53.9643,183.172,174.977,-212.553,79.6857,36.4982,-109.608,-132.522,11.4774,12.8384,91.6084,-22.1786,-6.26231,24.109,-28.6918,-35.8397,16.0707,-127.276,-94.357,56.3778,-108.322,-4.08726,
		node -71.6752,-164.97,4.84068,-105.112,54.3941,-104.504,-193.869,78.1752,-0.432075,-169.091,-71.5697,-89.8198,-32.4119,-104.846,23.8624,-107.507,-110.648,59.1969,-152.736,90.0828,20.6512,-204.73,-25.6702,-193.633,-189.952,-152.825,
		node 93.2797,-2.87427,-67.07,-23.7573,38.486,-127.287,-198.311,60.4943,-24.315,-161.129,-112.644,-214.472,-118.888,137.009,73.9948,-132.288,-151.122,-103.937,-126.329,-168.728,-104.351,-25.8368,3.63658,-96.9478,-146.624,-48.1657,
		node 10.6179,-48.9961,44.4686,-71.9135,158.958,106.38,-39.3372,-84.9645,-83.4383,-149.377,-143.256,-138.896,-13.6612,-118.876,-62.8968,86.0935,-207.317,30.777,-32.0126,-13.7308,8.1757,-132.803,81.3161,147.647,38.579,-127.346,
	layer
		node 141.158,91.7471,-34.9582,14.1449,-92.9124,-124.39,
endPlayer
