// Player40
stat 6
	layer
		node 144.843,53.196,25.727,-197.997,82.0594,-7.45122,89.6644,84.588,-198.521,-152.329,54.0686,-149.119,8.94458,-21.0557,-18.9149,-120.811,-4.81797,-187.013,-175.989,-9.08321,105.322,0.0391737,-169.666,80.5368,-120.523,129.275,
		node 7.27087,-96.4829,49.3319,111.723,-163.201,-124.989,172.624,-115.028,-82.292,-157.616,43.1014,-161.37,-128.884,59.6111,-216.478,-13.4557,-47.6919,-180.945,14.8258,-114.103,19.7423,84.8287,46.4259,-171.669,40.425,83.9244,
		node -74.3146,-165.075,10.2873,-84.3361,38.3194,-109.579,-114.39,-7.18334,-63.2874,-162.472,-123.117,-11.4384,-30.5675,-111.564,-137.509,-106.641,2.93884,-28.6678,-147.156,100.496,10.2413,-94.8848,1.88718,-145.527,-187.704,11.5433,
		node 99.6379,2.82096,21.8073,-24.4695,53.5094,-125.325,31.4449,54.8612,-23.9253,-160.199,-113.997,-174.417,74.708,140.592,82.9007,-199.406,69.1847,-31.9353,-130.291,-159.698,-96.0007,-0.684091,73.2708,-104.729,-148.801,90.6715,
		node -2.40584,-42.1608,-87.0072,-54.4854,-214.069,-105.314,99.9997,94.6842,-76.0156,-167.011,-125.036,-79.8172,-27.6848,-151.384,65.5203,54.6963,-171.707,28.3266,-12.4286,109.908,88.3097,-183.252,82.1412,155.334,-61.8402,48.8074,
	layer
		node -128.884,109.401,-6.49996,-153.64,-206.384,79.9909,
endPlayer
