// Player76
stat 7
	layer
		node -43.9284,-3.31183,251.719,-36.3356,-181.867,59.6848,-44.5502,-109.987,-37.4527,226.411,-49.9353,72.8721,26.0576,-72.564,1.20177,7.54651,-140.674,53.7013,-69.3853,-42.407,70.2016,21.7712,-172.071,32.054,62.9906,73.6785,
		node -121.555,-236.459,-99.1174,-176.074,96.0972,104.109,-116.281,59.8357,-34.0156,56.4532,-44.432,-114.401,-10.0381,-66.6823,65.0846,-103.988,-38.1418,-13.1672,184.753,217.594,-132.77,-211.28,-83.095,-142.579,45.7229,220.648,
		node 202.97,9.70424,-15.8968,-102.266,-67.9546,22.2431,-88.0626,174.831,-318.145,-77.3172,44.8545,-16.1033,37.0678,-172.803,-195.664,17.971,1.07279,-100.245,-107.145,-79.5765,263.31,-52.8816,-347.339,-74.6375,-208.091,-43.1136,
		node 36.4173,-226.311,-112.63,-154.622,51.052,-247.564,-99.8698,-119.578,-119.394,37.6771,-55.5345,-202.346,-107.008,-67.0473,-20.5264,-70.7488,-82.2041,-5.35304,-2.54505,71.938,-114.03,201.049,-14.8969,43.2014,43.5321,82.3287,
		node 195.858,-32.5305,-3.40461,-166.506,-139.548,-177.5,-208.825,35.7421,122.553,-78.6019,3.29739,75.197,-58.5851,218.103,60.6972,4.563,39.8035,-175.92,-303.657,23.4778,-105.654,78.9733,-55.5498,-333.405,-22.2656,82.0407,
	layer
		node -95.5987,-147.907,-0.561205,-209.482,16.7555,50.9906,
endPlayer
