// Player58
stat 6
	layer
		node -41.7018,-135.91,86.8975,19.0329,-171.626,209.726,-64.3651,49.1929,-44.5081,227.352,-202.433,66.7442,-81.219,-68.3289,-48.5752,5.24448,33.3435,58.1981,-167.448,-170.445,85.5261,25.8696,-171.479,37.0229,60.2378,68.1122,
		node -0.769008,-66.5802,20.7814,-44.3383,-184.157,-57.9154,-97.056,68.5236,92.8247,-18.7297,19.5181,29.5687,-10.8164,5.46036,66.4865,70.2384,-184.073,-31.8311,178.696,210.962,-134.563,-109.554,-59.5336,26.9165,-32.3367,-168.253,
		node 230.56,66.1629,-185.209,-104.771,-152.737,36.458,-153.992,64.8465,88.7842,-49.5229,-314.023,-32.0407,32.013,-175.56,-26.0725,16.614,-170.329,-102.516,-105.095,-47.0309,263.462,86.7042,-185.735,40.9674,67.66,-4.0645,
		node 47.1069,68.9717,-372.425,71.8421,-190.764,50.8267,217.348,4.25716,-119.051,-130.557,69.8635,-199.148,59.9304,-69.556,-173.361,-67.9618,-81.239,-17.0558,76.7044,62.5032,-20.6573,-64.8338,15.8127,69.7926,6.43853,84.8806,
		node -172.084,-63.7737,-3.38704,-191.898,-73.8157,-175.055,233.005,26.8701,117.161,-73.0108,52.6635,-51.2924,126.877,218.933,36.9559,8.08741,-212.214,-64.6303,-316.279,22.375,23.8619,77.2103,-51.721,-28.6287,-21.326,83.7253,
	layer
		node -156.01,10.6115,31.1947,20.7928,-71.4841,-70.4193,
endPlayer
