// Player90
stat 3
	layer
		node -320.749,3.17794,26.0255,-49.9244,64.4237,-181.804,-196.694,59.671,22.3473,-251.818,77.1775,-132.862,25.7311,-141.961,-29.555,-234.273,43.8426,-62.1918,73.4942,-74.7255,93.6721,56.3101,-14.442,-26.1093,59.7669,61.3922,
		node -99.9372,10.1177,65.4536,-31.4433,-53.6654,-315.442,-116.923,54.9402,91.5008,-95.9239,90.6501,-115.842,-14.0457,-69.3833,71.2839,-105.063,-37.8499,-34.8282,7.07532,-176.577,-117.659,-101.343,-93.7007,205.006,38.6943,225.47,
		node -169.039,18.7919,-179.195,-128.917,-47.4039,24.6806,-155.21,200.927,-325.703,-122.217,29.5049,-25.0542,-326.169,-15.0803,-240.786,63.0193,-35.121,204.566,68.5171,-215.249,246.756,88.0717,-354.263,69.4372,-4.37948,-76.4657,
		node 18.4329,-236.15,-72.5684,24.0675,232.933,81.0533,-95.3895,88.7608,8.14538,-132.436,-34.0386,-112.26,-99.5579,44.8936,-118.067,-161.535,-69.9985,33.4751,-158.345,-13.4202,236.333,227.479,-186.159,10.7508,-20.2561,-37.4688,
		node -130.601,20.0193,-8.48127,180.271,-133.632,-12.0056,174.984,45.3814,84.9003,-351.113,-25.8934,-209.095,-84.5388,46.2958,49.0287,-1.81305,65.7935,-123.947,-116.236,-13.3989,-23.3895,-209.064,-57.6712,17.2958,-58.1982,97.0321,
	layer
		node -310.392,-53.6056,182.369,19.4558,-38.9299,34.9914,
endPlayer
