// Player18
stat 9
	layer
		node -102.573,-119.166,215.259,-212.831,-239.651,-180.349,-205.193,-191.497,-29.7392,-245.035,-22.5537,-111.469,18.2597,-58.2582,-107.198,-206.589,43.0179,42.4078,66.729,-156.944,88.4656,206.655,-184.974,-18.2096,61.2025,73.6847,
		node -107.598,-134.014,-129.724,-29.5956,20.875,-36.103,-103.499,52.7445,80.4939,54.2767,-223.352,-48.5166,-84.0699,-11.187,-48.6666,66.6288,-174.035,-33.0943,-189.348,-30.2656,87.4632,-102.758,-90.4482,-141.451,45.2649,195.21,
		node 231.204,0.806696,-36.7135,-98.3694,-51.2115,43.2514,-153.357,212.541,-324.911,-56.7305,-318.537,-60.5529,40.6108,101.446,-24.8629,12.673,-164.816,-105.586,78.9652,-50.019,248.437,-58.5354,-357.662,68.2322,-4.41147,8.61992,
		node 47.8885,-29.7425,202.518,60.6633,-197.571,17.8358,227.007,82.6229,-110.878,-128.255,-33.2055,-198.346,86.0589,15.9717,-112.749,37.1127,-74.251,24.6359,-151.935,72.2803,77.3406,-109.918,20.9587,43.3834,-18.1541,-40.8365,
		node -13.4186,-323.34,-20.038,178.959,-136.418,-142.806,217.771,32.095,93.9951,63.5259,-30.8973,-207.77,-85.6448,-174.157,-123.42,-85.4327,69.0607,-217.245,-115.781,-3.05458,-33.4509,76.7842,41.6408,-20.7702,-76.1694,62.2179,
	layer
		node 76.6138,-50.2473,61.3134,66.6426,-218.224,-12.5284,
endPlayer
