// Player34
stat 5
	layer
		node 23.2338,-17.9683,-152.742,151.344,-33.6349,16.5233,-47.1045,81.4313,145.135,-24.5835,93.9975,24.997,0.628137,15.9673,59.6104,-81.7126,58.0825,-69.6233,-1.14375,-53.2525,34.1609,81.8753,7.02423,-66.8906,98.5578,-15.2593,
		node 32.4944,27.4099,102.42,58.7425,26.9656,14.0493,-85.8683,-48.0438,47.439,166.344,-44.4004,20.1306,-52.048,51.4068,-19.5491,-5.68512,-45.8612,-54.4141,-82.645,106.654,-47.8547,22.4535,-56.8076,102.94,-35.794,83.7582,
		node 94.3485,-35.9234,-92.4843,30.7185,-21.8726,-37.3382,137.935,72.6328,-56.8736,13.0229,-50.0768,127.868,-15.0882,39.2233,-13.5956,-1.53746,28.2872,-25.6494,6.75662,11.0252,-14.1976,-16.232,1.51813,-56.1198,-3.43183,-77.6851,
		node 7.64034,70.3662,-79.8072,1.77205,-37.7753,5.98707,-57.3547,90.4284,-25.7016,-32.0108,5.33016,53.81,-14.9136,-63.4638,-78.2531,-83.7007,-41.7902,-10.0815,-92.9556,13.8326,80.5484,42.3702,-12.8008,-11.5707,-81.4002,-150.749,
		node 11.5884,59.0961,-10.3672,90.4622,-68.7025,-53.9864,44.0527,-122.311,-53.6022,-75.7518,13.7856,-82.3448,43.5659,29.7558,-7.9118,25.7258,77.4588,-9.83574,17.9193,-12.5255,23.5887,-30.9517,-46.5611,-14.7643,14.2056,53.0921,
	layer
		node -37.5289,37.503,27.6782,-79.709,38.3534,-16.7848,
endPlayer
