// Player2
stat 7
	layer
		node 34.2915,50.9928,-75.3778,19.4655,104.117,-51.7464,34.8617,75.0956,152.122,31.4326,32.806,33.7453,-16.9156,-76.6883,56.4653,-67.7073,38.6176,-63.8234,-16.476,-57.1758,23.15,23.8187,-6.07203,-67.5265,92.2398,32.9622,
		node 20.8784,-22.8903,101.727,-5.40957,-11.0849,42.4988,-9.33381,77.861,56.1507,-75.4192,-25.5166,-58.513,-44.1238,33.4227,-24.0857,-9.71467,-59.3668,39.9652,6.85465,39.4577,-41.9091,-48.7874,30.8073,-41.461,-30.6091,-25.8344,
		node 44.9576,50.8255,-59.442,15.8897,-39.583,-64.5477,140.869,80.9359,-49.095,56.7188,-20.1745,40.7617,-20.2609,28.7102,-21.5649,9.04845,55.754,33.3428,-60.9013,23.0993,-21.3548,-80.3828,-48.7991,154.584,30.3978,-80.0615,
		node 93.7869,-59.4555,-133.859,28.8619,69.6253,-4.52114,78.1196,104.253,-7.72492,51.7293,8.9924,38.9321,26.4807,-63.1014,-53.7845,-5.01968,30.8004,39.3677,101.529,141.376,41.6176,20.9401,24.2765,5.55746,37.253,3.64286,
		node 17.2052,-127.048,16.7349,-20.5143,32.0942,-22.441,-43.233,156.711,-26.314,-130.704,17.2201,89.8932,35.8789,23.4628,-111.171,-12.1848,44.1325,-41.3833,38.9251,-16.5967,34.0954,41.3426,-9.31329,-13.2269,1.03466,-50.1878,
	layer
		node 149.656,-63.5008,23.1663,-35.0389,91.1642,-122.452,
endPlayer
