// Player98
stat 2
	layer
		node 38.3762,-43.3553,-21.2321,15.749,24.6179,52.4278,-48.3862,71.9165,47.1615,-57.9285,-45.0738,42.5421,7.58327,-14.7927,-60.6737,30.8175,58.5172,21.8083,-13.275,61.8477,16.7382,10.5564,10.2099,-71.4683,27.5806,11.67,
		node 14.5977,-39.9599,92.8594,-16.9112,93.3224,-7.75578,22.0566,21.6984,124.365,-42.2196,30.1526,-69.1456,-48.0217,61.0814,-29.8792,-81.4136,-64.4575,-27.7185,96.1941,18.4855,-44.1639,60.7833,-6.28068,89.9018,27.0877,98.815,
		node 64.2507,36.6326,38.4658,-43.7057,-88.6816,-34.3298,2.73233,76.4681,-19.7802,-42.0324,97.7618,-129.315,-26.613,39.0894,-71.27,-9.1563,39.8001,-108.145,52.3741,25.9317,-45.9937,-27.0048,-68.0142,-60.0296,18.4638,39.1821,
		node -2.36239,23.3901,-95.8662,-14.6695,-80.2681,106.843,26.9503,48.8574,-26.1759,-44.2065,-0.738576,-88.039,-19.1323,-63.417,42.1372,-27.3513,1.24117,23.8554,108.913,6.03595,46.0655,42.7124,-11.4281,-3.22732,37.5698,-79.0881,
		node 35.762,-116.79,-78.2814,-10.0623,29.5851,30.538,-34.073,-70.2883,-28.0537,-23.9064,38.9677,-0.496294,-43.4502,-52.724,-136.669,15.8432,43.6705,59.7715,1.24878,-7.29155,21.9458,-92.6831,-22.4555,8.21456,-12.876,3.47625,
	layer
		node 7.45122,4.55568,29.1664,14.6245,-35.4993,25.9925,
endPlayer
