// Player61
stat 5
	layer
		node 102.361,-35.3645,38.246,-38.9292,77.4987,-11.8514,-23.1146,-11.0784,-75.588,43.5799,-10.4872,39.9638,57.1277,-65.2828,-57.7839,-13.492,-70.6138,22.0419,20.2621,-19.6586,-4.40454,37.3712,1.82096,-48.4083,-53.3622,-101.736,
		node 37.649,-101.998,42.6033,44.9997,49.6767,-60.1775,-28.7092,-13.3907,-114.41,-3.69809,4.57066,69.0739,5.12585,0.837842,0.251907,-32.1641,-29.2974,31.2791,-32.5795,94.043,26.4098,-18.0407,-90.2128,45.3847,-14.9117,30.2761,
		node -38.0376,-87.9688,99.3675,55.6071,14.0352,-39.474,-14.3207,-26.1539,-19.7619,-33.5949,0.0220654,-39.9802,-36.8775,-63.5109,-11.2231,109.699,-81.2828,-39.4056,-54.9712,-17.1395,78.519,-23.8332,15.8817,-63.1164,13.0307,80.5355,
		node 89.9769,2.60747,46.232,-12.3865,-0.9533,-0.282303,-42.7513,-42.6791,23.1767,-9.79266,2.15047,15.6737,-40.1396,-75.2005,-28.8583,47.4733,-60.3663,-13.5044,-45.0705,15.9003,-18.289,-27.0478,10.8706,64.685,-29.2288,-69.9469,
		node 10.289,-9.07237,-59.6348,26.1036,23.4258,-109.766,-41.0156,-63.5344,-14.1987,-22.0172,-27.9374,-28.5563,2.22851,-86.9062,43.1944,-70.1485,-26.3441,-74.0863,-103.342,32.8766,45.0767,43.2341,-53.0574,-75.8049,35.27,-23.9799,
	layer
		node 8.80568,-14.3232,43.2272,-9.63404,15.2542,-13.4041,
endPlayer
