// Player19
stat 8
	layer
		node 123.042,108.714,35.6747,-32.3966,162.073,99.5653,156.762,117.423,174.81,-39.9652,128.435,-104.288,102.396,-7.66267,128.469,127.956,176.667,128.342,87.4204,-40.5216,284.931,-108.145,-183.245,105.812,207.595,56.1902,
		node 160.849,118.785,122.577,190.387,15.8848,-157.855,46.9475,160.873,156.661,-83.4337,-72.407,171.862,303.193,-166.207,-77.5355,47.3258,29.1435,169.263,123.563,-142.962,141.186,166.904,75.9601,78.6262,71.0525,-69.3368,
		node 119.46,38.7641,37.4645,79.4758,-56.3798,92.8152,94.9215,64.2135,102.177,139.084,171.092,-57.4862,113.705,126.488,58.4802,139.44,85.2145,208.002,79.4397,144.607,-37.1564,248.873,56.3854,97.0419,177.841,157.936,
		node -68.7558,168.677,86.7274,-29.0189,-176.723,130.967,-131.131,-102.313,-126.551,123.663,37.4093,145.348,-81.5827,176.938,123.351,-130.483,-65.2053,141.363,116.649,64.5038,194.794,110.016,63.6468,-93.3929,137.731,134.884,
		node 102.329,47.0925,113.195,253.012,151.78,135.665,76.4625,-62.1637,39.7623,279.215,116.385,-108.909,187.163,177.272,212.173,-125.267,54.8825,116.574,-66.7219,-140.191,75.0549,138.937,188.595,180.75,-123.979,-206.698,
	layer
		node -27.2314,136.499,-6.22455,96.2881,166.504,58.1442,
endPlayer
