// Player49
stat 5
	layer
		node 123.544,105.643,144.445,174.505,186.721,99.0918,157.786,115.209,172.685,35.8406,109.521,156.24,61.4285,-38.5215,-37.0063,146.424,173.846,121.757,259.668,87.3857,61.9529,-136.075,-165.567,22.0067,-42.9344,27.9706,
		node 162.83,119.457,124.499,-26.6384,147.858,7.67563,139.58,195.924,129.27,102.582,78.6214,84.0266,177.234,-195.511,90.382,47.4154,172.617,173.797,129.691,-17.8416,139.29,62.2385,219.016,98.0107,161.419,179.05,
		node -153.932,151.612,43.1429,187.655,192.72,148.136,96.4596,173.86,74.2664,131.103,42.0626,193.917,177.807,-71.8057,169.586,135.531,92.2706,199.696,73.8922,126.242,-36.4832,62.1929,208.353,-108.819,174.825,193.559,
		node 176.28,85.3367,23.3964,48.8681,127.968,75.7079,52.2829,188.174,-184.56,69.7332,37.9624,-191.686,4.16146,181.103,120.276,-153.045,-29.2919,149.031,-92.5534,-103.297,179.693,92.965,192.853,121.563,196.651,-5.89812,
		node 98.0112,51.0498,45.0917,122.8,54.4758,121.049,-55.5697,304.164,184.127,196.267,97.4862,215.427,198.852,-136.543,58.3099,153.738,86.6338,148.563,-79.9564,177.062,190.106,135.706,170.715,101.648,-73.5352,138.067,
	layer
		node 275.078,53.6228,24.3154,72.5132,50.6623,114.159,
endPlayer
