// Player78
stat 6
	layer
		node -216.158,-86.6167,72.5939,171.333,-5.9678,24.4208,166.357,-70.4719,85.689,-118.281,-132.448,-121.101,39.3972,24.2174,181.901,33.3636,-102.616,-86.7088,7.50017,-78.5137,114.486,301.721,128.621,47.3472,55.0361,98.183,
		node 36.6882,-86.4517,67.4611,-40.1573,68.7585,-22.3919,-67.0964,298.109,43.2847,148.937,-150.666,76.0161,72.3819,-130.432,106.456,-83.9632,35.1975,-77.4121,50.5897,-49.9653,218.533,-133.97,-65.0941,95.0947,221.941,-14.5365,
		node 116.496,-15.7047,0.6349,52.1622,-72.5767,-3.54146,120.163,-135.821,3.36908,-200.038,-196.981,47.027,35.4357,141.486,144.981,-136.266,-129.912,297.644,21.741,118.691,56.7518,-117.672,37.8226,43.3829,36.3373,-185.221,
		node -153.524,288.544,-68.5111,-73.6141,69.3336,40.2508,-93.023,-62.6244,15.097,168.15,-54.1317,-80.9338,293.951,134.673,-128.456,-24.3739,-84.2459,9.14737,-128.065,17.2985,-3.34609,119.57,-147.524,-75.7282,121.581,43.4956,
		node -79.478,145.773,-31.1319,-48.412,128.53,-11.1767,241.437,69.6841,155.437,155.248,252.855,-110.658,-117.248,81.8871,165.812,160.727,104.002,-33.4681,147.648,-28.4608,-69.145,141.62,-57.8349,-4.34297,40.6006,54.5901,
	layer
		node 33.9731,-137.282,44.009,24.9617,37.6061,22.4561,
endPlayer
