// Player27
stat 10
	layer
		node -131.312,46.4105,-1.65634,0.573564,40.4722,33.3595,-26.7315,-72.7538,-37.5656,-40.958,-26.7381,-118.859,183.912,153.2,104.609,34.8633,76.9019,50.1984,-161.808,66.901,122.161,13.5092,-22.3715,63.6991,-32.0622,-47.471,
		node -61.8832,22.5202,-184.583,-14.5796,134.814,40.9616,-1.15536,4.40681,-165.485,-126.257,-148.72,50.0761,86.1733,45.1267,-29.4655,-51.2554,110.726,-50.1218,-136.844,48.8284,-99.98,-96.9718,-0.850324,-157.707,84.9257,43.69,
		node -48.2132,-33.3265,209.712,-82.2978,-5.61201,42.3417,-94.7546,21.5058,-22.7957,111.894,139.022,-13.9763,-18.8675,93.9842,62.4928,-11.7234,39.1403,-181.827,29.1308,-175.229,152.572,-148.577,43.3291,109.439,78.0979,-52.3731,
		node -53.5653,82.2828,-152.829,-32.0968,120.256,-122.575,92.0062,53.8335,-167.541,-50.407,44.7747,17.0813,131.793,150.001,99.5638,46.6654,114.297,-3.21233,107.77,-114.262,78.3335,-26.682,-176.011,139.947,-0.0226516,-2.58578,
		node -72.4887,-43.5306,-48.128,-52.5906,-144.76,66.6927,189.261,-41.4076,45.7426,-46.5677,27.5886,12.3878,172.128,119.799,-184.091,-21.6163,115.378,-11.1765,8.75061,-54.2693,-29.7618,9.25782,39.6179,27.2973,-8.93003,-55.1609,
	layer
		node -53.2954,32.9852,-126.142,-3.0582,78.3335,-17.4602,
endPlayer
