// Player33
stat 7
	layer
		node -32.5132,49.8016,-5.7865,42.3579,40.7272,22.6019,63.0665,-54.3016,11.9226,131.043,-52.4367,-112.096,121.008,-123.87,110.042,32.0049,78.013,-16.8544,-159.644,125.526,134.17,18.4744,-8.72472,115.743,-12.452,-43.3733,
		node -66.7115,17.6033,-177.001,-76.0184,159.653,-86.9195,-133.612,9.77422,62.0836,-130.631,32.7562,38.6822,83.4451,32.3897,19.6008,-73.0711,134.935,-49.7235,-129.537,26.2047,-98.736,-47.6866,59.6348,136.506,104.335,120.574,
		node -38.2094,134.325,-178.537,-0.404992,-10.1918,37.02,-6.85345,-45.1175,-14.9966,-44.4537,132.34,11.9262,-21.1729,109.139,123.388,-22.8577,-0.0101956,-167.638,-46.5576,131.312,156.992,-136.112,20.8516,-58.6955,52.5252,-51.003,
		node -64.3179,-183.296,16.3864,-98.3642,-10.5461,-54.0476,74.1161,39.5429,26.6569,-13.3717,51.1243,62.3481,-49.0228,137.301,100.5,50.4872,131.25,-4.1568,-129.075,-119.631,76.018,-33.6964,-149.091,138.894,-20.7671,-1.06134,
		node -51.9844,-30.44,-39.8884,51.0445,-41.876,63.7076,196.626,-1.68912,-13.0867,40.4965,-6.66826,-137.761,171.531,118.493,-173.767,-80.4872,6.61233,-38.4237,74.0006,-57.8691,122.423,11.9226,33.8149,17.5077,52.6077,-63.8113,
	layer
		node 47.8768,26.4072,-127.49,-77.2985,-164.647,-182.549,
endPlayer
