// Player50
stat 10
	layer
		node 128.305,45.9344,-8.41273,3.02439,49.217,20.0435,-37.2234,-82.0888,41.2193,-43.4386,-11.8677,101.635,105.022,-106.276,162.211,41.02,51.8008,21.2909,-158.733,65.3179,128.717,11.5073,-28.946,72.8683,-14.834,137.487,
		node -53.9873,118.875,-186.418,-8.56879,5.22667,57.1259,-135.05,16.767,71.7652,32.1768,76.9213,30.5094,-40.7216,53.2972,188.739,-70.2268,49.2032,-70.9165,146.007,48.2552,-73.4261,-55.4261,60.5691,69.6973,90.6731,134.549,
		node -25.9646,138.571,-25.0386,4.8637,-14.3921,-92.2052,-35.4439,15.8397,89.7474,68.5264,54.0054,42.6983,4.04479,108.527,54.4225,-5.79963,5.47968,-165.853,-44.3464,128.873,-56.1649,-145.889,12.1788,-57.5875,-49.4687,-17.4246,
		node -52.9467,75.7771,-41.9644,-94.8398,-46.0205,68.6436,75.7102,-66.7391,-17.3419,-17.3438,-32.0694,23.0548,-64.9254,142.866,45.6827,50.5776,31.174,42.1138,117.866,-119.417,59.3139,-19.52,-146.502,120.295,-24.5647,-6.82081,
		node -83.6776,-49.3111,-40.6056,-32.2717,0.574208,-21.0231,206.881,-78.5323,36.2485,44.7774,133.322,23.3637,3.35977,33.8167,-176.404,-38.7526,37.1429,-187.533,-31.5126,-44.1977,112.687,12.4784,38.6938,31.174,76.674,-62.1622,
	layer
		node 105.96,-175.185,159.061,62.9254,72.4347,0.652289,
endPlayer
