// Player98
stat 8
	layer
		node -76.1169,14.3791,30.5944,-20.171,-3.45285,22.2818,-18.3167,13.7415,37.7773,-41.2395,28.3484,15.2381,38.26,38.4014,-29.8946,16.9742,14.4846,29.7994,-34.0049,-29.8089,22.9798,8.52933,-8.96452,48.3555,50.4466,19.2173,
		node -58.8163,4.70408,-24.4645,-48.9776,-2.11561,37.4539,20.2381,10.348,52.269,42.3279,19.5561,-9.55575,62.6745,-4.06392,27.2769,14.5607,60.2776,42.5442,-37.5123,6.17224,-11.1418,6.89077,20.8199,36.745,-13.2934,-60.6183,
		node -43.2476,-10.3829,14.4331,12.1011,17.1759,-15.4812,26.9465,29.8619,-23.8398,24.4958,-13.0487,-29.2908,-36.7245,4.92781,-23.9413,15.9264,4.50829,3.80424,19.0396,23.8141,-4.87751,5.58443,25.5305,-11.7867,-50.5946,60.7154,
		node -38.9767,17.0793,-4.37177,62.5495,-8.08248,-3.4417,18.2299,35.5585,-69.8421,-0.574739,-19.5701,22.7177,-29.2479,53.2102,-42.0535,-5.53575,-40.198,4.57411,23.278,-19.8276,15.9782,13.5297,75.7768,-3.92265,21.6939,-2.68622,
		node -30.5767,-29.3706,-0.72691,32.3564,2.12648,-24.0794,7.7062,14.9744,-12.6144,-36.3355,7.57578,12.2995,-10.2523,65.0656,29.0899,44.1072,-4.42279,-21.5353,-52.9477,-0.0383992,1.80562,-7.70663,15.1699,4.88688,15.947,13.3721,
	layer
		node 13.4989,-46.7097,11.6019,-50.7069,-29.9805,-16.3054,
endPlayer
