// Player57
stat 7
	layer
		node 13.1344,58.8899,-41.0744,-16.9545,-56.982,-37.83,16.1351,16.7749,29.0769,-33.9038,-51.1038,-10.3194,40.9934,-12.8374,27.1817,-17.5816,24.9501,-27.7719,18.2068,-12.2097,0.135406,24.8848,-46.75,54.6267,-44.0759,24.4732,
		node -16.829,8.91615,41.5448,-18.7491,-15.0503,45.0153,18.612,0.265215,-4.67125,48.4158,-6.16655,-31.1252,6.94144,-0.91768,-18.1401,19.0002,29.9055,-23.6226,-35.3653,7.10116,-7.70767,-3.27711,9.79422,-23.8793,28.9101,2.09883,
		node 0.782868,5.08052,-15.3745,45.2384,8.37827,-5.31134,1.97463,-0.174744,30.4366,-42.9151,19.3542,30.4556,-12.8846,47.1093,-28.7943,-5.84896,30.171,8.6653,-21.5884,-7.6539,9.66083,6.08923,21.7167,-0.842102,-20.104,11.5895,
		node -44.5422,18.6899,38.7069,38.8036,-1.25499,-3.11876,-9.93385,-42.1685,-45.7545,-7.75901,-43.9003,31.879,-7.98327,-40.9849,29.9372,-33.7177,-6.42697,13.2071,-27.6224,-25.5532,1.43901,5.08812,-25.6426,0.402152,6.12792,32.0344,
		node -12.6572,7.8485,35.3176,18.4314,-64.0553,-15.464,-32.4499,-34.7715,14.2822,-6.7285,-58.8675,-16.9677,-3.77235,19.2563,32.616,-6.3239,-7.03419,-19.9378,26.6212,-17.6223,9.66165,-23.5388,3.29451,29.538,-96.5191,-5.18477,
	layer
		node -9.46488,10.2567,-14.4276,-9.42796,-19.8433,-10.0353,
endPlayer
