// Player60
stat 7
	layer
		node -97.6503,-82.0914,-92.0556,-0.840649,57.3541,23.684,-4.09984,62.3591,6.36297,11.3509,-122.921,-25.1623,118.401,44.5495,-100.727,-83.2832,65.3338,86.2705,-20.5967,-109.199,76.2165,-46.2276,63.2121,-108.977,-43.7079,-25.5519,
		node -19.711,-107.204,50.8352,-69.225,1.14384,-82.2837,-85.6376,12.8284,-177.257,-74.1204,-46.6718,-4.28383,-9.85675,8.67099,-41.8641,86.0744,-96.5663,45.0776,65.0084,-19.1304,6.91707,74.9783,-111.643,-110.628,-11.5567,55.957,
		node 21.8914,30.7888,85.8373,-9.21067,-62.5048,-74.8131,-98.9657,20.5959,-85.9841,-42.7021,-93.7917,88.589,30.245,48.0565,-23.5714,-56.5362,19.0758,-5.63169,-71.5636,-92.2474,-59.911,-85.8921,36.2302,-70.1879,-67.6559,-48.4319,
		node -11.3675,-112.453,-172.361,-84.8686,-21.6106,-50.7392,-8.033,-55.2187,-2.46242,-50.3161,-111.793,85.7481,-32.642,15.4288,-72.4698,37.1232,15.6678,-32.9995,-9.89298,-87.3409,-92.2656,65.258,29.8608,26.7611,-92.274,25.4513,
		node 61.5668,-61.3696,82.0391,-3.15519,17.6372,-24.3574,-82.9405,19.3755,18.0882,5.52366,-40.5646,-14.8179,-89.3257,-28.1002,6.98311,80.5686,-9.05552,-1.17673,33.0021,69.8777,-60.3411,-37.0166,-94.7903,-29.6556,-63.8518,67.8168,
	layer
		node -27.7862,75.5156,127.623,26.7255,-37.9685,-18.9493,
endPlayer
