// Player47
stat 5
	layer
		node 32.0612,-61.2335,75.0387,194.335,69.7758,68.0616,107.777,14.202,30.8986,-42.305,162.813,186.813,103.382,81.8022,102.236,61.7003,115.908,167.694,68.0709,-43.6609,120.909,72.6063,24.8241,-64.8384,24.2625,5.13899,
		node 67.9616,-22.6914,135.997,187.188,-135.321,-104.79,246.809,80.3564,120.266,137.997,52.9262,30.1984,7.43918,52.7334,-90.2031,10.2303,274.341,74.0312,0.309269,28.2567,121.132,105.181,-8.1331,125.831,182.247,62.9452,
		node 6.00233,-47.8362,1.40502,-3.619,118.171,34.722,109.764,61.1542,63.4456,154.839,184.892,72.6798,99.8097,191.339,144.316,66.7929,-17.9057,192.415,174.93,87.0162,188.085,98.6463,-2.1418,141.202,53.0697,-42.0773,
		node 20.5722,210.83,49.469,93.8615,5.72606,137.465,161.527,-50.6862,50.3617,191.627,29.1671,20.7086,67.6247,114.472,29.6043,3.94983,52.4687,71.3351,12.5225,-45.8527,158.558,110.054,87.7885,88.4444,29.3934,-61.1786,
		node 31.8381,112.415,99.5523,65.4183,-15.9714,87.3032,114.951,6.63341,5.98187,19.2274,85.0734,155.442,129.403,-42.5778,289.738,-45.7106,78.4679,-33.2714,138.713,100.656,211.815,9.41928,26.7859,57.4672,170.226,1.21603,
	layer
		node -13.0899,98.1734,-59.3707,109.16,170.128,17.0109,
endPlayer
