// Player37
stat 6
	layer
		node -46.9988,-49.1936,19.2873,157.336,142.768,129.768,-87.3942,133.214,-118.361,-14.9916,134.687,142.727,99.1178,-44.8785,33.2691,139.581,27.2587,195.403,73.6207,191.729,101.069,7.9136,150.356,-57.8796,-26.7878,-47.0762,
		node 175.248,105.96,-11.2501,-49.0917,-83.0645,-49.1314,293.574,177.013,-27.6981,98.9456,254.737,-143.688,135.116,146.065,192.786,-74.0511,-79.4001,137.937,16.1215,88.9235,115.198,-32.3401,-77.8492,-16.4805,77.7238,-113.474,
		node -79.3795,177.847,-87.8196,170.769,107.927,-47.6775,266.91,117.332,160.827,115.307,-52.8241,117.192,156.418,20.7764,-71.4318,236.163,-49.4126,91.1111,-38.3774,-83.8918,210.865,150.586,187.911,-20.9845,257.045,81.7204,
		node -95.812,-43.8344,142.431,117.178,-46.1788,121.421,114.781,144.858,240.846,305.168,255.766,-88.264,172.313,-23.4834,106.533,169.649,95.6312,250.62,-94.1404,-32.7227,262.602,137.935,102.44,148.827,-65.8031,57.7831,
		node -69.652,-62.8579,247.683,-22.5165,95.9595,32.0232,-92.3447,240.729,179.224,142.15,188.136,119.948,-60.3666,-20.8225,-58.4017,-41.6756,-33.0388,204.345,272.361,135.571,70.5364,-71.6187,127.051,131.596,77.3498,138.204,
	layer
		node 134.545,90.4849,-142.182,80.9704,-81.9883,136.074,
endPlayer
