// Player0
stat 7
	layer
		node -85.6919,-203.708,-218.596,-141.48,-7.66326,-58.7183,-21.8801,-28.3445,16.6049,-38.5149,-12.7623,-51.2201,-144.511,24.9254,-5.44136,-23.8385,62.1357,-91.4726,70.1546,-25.4036,-92.3721,-40.8804,-1.26501,-41.4111,-126.881,-141.978,
		node -10.8625,-16.5106,-42.8982,-50.8026,-37.9151,-47.6112,12.2039,64.8717,-8.64806,40.4323,-44.0697,-42.6681,-55.3113,-143.455,-11.108,133.594,-23.988,-88.3739,145.965,-11.2178,-75.6561,49.2114,-16.531,-27.6909,142.77,11.5818,
		node 7.78117,-27.1903,44.0325,24.2359,-33.6991,-82.9027,-26.1165,-20.7636,-9.88629,-21.2038,37.4361,-20.3392,67.1332,-120.342,-79.1598,-174.039,-66.1638,-18.9237,-44.8818,63.9033,-47.2594,-53.8717,-53.9641,-58.6137,-148.019,8.1881,
		node 96.142,-21.9985,65.2484,63.702,51.8793,66.0973,-59.8199,86.3689,-12.1434,-184.776,-38.8304,-209.06,56.415,-64.2211,-104.128,62.3944,35.9372,-94.6495,-15.1838,-62.041,49.1962,31.2202,76.3167,-33.4523,-86.7791,7.25011,
		node -34.4526,-20.7601,-148.709,54.3654,6.41923,-38.5218,78.0856,-7.7007,50.4295,-53.9658,-52.0609,-37.9411,-136.48,-161.878,-10.7722,-35.7451,72.3199,36.3073,19.9235,-19.307,-75.2336,-207.184,-39.7739,-145.271,-91.9429,58.884,
		node -2.849,-54.3217,-184.831,-88.956,-36.8852,-84.4246,-97.8475,-10.2028,54.7453,-59.4087,5.64042,-11.5636,-36.5169,61.6215,-99.967,-62.5739,-4.55851,-83.3743,46.1749,31.4002,-142.913,10.5573,32.359,2.62555,78.2999,70.5441,
		node -16.3302,-56.8277,77.3135,-1.50353,-150.209,-65.7129,-20.4952,40.8808,-107.01,75.3361,9.87123,13.9958,-67.5535,66.0083,-76.8051,-12.2987,39.947,-17.3212,-55.8049,35.4629,-4.05421,-34.2054,-12.5442,-127.801,-17.9771,-77.2994,
		node 5.60384,-139.899,41.4638,-101.932,4.44779,-97.2394,-2.85592,67.5421,70.8284,133.211,98.1398,35.5154,170.733,-97.5699,-44.5236,-159.429,-4.88859,-88.9633,-51.9234,-24.3594,48.1178,89.6722,-44.3005,-87.7348,123.095,64.0652,
		node -83.9122,-62.48,11.0351,-11.8868,-185.147,-12.111,-99.0848,-100.279,57.3677,43.2643,-106.975,70.3223,56.4573,27.4979,-8.79443,-3.44269,79.2322,141.225,35.6453,30.2252,-68.3151,15.2093,64.2546,39.4406,-0.17185,-52.5332,
		node 17.2513,39.5049,-19.1205,-9.35298,28.8747,66.0695,20.3086,12.8857,11.5984,88.8134,47.2318,16.2548,-115.272,8.26109,-60.1383,38.9629,-48.4376,-15.448,12.288,-4.97408,5.27542,-134.512,72.5752,-175.704,62.7954,-67.4501,
	layer
		node 70.5639,-3.39347,-35.2583,27.3535,-5.71572,36.029,-24.9694,23.8813,-0.530825,114.723,-207.504,
		node 68.6127,-21.1885,22.2636,-51.6328,-33.0494,-37.4629,15.6804,-15.0018,-53.8151,131.163,-211.277,
		node 150.706,-72.2721,-42.1715,35.6977,-19.9834,-12.9313,-50.5912,37.9805,144.813,72.7697,69.6987,
		node -32.4001,70.1603,-23.2781,7.00501,85.1483,52.7603,-24.8107,57.5315,-21.3464,59.7669,-41.265,
		node 6.6121,-167.302,-9.37698,0.536297,-89.2621,-53.2311,-66.6795,-16.4968,16.4616,-6.26974,-84.794,
	layer
		node 46.9778,-23.9531,80.9125,-35.7102,-59.027,-156.533,
endPlayer
