// Player60
stat 10
	layer
		node 191.886,26.2754,153.067,215.422,-74.1132,84.8841,116.502,280.954,-78.6008,297.797,292.224,123.391,45.9328,126.874,9.89177,264.666,152.037,-87.7983,154.37,11.7849,56.5532,192.464,241.37,123.168,144.285,246.424,
		node 163.256,-77.155,-37.8684,-45.6907,156.489,206.149,175.884,157.354,110.88,138.663,257.564,276.297,-6.30869,217.975,77.0848,157.764,66.8434,56.2837,229.775,170.965,-135.292,127.144,80.5021,39.6301,61.5126,208.27,
		node 159.365,25.6416,140.169,-97.86,256.124,237.891,219.698,161.834,137.097,-52.1098,174.209,135.782,147.626,139.724,119.574,-114.195,148.109,119.252,-109.513,213.669,51.0186,227.54,244.4,130.43,136.985,140.566,
		node -87.377,-20.1762,136.296,130.253,89.4459,76.3748,-105.152,120.139,129.646,205.659,214.365,226.672,93.8138,-21.4196,80.313,150.729,83.7598,317.348,-93.8894,111.756,-115.226,213.464,-36.3222,105.792,94.8595,211.788,
		node 32.2792,-34.7416,152.525,-126.656,221.516,196.495,-48.2923,-49.5806,31.5311,137.599,182.652,64.8625,283.922,160.727,32.1492,-63.7472,159.734,109.557,140.331,235.783,-102.812,223.534,167.747,149.846,186.034,184.885,
	layer
		node 182.758,238.91,66.3122,246.755,200.691,119.441,
endPlayer
