// Player62
stat 6
	layer
		node 182.951,204.264,140.588,104.689,158.021,88.0024,120.402,182.091,253.02,112.734,0.498788,36.4088,-116.888,125.677,55.8955,105.044,151.212,141.012,149.752,-61.2123,41.743,141.787,236.833,124.452,195.032,251.414,
		node 60.8518,227.695,-46.0185,-17.5375,156.538,154.907,175.315,-123.497,110.276,145.632,268.391,150.232,162.335,215.627,74.6918,-124.795,90.2468,-72.7434,106.03,92.1525,112.106,66.9329,87.9422,70.256,138.624,-7.636,
		node 194.531,18.5177,140.904,149.287,141.154,238.006,-121.045,170.007,289.167,107.739,174.187,-86.1663,7.14935,142.249,118.94,52.1036,144.99,127.147,-112.022,196.775,-53.8425,29.5819,-103.903,140.395,147.186,137.078,
		node 151.263,-22.8632,139.239,132.265,139.033,80.3363,289.13,-21.8072,136.228,155.12,220.061,204.76,124.572,125.261,76.8189,136.839,82.9734,321.551,-92.4489,203.764,142.986,158.621,190.074,124.665,108.022,51.3566,
		node 27.2751,-26.8597,188.888,-110.842,-117.568,194.6,-55.9638,156.238,25.0137,99.4107,159.783,197.307,-14.7497,161.898,-114.872,124.986,285.344,124.315,142.886,-96.014,-100.607,277.743,169.238,-88.5727,180.465,135.299,
	layer
		node 110.093,125.028,-92.9733,50.6145,72.3565,122.861,
endPlayer
