// Player10
stat 8
	layer
		node 166.097,33.8169,28.147,119.724,-73.4325,93.4782,121.485,173.965,-113.989,113.523,173.594,38.4881,246.721,-58.0457,146.1,260.243,288.235,-17.2759,147.132,-57.7727,162.112,197.581,234.605,103.969,145.419,-118.956,
		node 58.5267,216.269,-64.5452,-43.2302,11.7447,152.253,158.614,168.914,123.728,-105.711,273.539,276.716,159.582,98.9555,71.8492,-124.794,180.865,-107.482,263.029,229.658,113.165,133.811,232.344,64.4635,182.999,5.83005,
		node 307.567,18.0361,172.798,142.188,138.089,177.837,280.478,227.42,92.5834,242.673,128.805,155.684,92.5581,153.135,-116.315,138.415,237.277,128.192,222.749,91.6997,-135.384,20.8814,117.419,264.34,59.8214,63.898,
		node 140.173,-112.766,150.666,157.439,118.679,285.755,-104.974,-28.6605,130.256,104.811,120.799,218.332,49.6351,130.622,-123.185,138.488,202.842,231.065,161.476,245.879,98.9887,140.146,268.201,-159.57,111.213,206.04,
		node -91.8712,-52.5283,197.834,-126.768,29.129,-34.242,-125.059,110.078,41.4388,-42.1304,-57.9234,-93.4647,127.43,220.979,-106.809,120.604,151.096,110.885,-98.4303,163.29,199.083,162.224,-71.4355,46.5662,144.577,137.519,
	layer
		node -124.028,43.9652,133.181,49.755,140.067,172.136,
endPlayer
