// Player32
stat 4
	layer
		node -8.39662,-48.7693,-39.9122,35.0299,9.91815,-38.103,-28.0537,59.9057,118.699,-89.7962,-61.8432,-26.4297,34.2848,-49.5868,-25.7221,31.8254,-50.0894,69.2956,11.4431,-66.8705,79.0847,-71.2924,7.21776,54.6082,-27.262,-21.5131,
		node 28.4033,60.4703,128.935,-52.4196,44.1184,8.27571,1.32174,44.2694,32.1223,-47.342,14.7617,-32.0289,13.2916,-64.5715,31.9327,-33.652,25.8261,-26.2653,72.2299,-9.16043,-0.559621,10.1321,-23.8183,21.0897,-23.279,75.5665,
		node -76.8244,56.2626,9.34405,-12.3154,3.29448,-45.8099,51.0752,-73.1929,46.2883,-69.2095,20.6488,80.243,-27.9686,-34.4347,-30.3132,-22.889,-70.4238,28.6955,26.1478,-6.89282,30.4198,-53.2887,20.3461,48.2555,0.266013,125.18,
		node -33.9326,16.3319,116.26,-27.7837,-47.3242,3.38209,37.1816,74.9958,81.8081,-98.6801,-21.0353,-4.9269,25.7722,45.7945,59.4112,61.8429,35.0416,-22.9264,67.2339,76.8632,37.2473,13.8756,28.0341,-50.7119,4.01559,14.6454,
		node -34.7238,-80.6415,62.4333,-59.42,-81.588,-90.4944,22.4609,-82.1254,-5.19097,53.7565,10.36,1.82315,40.9204,82.5836,-36.9092,20.4369,66.2275,35.5146,-58.6698,-29.5622,-43.2706,23.588,-23.8912,-53.1747,60.8533,5.65241,
	layer
		node 27.1959,-28.7579,62.0684,-33.562,132.062,13.8848,
endPlayer
