// Player24
stat 8
	layer
		node -51.7228,-40.5678,-74.4737,99.3486,-33.4437,143.848,-50.6023,73.4154,-149.837,-43.3169,-61.7749,-72.7342,37.9869,-109.82,-11.9858,-118.043,-17.4471,-89.2453,-121.783,-147.461,-133.341,-89.5835,-20.7084,-41.5609,83.0049,-35.7737,
		node -60.5966,-1.74074,-22.5012,-30.524,98.1184,17.2104,-101.37,-94.7444,-39.9311,-87.7342,-27.3574,-129.745,-16.8327,-139.061,60.9382,47.1309,50.3917,-25.7022,-11.4562,3.00392,-91.6549,-57.4155,-103.269,-46.5599,-35.2809,25.1754,
		node -90.0561,56.6373,-48.2376,0.627733,50.1681,-51.4142,-37.4864,-12.4891,49.124,-79.6906,-90.8059,-93.3704,-86.245,106.013,-9.78144,-41.8629,-52.1114,-19.9962,65.3997,-135.767,2.78922,-31.8386,-156.091,-77.7017,85.7583,-29.6369,
		node 113.896,-121.432,-7.00527,124.982,-6.06042,71.7261,-91.5832,147.402,-145.669,-30.9041,46.1321,-14.9417,24.4839,30.2342,-78.3035,-2.39211,99.4838,104.977,34.8134,53.952,-33.6046,-22.1819,-30.1421,-129.251,-127.019,-68.6146,
		node -94.8982,49.4156,-0.307158,93.5391,-89.6345,-102.955,-98.8386,-67.3663,74.8739,35.4753,-32.5102,-47.2462,-27.3756,99.6496,120.476,-113.433,136.481,-51.9708,-111.017,48.3303,83.8371,-39.1593,-144.358,-125.3,-122.45,-131.065,
	layer
		node -39.2098,-104.75,-125.515,-126.1,5.27549,-95.1496,
endPlayer
