// Player28
stat 3
	layer
		node -50.9444,-76.1085,-59.0192,-106.737,-138.725,-11.2115,62.2895,-26.4317,-87.3043,-45.5183,-124.713,-59.9509,-82.2081,-37.4145,5.50142,-41.2073,26.0861,-31.6251,-94.305,-44.9167,123.3,55.8503,-16.903,68.6279,-130.762,-30.3865,
		node -62.3254,-23.44,-90.7769,-66.9389,-30.5949,15.9967,-54.1953,-115.491,-29.6173,30.4527,-35.6444,-110.949,117.263,-87.8387,-33.675,25.2026,57.0716,-31.6989,-153.176,-11.7912,-96.4888,-54.5253,-30.7547,-34.1581,-75.9609,85.6171,
		node -29.6683,66.194,-55.3691,-123.356,42.6326,-45.691,11.9587,43.0881,-36.47,94.8648,-94.0612,-131.51,96.7839,-48.0934,-78.4386,-39.1056,-47.5239,-139.231,70.7989,63.2686,17.9455,-104.2,134.698,42.1534,-30.2582,-87.9846,
		node -93.3242,-112.235,-74.0982,133.018,-52.9012,-46.0752,-80.0312,-45.5749,-19.4527,29.8354,-117.059,-128.419,-92.1142,34.0127,16.4492,-132.131,-114.465,-51.2663,-37.9357,63.9815,-44.0285,-21.3495,-22.2637,17.2498,-115.957,-40.5376,
		node 149.331,42.1144,-125.088,96.3441,-85.6329,-144.77,-95.3646,18.9963,76.405,17.9785,-11.6269,-125.048,-103.012,86.9434,-96.5779,-43.609,132.942,-75.1901,-29.0663,-145.063,-93.5994,-36.9751,-135.792,39.4143,-127.46,67.1769,
	layer
		node -23.4113,94.7293,-162.607,-55.0373,-131.619,-21.0148,
endPlayer
