// Player5
stat 7
	layer
		node -174.662,-109.269,-77.8541,-163.864,312.055,-227.441,-83.9549,28.6989,237.072,175.971,114.264,59.9799,158.84,-138.361,-104.435,278.688,135.757,249.283,277.505,110.744,257.183,171.288,-205.479,-167.258,-85.2722,-217.328,
		node -113.677,261.321,116.386,369.469,-208.658,-130.731,177.737,31.9344,-225.039,56.7981,-130.844,196.902,294.11,-89.9775,116.087,167.928,98.7695,37.9001,228.473,50.0639,82.7575,-125.222,-263.783,-173.748,272.238,-161.266,
		node -207.937,181.147,60.7261,152.03,235.454,161.45,111.968,277.071,310.445,-70.3807,-211.016,189.524,-85.9575,-3.02572,11.7635,75.3607,-79.4982,-54.2884,53.9341,-166.75,-128.691,296.258,268.429,75.0994,174.917,-22.6779,
		node -97.5635,-71.4554,238.75,-58.9677,241.46,285.754,226.428,58.8413,-56.7436,-180.492,-201.961,-87.3599,-9.77967,-85.2482,300.534,-287.87,55.1758,78.8226,-108.112,-222.223,354.619,259.694,-62.1603,32.0066,91.3924,179.935,
		node 54.2288,101.557,63.3995,-202.145,199.208,191.322,99.9867,229.072,-67.8459,-260.662,184.049,-184.658,-1.97126,-29.4507,260.274,-97.1189,173.703,-140.471,-100.389,-65.6516,204.785,-29.198,40.4187,-127.695,281.38,-159.507,
	layer
		node -140.198,-219.465,-44.4243,-36.8952,-208.095,-46.7519,
endPlayer
