// Player83
stat 6
	layer
		node -1.37395,38.6111,-20.724,1.49947,-52.9186,-13.9859,-25.3908,42.5977,-3.27504,-94.9505,7.24991,-54.2169,-91.9143,-73.4709,-31.299,28.4677,-0.323973,55.3335,28.4364,-17.3106,20.1423,-88.3005,-6.45773,-14.1067,-37.008,33.5313,
		node -13.7338,-37.1316,21.5503,-74.5692,-3.34954,-25.9183,-39.8213,-57.1728,-58.6944,1.02869,-86.5981,13.1325,0.731568,5.01921,-39.2769,137.985,-9.58314,36.1836,-2.1282,-56.2456,51.0114,41.4271,-9.5792,15.9824,22.8709,67.5727,
		node 11.0996,22.0663,-12.3768,-87.2833,-19.8248,-79.834,0.830319,-57.8967,7.30071,39.9719,7.13888,2.10799,-44.9121,-96.4681,32.4206,-33.6918,-47.7425,43.8373,14.0705,-22.663,-46.6531,53.4555,3.35574,-57.6392,4.29513,12.7913,
		node -22.8298,-34.4199,-95.7493,-100.877,-18.3143,39.2426,-103.968,-64.4235,-16.109,-17.6601,-10.9349,48.4645,36.3594,54.3676,15.9907,39.5307,-49.4386,10.5432,5.56776,-40.0152,-10.7814,19.0408,-5.18679,73.455,-7.93001,-27.8064,
		node -7.09668,3.63931,-19.8386,-40.526,-12.4769,-15.684,3.97329,-12.9533,22.9537,-58.1818,-15.5051,8.98064,-0.849439,86.6798,-6.31782,42.2062,2.40327,-131.423,63.5688,-119.044,-44.8228,24.4391,-95.3109,18.8933,6.86396,-103.527,
	layer
		node 23.6668,0.423492,-29.0182,44.4169,-92.6841,-0.372478,
endPlayer
