// Player37
stat 7
	layer
		node 2.25538,10.1507,24.0243,8.64804,-51.2976,155.244,-29.0168,21.6356,-89.4339,-41.1954,14.021,1.74539,-99.0184,46.7902,192.854,57.0738,24.7769,47.8569,37.9873,-59.6135,7.20152,40.4755,-110.93,-64.2488,-70.9759,203.742,
		node 8.1319,-55.2844,22.2322,70.1379,-46.875,42.8594,4.57315,-127.739,-34.2238,-13.7992,-10.6757,24.761,-29.8074,-1.4144,-133.426,144.37,-73.9919,23.261,-5.36087,-54.1497,16.6474,-67.6538,10.8462,4.77494,49.9832,50.6812,
		node -59.5462,26.3465,-50.3202,16.3121,0.123082,-62.6314,-45.1827,-16.8453,17.7011,44.071,-21.7761,-70.4382,-2.50205,-99.3914,2.23436,20.6119,37.9606,-0.876933,7.92187,59.2934,-43.3371,41.9786,6.36854,-57.1757,-2.62338,-53.218,
		node 77.5272,-95.2428,-96.5015,-39.1053,78.192,-12.7229,-94.3318,-47.4669,-21.041,-9.07545,25.7194,-17.935,-58.4959,-54.648,-85.354,-49.2947,-37.6297,6.47403,-47.8393,-38.5702,-87.367,-52.6984,10.5169,-82.1589,17.9506,17.2147,
		node -25.1414,25.5613,-14.0906,-108.928,11.0194,-123.792,-67.2904,32.6099,20.902,-28.8328,-31.2847,12.8655,12.6441,-0.126648,-7.87366,44.1951,-14.334,-22.9925,39.7977,-66.9889,192.88,7.98573,-18.2885,26.3868,66.9967,-2.33426,
	layer
		node -42.5675,35.1164,-27.7708,-25.7089,10.7975,5.23104,
endPlayer
