// Player13
stat 5
	layer
		node 19.3731,43.2011,20.5732,-33.5401,-62.5668,-17.5184,-33.096,28.1629,9.82988,-104.384,17.9127,-77.0448,8.34507,-30.2938,0.725281,11.1466,23.2844,51.6266,3.74515,-12.3327,-34.1616,-82.539,0.597638,-14.4144,-37.7313,-3.75472,
		node -10.7988,1.60039,16.0741,-6.04703,1.455,45.821,55.0808,11.4665,19.6379,-14.7775,-73.5162,18.4261,143.057,96.8539,-115.169,14.23,-58.8861,47.1861,8.82162,-60.2347,-33.6688,-56.1224,-38.2881,12.2021,28.3437,1.62323,
		node -3.04772,-118.339,-21.8373,-33.9136,11.6946,187.864,37.6351,1.17765,37.6023,21.9871,13.4257,7.02913,-45.8606,-78.7114,145.144,1.93704,1.04422,-10.0225,19.9685,77.6538,-36.7512,1.92553,25.2964,-10.9637,-103.545,12.1041,
		node -27.4212,-36.7718,13.9855,5.42634,-19.7807,50.5043,-87.8958,-33.3826,-96.6236,-43.4068,7.62494,-34.2636,-62.7281,-31.1626,-0.224648,-34.9411,-33.044,-81.8205,-47.34,14.7802,-88.3675,-40.8695,-4.80563,40.4003,29.5907,-3.14909,
		node -8.63226,-78.6358,25.8852,-29.1079,10.3335,-50.9412,-79.0071,-84.7054,-109.974,17.2563,2.81143,19.7241,8.45758,84.5912,-21.4432,38.6359,-70.7203,-19.5666,52.2771,6.10967,184.884,78.932,3.89649,18.7107,-0.368279,-41.7468,
	layer
		node -13.671,38.9005,-92.4163,-38.2178,-44.7766,-89.6232,
endPlayer
