// Player69
stat 9
	layer
		node 1.93394,-37.9273,11.126,-17.7044,-53.2895,21.2931,-42.5201,35.6707,-91.8819,0.250316,66.1464,-92.5053,-104.552,-23.941,32.4451,7.99292,-59.4763,58.5405,-31.3434,33.6362,35.0998,-89.1524,27.6526,-72.666,-69.677,206.838,
		node -14.4144,1.80271,10.0897,3.14117,-5.37632,30.929,61.2825,-2.00482,-23.9498,-104.557,-69.2906,11.6696,-27.8804,-1.29174,5.15695,122.279,71.1482,44.019,1.28292,-58.9968,53.2613,18.7446,20.4852,3.52444,23.8499,70.393,
		node 18.7911,-116.346,26.3694,-66.0437,15.2478,24.9701,-30.7181,-96.3533,-0.468982,52.579,-44.8235,62.5341,-46.8693,-84.9596,75.7562,-145.942,89.4774,-24.2658,45.8869,66.6271,-36.2452,-6.70475,9.41756,-46.3549,-5.18847,-9.91854,
		node -90.3606,-34.3589,47.7921,-44.4609,-23.5216,55.2091,-63.5678,-47.6689,14.0172,41.249,42.2237,18.1025,-75.3017,18.8158,12.8391,26.9375,-78.2613,2.267,-49.0395,-8.92438,-9.33736,-39.3684,9.95768,-5.63973,139.293,5.34274,
		node -26.7875,27.2401,-97.6693,-35.1896,161.511,-6.95488,-35.6541,25.2195,-79.9834,-58.1509,-32.4915,16.045,-101.406,49.5961,70.5692,-49.0239,4.12853,-16.0636,15.4182,76.9216,-79.7957,20.4543,-96.2373,-64.7967,9.97293,-39.3697,
	layer
		node 20.899,-17.0678,58.1724,-23.0853,60.1172,24.35,
endPlayer
