// Player37
stat 6
	layer
		node -16.7658,29.9252,6.23245,-19.5385,-60.5043,-39.6562,28.7989,30.4586,56.2685,17.5751,-33.7809,-32.073,-7.76396,13.9447,-21.524,19.0054,30.1419,15.9476,-6.91872,34.9621,-11.934,29.6488,9.69723,1.35371,12.1126,17.3766,
		node 22.3765,-28.5196,-48.0005,-42.6459,4.48065,6.07293,34.1952,21.3225,4.4651,46.4544,-2.12377,44.8057,-21.2236,21.0358,-21.3477,9.81339,-33.3871,-59.4758,-41.1998,-68.7238,-58.6209,39.9659,13.3681,13.5674,6.85056,-41.4633,
		node -12.4681,34.5445,-16.8444,19.9911,15.7235,3.81969,-21.4291,-9.05159,62.6112,30.1172,-17.3284,-28.6912,17.8984,-26.5499,22.648,8.34867,-27.6648,-16.8188,24.1137,41.1814,13.9183,0.648212,-46.1359,-20.4318,3.15219,-35.3887,
		node 5.52935,65.1875,-32.2517,-6.50043,46.5375,34.0474,22.6067,-28.6042,24.9464,22.8566,-6.28771,-35.2248,46.2418,9.91506,29.4638,2.34591,11.8678,-18.5732,38.3633,28.8869,29.7468,12.4572,-0.036644,13.7239,44.542,-33.7008,
		node 93.631,-11.808,-0.371068,23.1384,-25.7636,23.4264,50.3251,14.2656,26.8565,-19.1238,43.9251,7.23199,-9.20279,20.7054,31.5536,96.2981,18.3588,21.017,-22.6016,-46.6497,73.1423,-14.9803,10.5348,-53.2691,-0.99117,1.4769,
	layer
		node -3.91699,22.6615,26.9398,-33.4802,-29.1943,74.1815,
endPlayer
