// Player19
stat 4
	layer
		node -26.1914,-16.4551,-20.0738,-20.0187,82.3535,47.7342,50.9725,31.728,60.5044,17.3124,-29.2108,-21.0189,-10.3774,-4.41781,-14.4183,-53.5201,-7.81622,2.03366,29.0233,35.6681,33.5526,19.4506,17.2386,6.75283,12.8433,6.98703,
		node -10.7609,1.83616,-0.799535,-3.08322,21.0037,5.90648,46.0707,2.59667,11.6642,-25.8823,32.9105,37.6629,-32.1294,16.3909,18.4215,35.2813,-37.7293,29.3884,-9.37711,59.902,9.67583,43.5897,-14.0921,14.6479,-55.2529,17.7378,
		node -11.7767,33.0452,14.1211,35.5358,4.54376,8.7553,1.80249,-5.73558,11.9502,-32.7436,13.0708,20.8638,-61.1439,-24.909,50.0425,23.8274,17.5295,-19.9534,9.01419,30.8858,-72.5234,-12.2958,-46.2789,-14.1592,7.29254,-51.2856,
		node 14.2298,-31.2379,21.4317,-14.9547,39.131,34.6392,17.0537,-33.4471,25.4216,19.406,-5.13463,0.903587,44.1287,-27.1582,29.0095,71.5258,4.87868,-1.2908,38.7221,19.3424,-45.9789,-55.0073,0.167867,17.8426,2.40541,-13.5222,
		node -9.48568,13.0456,-24.689,2.15198,-14.8576,10.5226,-26.3953,-11.8602,10.4096,-23.6375,43.1532,14.0599,30.335,19.3664,39.6391,107.678,6.20639,44.9793,-46.3884,-39.7818,75.207,-20.3547,15.2726,-31.4564,-6.616,-6.79751,
	layer
		node -52.2551,-13.1776,-34.3526,19.4475,8.5452,0.505251,
endPlayer
