// Player21
stat 5
	layer
		node 6.63572,-79.7106,-8.36297,137.036,-38.9753,133.834,-48.7061,31.2922,50.2072,102.761,-14.9791,-38.1117,68.5771,5.89396,13.6873,24.1766,53.0376,83.421,-37.6722,-40.3983,67.1688,57.5739,119.897,-82.6904,110.284,-98.3256,
		node 11.3137,-37.6937,34.5583,-105.77,39.5506,8.71265,-143.175,-62.2557,-43.9288,99.7197,-23.5018,-42.157,-84.5999,108.719,30.8539,-75.7229,84.047,-14.897,100.456,15.6044,52.0377,-61.014,31.4573,-22.2565,-53.8046,-5.65087,
		node -10.4896,94.3655,79.4549,-54.945,-21.9909,59.5973,23.3215,98.4337,14.6735,-36.9245,-62.1795,-21.3512,97.0986,31.1353,49.5092,-37.1388,-4.54746,-28.3779,16.3418,111.059,26.8029,42.2722,-6.51108,-21.4415,9.78234,-77.1365,
		node 57.7808,16.4781,70.7359,-119.171,-14.2756,9.60408,-85.5109,-19.9127,-20.7683,-1.88553,-18.7962,-41.352,-66.2152,3.01871,-32.4007,67.925,5.56534,-66.9401,0.346157,92.9794,-14.4828,-4.50408,-25.7213,-37.4321,83.515,-41.6822,
		node 74.7143,-12.8139,123.455,50.4567,85.7273,-1.83444,36.8648,66.2083,54.0202,-61.129,-14.5531,128.072,-66.1923,-12.758,62.4734,-23.1601,-39.4644,-29.3825,-27.646,-17.9034,93.463,-71.4929,105.756,-38.7447,-1.28505,-42.1364,
		node -93.5801,122.707,-55.7346,180.094,15.9557,33.6817,-77.5719,3.90455,35.5291,44.8108,60.1679,80.5321,-63.5654,126.8,-88.1987,-35.9831,46.6839,-29.0421,34.0198,65.7055,90.9355,-71.591,11.6087,3.88014,-21.3882,104.401,
		node -34.8599,-11.1492,-3.77181,101.105,100.126,70.5811,-22.6647,24.5844,91.7324,94.4793,24.909,26.9163,57.0914,32.2417,72.9586,-3.05581,43.496,89.5974,-66.8487,105.544,89.9825,5.80948,-50.0998,-69.3841,55.3141,-79.5509,
		node -11.806,122.657,-0.906961,-19.6207,89.8145,-60.815,-56.0749,13.779,-84.6634,-25.1715,24.6738,-7.95691,79.6964,-22.3446,-128.236,-15.9705,-49.6582,-143.192,-78.7768,49.542,30.9318,57.8836,-17.7042,138.324,-49.7954,-76.5875,
		node -70.2793,7.1164,-0.0245628,-85.5414,-75.5191,94.5875,-134.264,63.8596,50.647,-72.8104,-0.755473,-80.7266,117.397,119.294,15.6815,16.1128,81.1417,-86.0965,16.0173,-20.2157,-42.8041,-61.8277,-33.1951,-107.544,-25.9512,-3.54017,
		node -58.3633,-25.4828,-96.6741,5.37838,66.2839,-40.577,-48.7532,-32.6233,24.9468,-78.0754,66.1182,65.8139,-37.8557,60.211,36.307,12.212,61.2265,-27.6983,-60.7309,-39.7168,-89.232,150.003,84.0717,-101.645,-14.4694,-33.0268,
	layer
		node 42.6241,-97.8128,-38.6492,83.2014,1.39706,65.559,15.5269,0.427239,51.2032,60.8227,18.0399,
endPlayer
