// Player55
stat 3
	layer
		node -43.32,-33.9946,139.67,144.016,-52.4784,-21.4117,-22.7187,19.746,-48.7107,111.285,4.65766,110.938,-9.98887,13.1849,19.4397,50.9465,59.2135,70.5762,15.3176,-5.35125,53.6865,65.6892,87.6649,52.8557,-6.5189,-88.9819,
		node 17.1885,52.2527,-76.3256,-10.8569,31.2796,-3.63662,3.10377,-2.72913,-48.2844,-52.6046,71.9972,110.712,-85.5149,-55.8632,57.2097,-134.758,76.1939,-8.50046,-46.9115,-62.5082,42.5525,-34.0104,12.3372,-38.4798,-37.3065,14.0087,
		node -26.3653,86.2581,102.245,80.1838,-33.9169,60.4038,-18.9629,103.224,-21.9036,21.1314,-29.1057,-23.7241,68.4147,75.3993,-54.4657,-14.8693,-29.4322,-27.1691,-6.9906,-4.37857,24.776,4.02405,-34.9416,-8.40655,-74.7121,-27.3465,
		node 53.1341,1.57139,76.4839,2.65326,-25.1294,11.1231,121.15,-53.5646,-76.2354,104.481,-32.4655,-55.5954,-80.4428,82.9056,-21.8171,-52.8724,-8.60666,-72.3947,-26.8073,81.2275,105.074,-6.82599,-98.0516,-11.3582,6.65737,11.2422,
		node 70.1337,-11.7805,100.496,56.2617,28.2367,-85.7559,-92.0211,19.6166,29.9013,-72.6155,-25.2967,-55.8279,-59.5846,-62.15,73.4329,41.3846,99.6598,-33.3022,-81.4494,-55.402,-83.3074,-70.3361,95.4764,-1.73541,90.5434,20.0033,
		node 72.3592,0.635238,-76.0135,88.627,12.997,39.0322,-122.896,3.53511,-5.80896,164.868,45.0371,-72.4434,-100.898,117.59,-0.862953,25.8043,-27.3512,-34.1937,-112.29,106.082,-10.8257,26.286,-71.434,16.2899,123.651,-61.3809,
		node -17.6828,-6.57671,-14.8707,112.735,108.667,58.6564,-23.6738,13.3556,24.2532,128.559,4.9919,-92.1304,82.3283,-31.6348,74.4731,115.275,58.5467,92.1623,128.961,112.144,-82.3391,51.5725,-72.5925,-62.3513,37.3057,10.7669,
		node -22.3279,2.75623,-31.382,30.311,31.363,-70.4704,-50.9208,16.6027,-86.1968,-25.7761,-7.79715,6.60181,76.7521,-40.4458,83.3401,-3.41956,-48.06,-17.5071,141.273,-86.5502,-27.5623,54.658,1.02924,131.982,-51.0689,-67.6233,
		node -64.9197,23.2104,29.537,65.1342,-111.325,49.1914,-116.142,41.2404,77.7628,-65.8916,-1.1394,99.6541,105.635,96.7724,126.535,25.565,80.2241,43.444,59.2246,19.9265,-3.17705,-67.6524,-50.0197,-108.803,-30.2359,45.7433,
		node 52.6968,10.1708,23.1112,7.34928,-63.985,-7.81285,-49.3824,116.786,27.8539,-43.8019,-5.06778,77.4339,-8.7437,-46.8504,-6.97337,56.4472,-22.5936,-3.99005,-71.9087,-147.515,132.969,146.707,82.6696,17.1139,-113.542,-3.92221,
	layer
		node -41.0184,-11.1287,133.404,49.3131,-36.8751,-35.7645,158.067,-100.338,-11.0283,93.6088,-24.0649,
endPlayer
