// Player57
stat 10
	layer
		node -35.7014,-75.4737,23.8565,128.325,-39.0226,-20.1075,-23.7023,22.0505,47.6184,114.404,-12.4706,99.6715,65.8302,4.997,18.8555,25.4605,52.3163,82.1667,-42.4181,-4.28361,63.3975,59.629,129.368,40.0602,-89.9157,-67.5972,
		node 16.6583,39.9757,-84.8301,-107.429,35.4356,-2.76605,-52.4815,-51.938,-24.8085,-41.7917,-106.19,-46.4389,88.8124,105.644,47.2032,-36.4793,35.5403,-91.3783,43.607,90.8057,-146.571,-59.8556,13.8038,-49.087,-9.49691,5.37182,
		node -28.8194,-109.537,-7.70936,75.8626,45.3437,51.3385,23.6287,98.2422,1.14743,38.3084,12.5206,-16.6137,75.0561,13.5939,20.9648,-4.93968,-35.8899,-23.3546,6.94495,2.82129,21.3461,10.2579,-95.7188,-7.4226,12.0688,-31.7753,
		node 70.1586,-5.6605,5.78193,-10.6881,-24.5037,11.6652,-99.244,-93.0001,1.19851,-1.90084,-31.1832,14.7893,-71.9087,79.614,-23.8202,66.6831,6.80805,35.9093,-26.0161,-76.8267,168.691,135.409,47.3921,-6.26427,17.5229,-41.8806,
		node 81.9153,-24.7616,133.536,-109.47,31.8487,-93.0575,-64.6198,-31.1971,31.1766,-72.2943,50.155,27.2267,-68.0163,-53.2957,-53.6796,13.8756,-47.7169,-29.7435,-11.9583,-15.6004,40.489,-120.781,104.493,-29.6926,-15.8012,-35.9599,
		node -103.218,-6.37464,-73.8723,83.2152,24.7312,21.1104,129.062,0.962714,-11.812,85.9382,43.1307,49.2573,-64.6406,119.749,-76.6749,70.0449,32.9184,-31.5419,152.026,96.9403,-0.544699,-78.6469,-73.574,4.64907,34.5403,91.1213,
		node -20.5262,-10.1858,-69.3844,-12.3685,-23.6513,73.8792,11.8967,50.7744,89.1088,89.0492,28.2462,20.9714,87.5668,-28.2268,84.5402,33.722,66.0198,71.2524,-51.5588,89.7372,24.0137,53.2855,-69.3699,88.54,45.8784,11.4271,
		node -11.4528,118.275,-19.2872,-42.8821,33.8658,-68.5845,-62.7557,22.6837,44.2873,-18.388,33.8345,0.971087,71.0434,-38.6615,-89.7619,-52.2859,-42.6432,1.43384,-0.151279,-84.3316,-28.6322,78.0783,-4.53938,131.517,-53.7308,-75.7326,
		node -66.649,-5.173,0.479725,-86.2456,-117.441,41.0376,-122.687,-55.2,52.3844,54.5273,2.62978,100.482,107.69,21.044,18.7754,-17.561,65.3406,-63.1927,67.8685,6.57241,3.6975,4.80371,-34.2059,-113.02,-38.2687,48.1757,
		node 35.4396,65.782,-95.3061,12.2415,-62.6582,-22.3898,-47.1735,-29.1337,26.898,32.7901,-0.718705,53.1664,-6.53417,20.0274,-6.48852,-0.236577,63.2903,-36.3661,-72.1467,-42.7231,-86.1487,148.386,85.2055,0.191674,-98.4046,-4.0099,
	layer
		node -58.6951,-16.7676,6.23336,14.6141,-38.4195,-45.2987,-19.4044,-2.42764,-69.9285,-69.6083,60.4671,
endPlayer
