// Player19
stat 9
	layer
		node -147.574,47.2727,-177.238,-21.418,-148.256,-69.4023,0.796634,-3.04648,-50.505,-152.805,-239.17,-66.6634,-212.815,-199.363,-67.9279,-86.6698,-54.1657,-86.7226,-217.184,-12.8563,-159.243,-152.137,-92.2176,-124.217,-109.354,-77.0038,
		node -211.746,-43.0104,-69.9409,-159.703,-250.288,-187.679,-226.155,-0.0565117,-170.13,-13.5646,-227,-115.673,-160.865,-190.33,-54.0214,-42.2768,-80.8796,-267.505,-162.729,-0.0998419,-178.517,-182.644,-157.353,-135.182,-168.241,-13.6777,
		node -191.211,-188.994,-78.8372,-82.4224,-82.672,22.4586,-56.6286,-154.325,-76.626,-170.242,-162.768,-40.252,-107.581,-137.644,-132.111,-164.961,-148.511,0.706259,-94.3332,-251.587,-250.874,-54.8076,-159.622,-69.4881,13.0852,16.9447,
		node -210.366,-117.375,-70.2535,-45.2769,-24.2416,-126.095,-45.086,-141.15,-248.92,-36.4476,-89.5588,-106.117,-329.952,-163.855,-114.355,-296.971,-169.983,-25.5662,-141.457,-56.9113,-149.588,-150.645,-52.8315,19.1429,60.9409,-92.3965,
		node -97.8964,-37.2243,-159.418,-31.5454,-86.7107,-88.8121,-63.8498,-59.7852,-64.7368,-3.38186,-182.437,-208.252,-198.649,-113.042,-14.3464,-106.956,7.9288,-137.333,-149.053,-76.2483,-8.75615,-164.814,-206.202,-9.09424,-75.3442,-104.731,
	layer
		node -117.229,-192.443,-115.03,-8.94279,-170.056,-151.031,
endPlayer
