// Player77
stat 5
	layer
		node -164.751,-33.628,-201.49,-10.0302,-144.667,-230.033,3.3225,-34.1647,-40.2002,-161.367,-238.846,-179.242,-138.563,-166.349,-69.8401,-92.6294,-54.3354,-86.7353,-211.344,-83.3207,-76.3865,-168.092,-36.7267,-115.763,-99.1856,-78.5431,
		node -222.293,-200.897,-155.375,-179.568,-63.3079,-28.9197,-206.252,-224.419,-175.28,-1.69,-234.219,-97.5671,-67.4378,-162.994,-2.73537,-77.1052,-217.228,-247.158,-188.214,-54.7394,-176.914,-177.366,-168.458,-134.504,-237.64,-26.4151,
		node -115.161,-189.442,-15.3567,-206.237,-68.4001,-8.69299,-52.3805,-187.37,-72.6524,-156.354,-34.7953,-48.6741,-132.436,-158.072,-126.384,-20.4814,-118.879,-143.395,-186.673,-251.424,-237.467,-166.352,-163.288,-174.549,-59.3827,-191.216,
		node -142.388,-5.56837,-73.3374,-35.01,-28.806,-55.754,-51.7956,-37.3185,-55.7087,-10.2649,-91.4529,-98.9998,-327.441,-32.3873,-69.0566,-300.227,-169.332,-101.03,-43.5029,-52.5122,-157.027,-146.978,-212.739,-41.7647,-13.2695,-69.2827,
		node -8.45203,-36.9825,-163.618,-31.8764,-92.8463,-76.0169,-20.5571,-58.6895,-44.4914,-211.797,-174.343,-152.415,-189.394,-106.21,-12.1905,-100.094,-61.3552,-249.688,-168.881,-330.769,-72.7499,-168.09,-106.955,-147.039,-180.74,-105.653,
	layer
		node -40.2875,-66.85,-52.6077,-154.416,-159.499,-191.89,
endPlayer
