// Player67
stat 6
	layer
		node -170.096,-29.8403,-198.592,-143.675,-154.709,-199.598,5.35096,-24.2219,-41.4392,-82.0798,-59.2889,-4.41499,-231.094,-238.139,-41.6627,-94.4039,-55.3386,-76.5676,-27.7398,-41.2137,-39.2725,-146.892,-38.9305,-145.961,-151.071,-79.391,
		node -183.608,-201.304,-61.954,-103.673,-59.5274,-29.6335,-207.297,-220.908,-165.405,-7.74416,-236.194,-100.003,-155.337,-49.6781,-2.18632,-182.297,-218.037,-199.121,-14.8043,61.5438,-169.387,-184.057,-168.284,-144.735,-239.889,-51.8715,
		node -117.937,-72.9341,-16.779,-63.2214,-172.84,-15.3522,-226.884,-27.4195,-63.0837,-81.5753,-188.228,-66.3125,-160.17,-158.803,-129.541,-19.4731,-167.763,-156.222,-69.7615,-250.764,-133.421,-18.0715,-59.1681,-174.241,-106.77,-22.0213,
		node -188.053,-19.0671,-168.833,-178.613,-156.696,-119.973,-51.3704,-139.681,-138.391,-14.9508,-4.40819,-101.175,-72.3656,-138.388,-53.5716,-300.439,-156.119,-101.518,-140.126,-50.3335,-157.247,-156.057,-56.0342,20.1219,-18.2014,-69.542,
		node -203.848,-34.318,-123.652,-25.9064,-94.1959,-67.7037,-141.086,-53.4188,-42.2029,1.39626,-199.904,-154.291,-191.035,-93.9105,-15.6655,-105.723,-60.3929,-247.265,-156.958,-76.5225,-10.4262,-169.356,-163.771,-146.628,-174.693,-191.595,
	layer
		node -44.0338,-25.4273,6.41156,-187.327,-236.639,-26.4221,
endPlayer
