// Player79
stat 7
	layer
		node -104.763,53.4245,-83.9172,110.066,24.1553,-20.5632,12.3214,41.3914,43.5694,-73.8402,-8.15852,-23.9612,67.9395,9.10042,37.0564,-9.54525,-67.9555,1.83142,12.9828,48.4985,90.2959,-1.32909,59.7115,104.429,-19.3393,21.491,
		node -42.3968,25.4968,-28.1101,31.4045,-62.1491,-10.167,-39.1471,-6.9942,54.1202,-39.8448,-73.0224,48.9418,-15.7048,39.5995,36.185,77.7532,-88.3787,30.607,-66.2486,22.4448,77.6506,-40.2337,58.5024,14.2878,53.8418,-1.1576,
		node 14.1957,-27.2083,28.4607,135.324,23.5952,56.5922,137.979,64.2681,35.8227,48.7775,-10.5462,6.53518,-36.5186,89.0706,-54.7048,-36.7974,74.6419,-99.8613,5.08063,-9.64341,14.0813,12.6459,-8.59532,-19.1455,-91.0699,55.0381,
		node 31.2651,104.716,112.468,-71.7142,82.3938,-13.5266,-12.1962,-0.392161,-57.7069,-3.08246,-19.0363,6.28415,-26.2856,104.773,-47.3402,-4.65367,7.77296,51.9922,-32.0419,-31.8212,102.987,-50.7528,65.3046,100.472,28.0487,93.3441,
		node 93.3464,-44.6759,52.6545,-6.15123,57.7893,27.1104,135.545,-21.951,-14.4277,51.4875,68.29,49.1971,-71.7179,-22.2717,15.8813,105.112,45.6184,3.82585,1.14073,-57.2415,-54.6166,-57.9088,-61.3153,-60.7258,-85.2622,-43.1017,
	layer
		node 10.3718,-66.9404,-31.3148,43.5872,-43.4491,102.803,
endPlayer
