// Player39
stat 6
	layer
		node 25.0974,93.2132,139.206,-33.6282,-11.4815,48.8885,42.4341,10.4666,-146.583,21.1386,-30.626,5.14446,46.0723,60.8667,-22.5133,72.0847,13.3406,0.823128,7.43257,10.66,11.5333,10.6853,-79.1916,105.055,26.8259,-23.6841,
		node 42.6171,-54.2441,-2.18477,-2.68161,-33.683,-80.8155,14.5337,-12.9018,-48.4317,-161.284,-38.3799,-21.4144,-58.8411,66.8438,-24.6213,-2.54694,-53.974,36.1292,-98.1001,-44.8026,50.9209,-32.8273,-47.2246,10.4189,41.1099,22.7201,
		node -11.5836,40.1922,38.8013,-68.5816,5.5356,11.1474,54.0902,4.74247,59.4596,24.1956,-1.36403,-77.0621,-10.5601,167.399,-9.63945,15.0784,44.7574,-13.5097,118.89,57.8115,23.5198,-7.47031,80.7904,-20.8108,13.5743,39.5916,
		node 40.1453,55.5452,-94.8786,-46.9622,-86.3542,86.5417,7.58597,-51.6642,11.1141,64.8024,16.4226,28.5388,8.22445,-27.822,76.1498,76.8522,-35.9671,13.2005,41.9837,1.34267,-18.6236,-29.5849,-105.579,-55.9676,28.6216,51.3737,
		node 8.73291,8.64607,7.99656,63.3446,-47.0995,22.5693,105.29,49.5926,43.0991,-31.4546,-76.7218,56.4824,-42.2178,17.1185,-40.3151,-30.8289,-79.8692,-44.1318,4.78367,-95.2969,8.86502,-25.3908,-28.2785,-29.4426,-8.33309,17.9924,
		node -31.1592,8.54119,-99.95,11.552,54.4109,-18.6959,-20.0808,-20.0955,-13.5643,-17.1062,10.0122,-26.6695,-43.7296,4.04745,-35.5037,38.1039,-37.7529,-53.0439,-59.9056,-53.1935,-98.1849,-28.5579,-5.1314,-67.6663,-24.8615,82.1577,
		node 46.0265,49.4713,57.7016,46.1762,103.3,73.301,-66.8317,-44.3546,47.8605,-30.0888,60.0395,-88.8717,7.53928,-67.4161,25.8254,-57.2897,-52.9238,38.0173,59.9275,5.98602,59.7083,-4.01539,7.01248,-86.7151,-71.9747,-26.2301,
		node 68.6781,-18.4207,-9.26224,-18.2958,107.275,102.032,28.7044,4.969,-13.6886,25.3421,30.78,-6.64369,27.6321,-18.4422,10.4477,-9.71814,19.9545,-46.7325,-5.22826,29.8266,99.3815,-42.9922,-9.71887,63.9507,74.18,-15.6266,
		node -44.5037,-17.9633,-76.8849,22.0821,78.7093,-56.848,-6.62737,77.2273,-0.438279,36.41,-78.4584,1.26378,-38.1849,38.5771,1.02619,21.9465,19.3295,14.8133,-9.37634,99.1479,-13.5722,47.8668,-58.6325,36.0462,19.9841,3.3923,
		node -39.6625,-81.0668,23.4507,-90.5178,15.2384,33.1278,69.0654,-15.7843,127.421,-80.3054,21.2897,3.79318,30.9964,-32.7319,6.55687,-46.0979,107.423,30.5417,-14.3977,-1.74455,-9.51312,-23.5969,-46.5912,11.5326,35.1401,50.4733,
	layer
		node 35.349,6.44907,-53.4479,-25.5183,-53.7505,19.304,-13.9191,-50.4461,4.28687,12.7859,53.2498,
endPlayer
