// Player45
stat 5
	layer
		node 195.89,-206.168,-273.298,182.309,199.501,43.4533,-68.8339,-197.069,-119.872,-105.584,-25.381,69.646,-121.453,221.879,-103.857,-36.1543,84.1018,338.364,93.1689,-72.3527,-98.5247,-198.47,69.9771,-0.550302,-69.9871,322.965,
		node 198.162,-58.4658,-19.5996,-165.116,129.3,81.9506,85.2121,35.4819,-129.559,-130.853,101.544,-184.167,278.482,-129.076,188.788,-118.198,109.422,-96.9754,82.7194,288.5,-202.262,-133.923,-141.991,243.912,124.543,97.9436,
		node 318.531,-105.464,320.783,-72.0737,254.401,-203.327,-81.5258,-73.264,345.176,171.609,200.89,220.231,8.79005,17.7589,-155.585,-85.0558,78.0504,148.016,-2.37927,-24.0667,-49.8809,-28.9746,-192.112,-143.707,-57.5027,-7.49801,
		node -117.424,140.154,-114.505,-51.2721,-105.779,12.7924,11.9422,217.72,-258.417,-116.227,32.5991,-231.474,92.6902,190.53,29.6625,170.025,-53.138,363.514,191.963,-126.342,317.957,-134.425,-172.042,217.806,76.4572,-193.552,
		node -169.167,169.866,-236.096,186.922,69.1942,224.431,-170.113,-136.142,223.355,78.1946,180.431,-92.7597,-208.02,190.616,247.096,221.509,-87.2564,110.777,-209.863,193.529,125.794,100.978,-70.5249,179.001,-244.795,-64.7442,
	layer
		node -82.6423,-126.916,-97.4752,-161.991,-138.8,-197.314,
endPlayer
