// Player43
stat 8
	layer
		node -57.4179,-139.202,-21.5408,182.673,308.849,76.9228,77.2608,-130.237,-119.361,-83.3683,190.738,-7.62704,-121.001,329.737,-104.775,335.74,-126.889,-213.83,95.4468,-72.423,-105.077,-32.5778,243.931,334.848,-67.2084,9.94144,
		node -52.3923,-55.4586,-16.6099,-158.879,-109.301,212.25,89.6475,55.9953,254.192,-125.733,101.477,-4.83182,282.755,-88.3927,187.641,137.849,111.731,-139.705,-48.0177,-15.9458,307.594,-134.69,-144.312,-101.114,125.479,-33.0692,
		node 118.565,-105.821,320.983,-135.389,-192.948,187.607,-95.9645,18.1166,348.717,-15.4482,-174.947,-21.279,1.98071,174.797,-71.1654,-2.24222,77.3228,145.302,-5.02097,-26.0931,240.105,-111.316,-201.306,49.5701,324.926,97.5695,
		node -191.122,241.433,0.576106,-42.5059,-103.259,-12.0444,13.6787,-59.2544,-257.102,231.322,308.48,216.537,-56.9979,343.674,-49.6112,-60.1691,-194.046,-7.23127,-120.229,320.285,2.66404,328.778,265.874,-115.753,42.3404,-63.6945,
		node -57.838,-78.5876,-237.369,96.8244,75.9868,256.575,5.89493,-86.3273,85.2625,78.6659,225.638,-58.2097,-62.1492,386.952,56.9232,221.012,-128.929,179.589,-93.4113,-89.9106,341.971,-230.012,81.9779,11.3475,-244.912,337.514,
	layer
		node 305.748,194.81,-122.924,-168.784,-60.3827,-121.193,
endPlayer
