// Player8
stat 6
	layer
		node 103.221,-58.2776,61.067,27.4284,19.7055,-13.6397,17.7589,-36.9216,82.1527,8.79582,-66.8317,9.03502,18.5754,-126.949,99.239,31.1962,-28.9537,30.7179,-56.8877,131.119,-39.2833,-49.6005,22.4985,-20.6915,-67.7147,-50.0362,
		node 29.928,-35.9542,158.289,-27.6286,77.7779,34.9852,21.6743,31.5307,-36.1358,48.9154,70.8254,-43.2177,138.33,33.1537,188.247,33.3578,19.1868,-5.49647,-29.7768,73.716,-54.779,29.8736,18.1541,43.8708,-23.3783,102.579,
		node 81.5705,1.36673,187.434,-41.2025,116.01,-29.2726,187.216,-70.0124,5.15242,-32.8527,116,-95.414,-79.617,-112.021,115.757,52.8919,-21.1854,36.6914,7.30862,-8.53681,25.2627,-98.9356,22.0185,129.481,46.3453,-133.186,
		node 20.1803,23.704,24.1006,22.0021,63.2042,56.6236,-60.4107,196.155,115.381,178.001,-57.9102,86.4551,13.5353,-79.1366,78.4972,-2.21912,65.0374,15.5502,86.4395,108.437,31.7707,35.101,48.9893,6.33592,33.1389,134.034,
		node 50.4647,67.8271,23.1915,111.674,150.267,14.3275,24.6903,16.7445,103.353,11.9176,-75.0253,-12.5227,-69.572,-16.9577,105.823,-25.7838,12.0387,25.9923,110.913,-31.4941,-60.3334,26.9829,-23.0076,3.13907,-68.8103,-89.6964,
	layer
		node 6.01985,-28.7608,17.472,-19.7573,-56.8134,21.34,
endPlayer
