// Player99
stat 4
	layer
		node 185.775,124.125,101.317,237.062,-87.9592,210.621,139.488,174.065,-157.299,104.643,64.8137,147.463,213.693,279.987,111.16,81.1207,-123.406,-184.3,128.437,-55.5691,60.5947,114.16,-110.053,62.1322,-175.831,165.428,
		node -40.0324,229.04,-41.0491,237.439,-123.628,-105.5,-47.1626,112.463,88.0938,64.1783,-9.20382,160.239,164.325,-207.83,-119.331,-102.966,35.8333,130.45,70.7844,90.998,-62.1476,113.27,86.3858,43.5549,248.14,-55.2113,
		node -9.42938,-66.4589,91.7981,329.081,-100.196,4.51793,92.0668,154.381,-157.821,40.1924,103.306,-63.4215,122.816,-8.63529,59.9897,58.3279,-38.0927,-6.47124,135.825,254.235,138.87,1.06117,45.4523,-156.359,-137.059,84.2497,
		node 324.435,-41.8374,-46.3565,-155.758,-181.187,90.5512,-196.043,207.092,162.451,146.665,233.97,-192.138,-121.877,116.216,128.233,-3.3258,122.315,118.297,171.74,-67.1211,36.2369,140.375,105.252,-66.7967,142.255,152.728,
		node -42.5205,-71.446,141.115,-179.968,-115.909,-143.366,-19.5667,131.699,200.823,-13.8614,-59.412,128.128,137.338,-190.251,173.602,114.79,255.606,-126.629,163.029,-65.849,-117.748,94.0925,133.737,11.6172,-134.28,153.568,
	layer
		node -80.2633,119.173,263.583,104.907,69.0934,286.661,
endPlayer
