// Player22
stat 6
	layer
		node 95.5827,92.0632,90.4521,106.331,70.1011,-28.6779,162.529,40.9133,-163.845,-53.9128,221.597,-48.9515,-112.732,127.907,-86.2577,53.5654,304.382,59.6976,171.128,114.356,84.7889,6.25275,-48.0202,173.407,-180.918,151.522,
		node 106.599,362.559,145.445,104.105,-124.018,-126.803,-46.9116,126.799,314.543,292.762,157.013,-111.562,51.3043,185.475,104.695,-86.5188,-14.1278,-150.41,91.9184,208.831,-61.9377,350.721,-94.0418,243.764,242.478,93.0751,
		node 19.6118,-73.1202,98.3547,296.202,308.477,180.64,241.003,146.924,136.671,56.6875,221.56,-74.9757,62.5967,158.33,-117.293,54.8215,54.2074,-47.9751,147.193,-195.304,143.667,-4.08285,161.103,-56.1158,-127.356,147.547,
		node 34.5894,94.247,-150.127,137.964,89.1103,170.071,346.829,-34.7062,155.953,134.698,245.663,269.068,-122.343,116.915,126.206,37.8716,310.634,-19.3223,205.873,-83.8855,153.399,92.747,102.236,-13.9115,139.361,-182.971,
		node 43.8112,137.512,304.029,-22.6882,85.7202,270.046,263.988,185.353,237.223,323.902,-51.0784,8.68052,98.9793,234.092,174.079,235.857,168.157,-114.364,126.694,-60.0198,-69.9289,183.764,-176.951,358.925,282.127,113.143,
	layer
		node 84.5608,-40.0214,-170.377,-122.741,6.27178,199.904,
endPlayer
