// Player1
stat 12
	layer
		node -43.8571,17.1858,42.5571,-46.5832,25.6266,2.91732,115.134,30.8497,-1.93168,-56.497,-42.7872,76.1654,93.731,43.4892,12.3063,-24.4293,4.72751,41.1832,17.3527,-2.1727,67.8122,-18.6093,16.156,-25.9771,12.2729,38.6371,
		node -82.7565,100.628,34.6778,146.154,2.19887,10.2637,16.7493,-45.218,8.49913,-3.33345,-24.941,-13.491,14.94,39.7255,71.9476,-52.8202,-71.7245,78.2718,12.1212,10.8326,-67.8268,31.8443,18.1098,-22.2537,56.018,80.0452,
		node -32.8071,123.325,-42.2242,-49.8031,164.685,-112.284,41.9842,-43.351,3.86119,2.8837,-99.0944,-54.1802,-34.9192,4.99085,-3.25092,53.7689,-60.363,-20.9676,-2.90883,52.6763,0.380251,39.3314,38.8543,4.5384,4.66538,-17.7488,
		node 113.7,-23.6749,14.5565,-8.32876,97.0897,-18.062,-38.9408,-5.15805,0.41775,-27.2574,4.49963,-16.4915,5.29521,-11.1851,-1.37082,129.816,-48.0097,-90.0658,30.8575,7.62249,2.57042,-99.4612,11.7678,-11.3829,0.469004,60.9261,
		node -0.951983,57.3263,-97.9274,94.2629,-119.787,35.0633,155.782,-3.58037,-40.9334,114.299,2.5278,-44.4799,-99.7805,0.728295,96.9157,-2.98947,42.6332,-51.6693,-110.293,92.9419,32.305,12.7857,-34.7146,-101.241,67.1992,-1.72623,
	layer
		node -4.05524,-3.86298,56.6425,9.5011,17.97,-24.198,
endPlayer
