// Player41
stat 5
	layer
		node 16.8544,62.23,-11.028,-45.3963,52.5053,32.3024,13.6702,24.5681,-19.8638,4.89412,3.40089,22.6685,-12.8572,88.0862,7.84001,-10.1807,16.5342,-5.46739,-13.047,17.2998,71.9527,5.50236,-62.105,-21.9098,51.4058,44.4626,
		node 16.6477,20.2636,127.354,-50.3936,-4.70554,13.264,59.1138,27.3306,-14.6727,41.7844,-19.6053,83.9149,90.5002,-49.9068,32.7859,-15.971,17.2615,82.4671,63.0676,1.69089,-2.24269,-73.3235,13.7086,6.73326,130.67,2.37048,
		node -2.396,32.0591,11.438,-59.4851,33.6899,-111.451,0.627138,-55.3852,49.203,-106.314,-3.06567,112.111,15.7473,71.1265,-7.05319,51.8288,41.2377,-25.298,42.078,-190.472,136.75,38.4411,-7.75161,3.03706,48.5128,-13.3438,
		node 41.6063,-3.05955,42.999,-71.3599,70.3196,-13.8923,-1.76724,-21.4376,-19.075,-11.1163,-84.1364,24.2788,-173.796,0.498147,67.823,-13.5116,52.7088,-10.204,-126.297,11.6829,5.03502,29.307,45.2083,-20.5356,16.8241,67.6362,
		node 6.37299,-64.8985,-15.6636,75.1491,-148.339,14.2026,34.9587,3.17761,1.04944,-10.4775,15.6636,25.9329,-94.3168,120.591,150.158,-22.422,-25.0347,144.558,96.9572,92.5201,-8.2802,6.75206,-18.1197,26.7255,66.2132,-5.27519,
	layer
		node -42.5609,38.4833,74.2669,6.06236,2.16081,38.7083,
endPlayer
