// Player33
stat 7
	layer
		node 2.73293,-62.412,35.1905,-35.175,-5.44366,36.4479,90.9921,20.7766,-11.643,-43.6659,-94.9866,47.6139,-7.10274,48.4777,7.72397,-18.5341,-5.5166,70.1173,81.2476,-35.2901,71.3993,0.609322,-59.5678,-19.89,-122.041,44.5034,
		node -34.4464,-16.0076,16.0214,-55.9915,-11.8562,9.60817,-23.2318,-45.0227,17.2953,2.73794,29.914,-15.1243,77.3285,-36.5216,36.8426,-18.6325,21.1224,79.2692,55.7556,11.0034,76.4254,-57.2541,-17.3364,4.79996,52.6075,54.4575,
		node 8.58118,129.589,9.28175,11.2785,39.3954,-107.786,5.79525,-48.8049,40.31,-12.1655,-25.2652,14.143,19.8398,-84.6271,-4.26013,25.8427,12.5532,-20.3189,44.1372,-192.886,2.91716,44.1541,37.4377,-14.6069,22.5623,-1.15329,
		node 42.9332,-0.520287,20.6203,-78.7297,-27.9177,-14.776,16.6761,6.04214,-14.2094,-87.2753,62.0537,35.8317,-17.7085,-10.2135,-13.266,116.557,-52.1378,-0.649304,-125.4,25.9531,65.3253,-95.6167,94.2943,13.6157,18.3161,13.4839,
		node 21.83,-53.2643,-15.9599,4.42098,-102.858,39.3002,31.3649,4.03527,3.89949,-30.9605,2.19157,119.745,0.88054,17.2632,90.025,-21.4582,19.289,70.6876,47.2535,96.6686,-7.87095,13.4817,-1.99665,88.4318,62.9314,-31.8137,
	layer
		node -42.7402,2.68768,20.0404,-21.2611,-16.041,-79.867,
endPlayer
