// Player43
stat 4
	layer
		node 2.94651,56.0873,40.7516,-34.2357,-12.402,35.4265,108.775,-51.0362,19.8572,8.73102,2.63232,49.2346,-5.8209,39.6159,-8.01801,-21.1974,-4.53361,-0.211947,80.7716,26.1343,63.6928,0.388771,-53.7102,-22.9588,-3.98418,-10.7884,
		node -17.9803,-7.92528,115.962,-47.5376,-8.72409,58.8341,27.7108,-44.0811,-25.6763,34.1051,30.1888,-14.9627,77.6258,-35.1766,56.6001,-43.5295,18.7527,80.6239,60.9478,-6.05043,78.0303,-56.3904,6.83763,-20.5548,130.888,88.762,
		node 8.55554,130.991,4.09877,12.3324,168.313,-115.422,6.49757,33.0865,-99.7513,-12.0775,-6.82491,-10.9832,18.7747,14.2119,8.80741,26.7415,9.69572,-15.6424,-11.3088,-3.33189,131.712,45.568,41.2422,3.18173,10.3924,24.9004,
		node 52.4241,-4.18896,22.4856,-10.2275,13.5091,-16.9143,40.1702,-14.3085,3.06203,-87.0041,-79.3511,33.9266,-16.7632,0.383873,-16.1096,4.52302,-22.255,-2.45023,-10.0914,32.0004,-10.3227,-94.3423,-0.426502,2.31461,-4.44445,11.9419,
		node 19.5617,15.7337,-15.3652,3.95803,-103.36,39.3686,165.366,1.25189,-42.9206,-8.09679,15.9872,18.1564,32.4933,-5.84905,90.6649,-30.2327,7.06958,5.30384,-16.27,97.1445,-7.74009,14.4813,8.30563,5.74744,75.1432,-33.9129,
	layer
		node -42.5892,4.52211,-28.1971,-83.5015,-16.0618,14.2771,
endPlayer
