// Player12
stat 7
	layer
		node -11.0851,60.0732,38.5444,-38.7607,59.0731,27.1509,14.3225,31.5783,18.1896,-69.2988,69.9218,13.0635,96.9842,77.0266,8.22847,37.7688,5.71777,-15.7254,14.7218,59.7633,74.6853,31.5499,-21.5101,23.8173,-119.484,54.1614,
		node -87.1653,6.6799,-29.2727,146.907,42.3039,61.9767,21.0489,-48.0806,6.99852,-1.14943,-37.504,-8.08588,22.0204,-31.847,61.8163,-18.7072,7.06067,63.2864,-91.9156,-6.15155,-19.2381,32.1565,13.1684,-57.1935,55.8694,80.698,
		node -39.9166,150.77,134.154,11.608,169.796,49.9554,0.546991,-49.9843,41.527,5.68307,-1.34735,2.68909,8.24922,-4.18721,4.04053,54.487,-59.046,-21.5145,23.5527,43.673,0.525997,41.6835,30.8649,-11.4184,5.01075,11.788,
		node -1.16245,-24.6358,-21.881,-48.9397,97.6569,-22.8487,-38.9778,-195.185,-7.60243,-6.88099,-74.7921,-8.63941,-175.943,4.05446,61.2122,15.5878,4.03647,-0.770899,35.0967,7.48938,-14.1008,-95.3605,102.785,12.6696,12.7605,55.3313,
		node -29.1267,-59.8265,-90.2217,-8.09321,-117.121,33.2169,0.216166,6.49003,-8.32455,-5.77966,2.14188,-52.3602,11.3054,-15.1062,151.754,3.94705,9.47441,-5.99926,-13.7426,86.9428,2.78252,16.2221,25.1396,84.5314,-1.3141,-51.4263,
	layer
		node 20.5264,5.42304,-18.6402,17.3943,-8.74215,-2.6302,
endPlayer
