// Player46
stat 8
	layer
		node -41.8889,-46.8011,-221.215,177.969,100.478,25.275,24.0119,131.293,151.294,-72.8147,-45.9811,50.1886,-84.5309,-253.947,-194.07,20.1053,-79.2092,92.2222,60.5269,-38.1681,110.6,-165.579,125.354,-51.9659,-79.8985,5.37623,
		node 149.028,162.693,-10.5732,-162.835,1.51673,79.6028,10.6465,53.3008,60.3654,-240.635,25.9516,6.94626,-89.8316,129.15,6.27259,62.037,87.9102,3.68952,-117.664,65.4677,21.9305,-14.3028,-76.7697,15.4054,24.2552,-3.17665,
		node 75.0284,23.4181,-75.0815,-7.86401,82.185,-90.9528,114.423,-10.9086,-66.3503,158.873,13.426,10.5289,-21.4861,68.5473,-19.6037,24.5258,17.5858,-152.016,123.529,68.5963,-154.239,10.1688,4.22077,12.7144,81.5109,86.0599,
		node -5.03056,33.3347,-30.8377,-75.3908,83.6479,-45.1393,87.6831,-59.3156,-175.644,49.5468,54.5058,-64.3002,18.2431,66.9543,9.33883,127.836,-156.633,40.5524,29.5299,54.7578,-1.51956,109.065,-42.3132,135.369,-0.892838,46.7242,
		node 49.8105,-39.8175,43.1836,-36.4726,-277.711,72.1219,1.69479,19.373,-23.4211,20.8391,100.201,19.172,164.042,6.30418,139.653,1.35169,-79.1313,12.0502,90.8699,87.6102,-11.1681,220.637,38.3313,7.79853,128.87,53.2177,
	layer
		node 116.804,18.4265,59.529,62.2618,116.945,45.9335,
endPlayer
