// Player25
stat 7
	layer
		node -166.103,25.552,-8.3713,-67.5221,-76.5117,55.6115,33.9273,58.2275,69.7752,50.819,9.07624,44.5724,10.2573,118.865,51.6354,-94.8102,42.1661,145.775,63.8442,137.63,101.466,-146.91,34.2828,10.4425,-1.34374,9.99411,
		node 64.5583,-104.154,132.358,-196.125,129.735,-73.2391,17.3003,20.5957,60.5497,-234.652,19.4115,4.27328,237.6,-3.57183,171.509,-147.302,77.0853,55.4845,-25.4002,76.4034,22.5497,-67.5431,-49.2479,19.5084,-85.4171,-2.72087,
		node 56.9101,25.2916,8.70589,59.1667,94.3297,-11.6374,-63.5139,-76.4304,-65.7002,-73.0818,-77.0383,-18.7164,41.4497,-32.9097,174.473,-103.316,24.2146,9.34111,124.991,72.5784,-146.011,61.7153,-43.5414,-163.178,72.9352,224.958,
		node 20.6782,57.4378,-34.0489,-105.062,86.6561,-41.9347,-98.4061,-96.9375,-90.734,8.42481,-4.28335,17.4225,6.04009,64.8754,-68.1131,128.897,104.572,60.2498,32.6623,-26.8918,45.7091,-8.18274,-0.0543096,-1.31849,8.54209,82.5737,
		node 38.7323,-44.9532,-5.44808,94.2025,-271.439,-55.2924,-5.55297,85.7301,-24.7315,28.2865,-6.69354,16.5292,3.9223,6.44554,38.1621,19.6004,-41.846,25.7348,53.1081,30.6381,-50.1044,161.059,13.9145,111.847,-0.147034,54.0571,
	layer
		node -170.735,14.3472,25.1094,-8.9511,-37.7081,2.72341,
endPlayer
