// Player87
stat 5
	layer
		node 110.726,14.05,-219.36,208.324,-79.1325,16.9706,40.0213,132.848,71.0665,7.30378,-2.21619,46.8434,-230.289,140.258,154.802,-7.21961,-108.717,46.8027,49.2911,61.8149,13.8405,64.4748,117.404,105.387,65.831,-68.0104,
		node 157.151,35.0724,8.02499,-186.369,3.39152,-192.29,5.43596,27.6803,65.9094,-231.514,61.9308,3.53449,-41.8124,7.10844,-2.56033,88.0496,84.6683,-18.9073,-75.7896,80.9069,-188.869,-77.8889,-49.0799,-7.41034,-80.2236,-20.5907,
		node 69.0377,15.7532,16.4362,-38.9618,94.3868,-140.514,-1.4014,-3.74631,16.9661,129.519,19.0154,55.042,67.4,-122.024,167.383,-85.7955,21.4432,50.1587,47.3842,125.53,-58.8362,58.1995,4.50585,-10.887,125.919,-4.59529,
		node 20.5696,-16.8781,-32.8902,-75.3999,127.052,3.61845,87.385,-24.3628,59.736,101.259,66.3349,18.2752,17.5586,60.443,33.3005,-74.5426,-160.962,131.773,-88.6281,-151.041,61.1532,49.98,-56.3645,3.44215,-265.035,104.266,
		node 43.6435,-145.953,-90.8978,-96.9565,41.8627,212.158,-3.42989,-141.196,-29.5914,75.3426,-16.2857,14.4681,-210.601,-247.333,6.31589,16.2686,110.886,-130.642,-129.03,57.9687,68.3854,93.9069,-135.004,106.558,-7.91143,103.19,
	layer
		node -77.1184,104.669,-14.0825,-121.592,19.9407,-78.9211,
endPlayer
