// Player45
stat 5
	layer
		node -110.361,-7.03052,63.8875,151.751,-10.1875,2.77829,-91.6576,-0.136512,-47.8249,0.167675,82.4457,-24.0689,-38.5206,-50.6761,-18.8594,-0.869618,-103.014,-42.7221,-21.3553,-46.9173,-16.3765,-35.4495,-8.88177,-52.2523,-51.4327,-10.2698,
		node -30.7056,-39.3836,-23.6137,-36.6016,-31.6205,3.11008,-27.0883,-68.7085,-70.2888,35.2848,-14.3414,-23.032,-8.22808,2.16677,-72.606,69.6246,-9.14507,-47.4878,-79.0659,131.67,-94.4609,-127.097,-111.953,-78.671,-33.5704,-5.49092,
		node -34.4891,-17.9949,-22.683,-15.4612,-11.3881,43.9404,-80.5612,-30.7632,-38.5238,0.64736,-12.4405,91.1748,-94.2124,3.59449,-55.5463,33.0588,-109.434,-17.6975,147.214,35.1256,-24.3467,-41.915,120.616,-70.0735,-14.6643,-8.70721,
		node 63.3522,-78.3656,-46.1962,11.1999,-127.871,-66.8838,28.8888,-61.3758,123.02,-82.8339,-122.136,-10.9751,-95.1667,-18.1952,-12.3884,-36.8974,104.59,-10.1464,-36.4655,-15.9148,-53.318,-61.5271,-78.4985,58.4916,-72.1936,0.89223,
		node -74.4937,142.198,-37.9253,-31.0407,-17.3981,-21.3433,21.7791,-120.222,22.9151,-72.6185,7.12464,-119.116,-29.197,-57.3237,-13.4598,-46.7673,134.641,-113.548,-64.6081,-59.7816,-15.5828,-10.2946,12.252,12.198,-21.4468,-80.5785,
	layer
		node 245.512,-145.546,34.7692,-56.9181,-85.9037,-17.4725,
endPlayer
