// Player54
stat 7
	layer
		node 4.8962,-109.023,-35.2211,4.74828,-68.9141,-29.6761,-42.1219,-89.9554,22.2966,-143.59,71.5208,90.6555,-65.5714,-0.0574744,-67.7398,-102.107,12.7397,-112.584,67.7078,16.5838,26.2497,-112.431,-112.383,103.289,-57.7404,-5.04496,
		node -27.6201,-103.114,66.7363,46.9548,-1.58147,111.986,18.8365,93.3019,-13.2483,52.5171,47.1152,53.6416,-34.3244,-66.2075,68.5251,-67.7503,139.369,53.4663,-23.6894,23.9786,-70.6277,-21.1202,-117.65,-20.4246,-112.786,113.669,
		node -49.4977,-102.724,-111.32,8.98064,-2.47929,-87.4903,2.79311,17.6335,-35.5617,0.399156,-0.399587,86.9001,-114.413,45.7345,-20.7486,-15.5227,50.8063,-31.6793,-73.0556,60.4404,-10.8131,18.796,29.5647,-10.5194,88.2286,15.7811,
		node -143.895,48.7699,-27.8297,6.97171,112.562,-132.171,36.4396,-12.9413,-109.515,-55.148,-84.8697,-47.344,-54.096,7.59025,22.7981,-121.371,-75.1496,-14.4598,-96.078,-70.5718,-59.1839,-96.1667,-44.1442,46.8621,-25.9801,-50.9102,
		node -61.9369,-83.7565,78.6645,-25.899,30.4831,-24.708,-40.6533,-29.8624,-78.2714,55.6347,-6.36449,-19.1829,37.4657,-13.2931,38.9327,-10.2589,-60.5935,96.0222,7.22386,2.19338,-124.791,25.8736,-63.6911,23.9182,16.4452,83.4528,
	layer
		node -52.0231,31.9508,83.6929,18.9468,-105.559,81.8224,
endPlayer
