// Player91
stat 5
	layer
		node -50.0753,62.3124,40.2936,10.4474,-51.6222,-46.1948,-31.9247,95.9999,-45.7754,25.4838,63.2242,24.3788,-46.3276,14.7193,-26.9489,-12.3993,-9.33454,-92.692,-22.4397,6.26725,13.2392,-92.9804,15.7737,116.75,45.0445,-35.5383,
		node -22.5279,-48.2433,52.2467,46.4044,26.3641,117.57,-20.3129,-98.656,-8.05382,-52.9633,48.1482,48.8564,39.5811,-89.3385,69.4401,-73.5622,15.7146,-69.0778,-65.9913,10.0912,-115.642,32.1297,87.4187,-25.239,-102.608,43.9958,
		node -56.6998,78.2384,-61.3848,-75.214,45.71,93.331,-87.01,-107.474,26.5214,103.873,13.0467,93.4194,-108.363,96.1361,-28.2966,-50.3655,-141.484,-29.1873,122.807,-25.6224,-45.313,-37.1276,4.54519,38.7295,-20.538,40.2736,
		node -141.488,-28.1458,-33.7241,38.6176,123.864,43.9949,-42.8082,33.875,75.0119,-48.5968,-71.5771,-43.5246,-60.4189,-97.5555,112.442,-123.593,-9.31195,-8.30795,37.0069,-106.047,27.4668,-96.1598,-98.8923,-39.376,-51.8503,-61.3324,
		node -27.8315,-21.7612,-82.6509,-43.1183,55.6397,-26.3769,-84.0399,-15.0245,-76.4338,56.4518,43.4605,-20.1061,147.449,5.87144,20.1317,45.6416,65.6562,-86.29,62.5109,-2.84889,-117.673,75.9487,-50.0839,117.144,-46.1644,88.5401,
	layer
		node -69.6473,34.0067,-26.7465,55.662,-26.9215,19.1574,
endPlayer
