// Player75
stat 3
	layer
		node 99.3662,34.8998,9.09318,10.2654,-44.089,6.26517,-0.813222,31.7574,-40.2044,45.0321,48.9856,51.4333,38.9009,13.7743,55.7671,24.1675,52.135,-29.719,-8.6704,121.972,-60.4281,23.9229,38.0936,36.1077,-28.245,-28.6494,
		node -63.9159,-28.5124,69.8601,12.2523,-8.92626,-3.92306,15.4121,-12.3045,-19.1208,-26.7961,-33.6306,-114.496,34.8998,-31.5182,-14.6638,19.5321,30.0229,19.6198,62.3208,-11.4012,-24.5288,-59.2192,75.0265,-27.364,23.7299,42.448,
		node -39.5314,11.5937,44.0977,24.8454,4.63438,-82.2938,9.56966,14.1805,84.2653,-17.4009,106.995,-5.68266,27.3568,-60.0022,74.9482,-15.1778,38.0184,123.1,-61.8553,-19.3971,35.7542,-3.02855,-3.65654,-98.6294,-24.0227,-75.0856,
		node -21.5102,24.1686,14.3061,-2.19888,38.3238,15.417,27.2612,1.05705,-48.5509,74.5893,36.2098,-84.6822,-7.27556,33.5614,-55.6451,-17.1835,120.877,-3.53915,-9.70009,-5.07698,36.4515,27.8692,-43.8641,94.1734,122.767,16.5932,
		node -38.2645,39.0377,40.5533,23.1665,-83.8813,45.3631,9.43825,17.0305,56.5349,13.0925,-94.941,64.9729,60.9316,-89.2299,41.4622,-4.45128,33.6495,15.3719,66.3839,0.194276,-13.6691,25.4412,-11.388,-52.489,-3.57494,-5.49199,
	layer
		node 8.48207,-16.4946,94.9327,18.869,-16.1997,-18.1956,
endPlayer
