// Player41
stat 1
	layer
		node 1.11792,-19.6633,2.48572,42.5997,27.1398,40.1931,18.4751,36.0013,5.28724,-12.4737,8.42707,-5.8512,-34.2419,3.69881,20.6891,-52.5544,48.8724,17.9041,25.1516,-26.2485,37.4038,-19.7585,32.4421,105.512,-23.3716,-19.0701,
		node 36.729,-10.7354,-44.6018,65.4242,15.8541,-0.895924,27.9859,-16.6534,23.8442,106.715,54.6755,32.0393,41.7881,110.287,-16.745,-7.32128,33.6027,58.3989,45.5247,-18.0572,-12.8237,10.579,58.7413,41.6162,55.4898,-12.2641,
		node -49.3141,14.0384,2.94899,40.344,-35.3376,18.8519,26.106,19.8807,-3.0703,-40.6298,52.4216,-18.7425,-10.2581,-64.2921,-42.7122,-19.6579,9.98659,-18.1113,31.2586,-2.19739,20.8505,-22.0978,4.52453,4.29622,44.1287,-69.2708,
		node 16.227,-100.016,-16.04,48.0848,-37.8136,8.10065,22.7287,39.9073,33.948,52.1572,-1.61934,44.5772,60.6264,-13.3403,22.6259,-27.3306,61.3883,43.6862,-1.24524,10.2225,-52.5426,30.6364,-2.34033,-49.2074,6.81557,-14.8697,
		node -35.0542,4.4582,-29.3778,-47.4558,-25.0923,25.7496,-87.8836,-7.14137,41.6088,109.332,63.2203,42.0011,11.0097,6.78547,-7.44246,35.484,-2.11967,31.806,43.8455,56.7336,20.6312,-3.10113,-69.0071,-49.0567,91.7425,-52.8958,
	layer
		node -32.664,-1.86125,28.022,-11.137,-87.8229,102.508,
endPlayer
