// Player87
stat 7
	layer
		node -1.75502,63.756,43.6573,49.0479,-76.7382,68.0979,87.3574,55.1756,77.2847,114.696,27.6865,12.5378,54.1511,4.23032,-22.012,4.78952,-95.2999,9.41652,51.1857,-55.1174,11.5964,78.4029,-107.106,76.0804,-119.591,-118.315,
		node 89.4314,-10.3656,-107.223,96.2201,32.6745,-1.94502,-53.3269,24.7278,92.8589,-82.3556,40.1902,-17.7865,-65.694,-20.7504,62.6351,57.0001,12.9913,-114.955,33.041,-129.927,10.5149,-142.367,-73.766,-121.209,-28.1129,79.1635,
		node 81.0845,66.2307,16.1016,-72.2856,-66.5633,8.90776,-128.921,-27.3275,-100.896,-99.0455,57.3212,-29.075,-31.0498,-50.1546,60.8617,-137.648,45.4874,-48.9382,3.7735,4.04485,-130.397,41.7526,23.1206,57.2844,41.2113,-47.5638,
		node 46.1814,-102.245,80.3808,-118.353,-130.523,-25.6492,3.6907,-28.5645,-30.4864,69.2444,-83.5284,-81.1746,15.0346,-36.2568,-6.97432,-2.52318,12.8522,-136,-47.9189,7.99966,-156.034,33.361,16.8008,-53.7644,-39.6354,75.3468,
		node 92.1033,-81.507,115.823,-119.094,111.312,-160.269,71.4165,15.3534,41.4131,-130.084,-60.992,-111.438,-141.685,46.8116,-79.0036,-55.7568,-95.4679,-164.129,33.6115,42.6539,-22.756,-23.1696,40.7774,19.5463,-39.2618,-110.78,
	layer
		node 34.0606,71.222,1.90961,-135.583,77.5007,24.5341,
endPlayer
