// Player71
stat 6
	layer
		node -3.8907,-51.6921,45.8876,116.394,-12.6832,57.8595,59.8443,72.8177,74.4169,115.514,28.8667,46.7792,-119.541,-100.002,2.95561,-31.9512,-95.2233,-13.3882,-5.07801,-42.4205,-138.313,-38.7494,-37.9292,36.4463,1.99953,28.8518,
		node 105.756,5.34779,-71.9036,94.5541,42.2329,-125.289,-5.49844,1.95861,-0.48595,-80.5439,49.2779,-3.40908,36.9136,-106.669,90.2786,-26.6995,36.9817,-109.899,109.091,-126.484,-44.9622,84.4987,-47.376,68.5937,2.33525,75.5941,
		node -11.1833,115.172,10.6186,-23.658,42.5653,-111.322,-58.0234,-14.7647,91.555,28.0974,0.577745,-144.253,-13.0653,6.36192,-22.4408,-125.148,-45.8102,-137.835,21.4401,-29.8005,42.5278,57.9,76.6778,-119.357,-120.63,-137.499,
		node 38.3581,50.6338,89.6056,52.6438,52.534,-19.872,-14.0525,26.271,-30.4868,-20.3952,-18.3677,-94.123,-21.7724,-22.1755,-71.3183,19.7511,77.3247,-0.0633167,17.431,37.1539,-132.217,96.683,-115.602,-84.8062,-72.2747,1.3424,
		node 52.5393,66.1481,-138.004,-110.632,96.2216,187.65,178.599,22.544,68.6583,-1.5667,49.6555,25.4671,-126.729,29.9309,-82.8041,43.7669,118.84,-162.224,-145.019,42.6775,-60.7316,-21.6646,48.9147,-77.7815,-110.064,-109.408,
	layer
		node -21.2736,46.6312,46.237,-101.587,-41.6208,82.8181,
endPlayer
