// Player23
stat 6
	layer
		node 43.9952,-72.5111,-84.9332,-11.1804,-98.6885,-37.0577,126.253,-133.236,-108.738,-160.338,91.4235,-16.8391,-25.461,42.3026,109.669,19.5185,-105.444,22.2768,-16.9108,-84.5707,-45.3219,-95.3011,-13.7546,2.502,-44.3637,-12.895,
		node 47.1079,125.608,59.1849,48.1915,-82.6246,1.62006,-36.4858,-140.873,33.6525,-104.615,-39.0447,64.3112,-10.0932,1.92782,-46.5603,84.5139,-166.296,43.5388,76.5359,-13.1783,16.4174,57.0468,-143.405,50.1058,-25.171,-63.9905,
		node 21.2306,-43.9088,-70.1801,-64.4635,-71.7048,-86.5243,-3.98766,89.0086,-82.4033,-72.6065,64.0558,47.0508,60.0725,46.9376,103.4,-32.567,59.3794,52.1314,-81.4278,-72.429,-95.8799,-75.8382,-28.0955,82.3513,-54.4007,-45.4755,
		node -67.3225,-111.325,50.8859,22.1957,-105.741,-51.8665,4.86759,-51.6559,-29.8594,37.9888,-54.1958,95.4254,-32.2158,-134.493,-156.541,33.1405,-69.315,-33.4299,-3.81568,-83.5945,66.8389,-81.8108,26.7573,17.4852,3.74297,76.5553,
		node 67.4346,-90.2611,92.3056,36.8542,4.77491,-141.1,62.0419,24.1075,-123.37,11.9727,14.3131,-97.7841,-81.5782,-23.0073,70.3705,76.6871,56.2926,-98.6065,41.7192,61.6075,-67.7413,-35.2638,67.7872,-35.178,-58.5851,28.2435,
	layer
		node 98.6351,74.7421,-6.71527,17.0825,66.4843,-73.8369,
endPlayer
