// Player18
stat 5
	layer
		node 40.9763,-86.952,-26.1986,43.8351,-57.239,67.9372,118.735,62.0564,-88.3533,-36.3303,-117.417,-7.57936,114.142,56.3641,-21.1251,35.957,66.4255,35.6755,-40.0427,-92.6026,-35.8225,13.1971,-22.1145,-97.9126,-18.9076,-4.19997,
		node 48.6549,82.399,49.4535,-58.1362,10.2753,56.5397,81.75,69.3707,-82.9884,-72.6579,-24.3295,66.2528,14.1962,24.3621,-40.6328,-73.436,21.8896,-103.37,-92.2975,-2.48697,18.9905,-109.761,41.6925,-76.4174,-29.5427,-60.3527,
		node -33.0042,29.0136,77.9344,-60.6596,-32.605,-91.981,78.072,66.604,-91.2651,-34.3433,-82.3378,-7.49076,30.3297,50.8968,-26.5182,-18.0467,64.3687,-9.44517,-92.0723,-90.1926,78.3348,39.1679,-15.697,-28.2976,-95.8343,-41.9175,
		node -72.8234,48.0074,45.8966,-82.7481,16.6615,-68.979,19.86,59.0506,13.841,-46.2732,-32.2186,79.6461,25.0072,31.5479,-66.5853,31.749,16.021,-37.5402,-71.2664,-27.2224,-79.6447,81.5868,43.0486,-35.8905,-86.1185,71.3656,
		node 69.7253,-55.4143,55.4188,29.2483,31.085,-85.1829,-89.0744,121.444,-62.4978,14.8144,6.67145,58.1633,79.527,-20.0411,84.6342,-53.588,47.8331,-98.4881,-72.3316,55.9177,-57.8693,-35.3718,71.1593,-38.6755,42.5808,-58.1125,
	layer
		node 11.3245,22.0003,-61.6159,35.4125,0.0374814,-73.3528,
endPlayer
