// Player64
stat 9
	layer
		node -83.4181,-83.646,-99.3282,85.0746,-98.5655,-39.2644,131.864,55.3182,-100.991,-20.2848,-125.172,48.425,-73.3486,33.6219,-91.7869,-139.195,-3.18638,31.2309,-0.171854,-105.496,34.5194,-48.2987,-4.5486,113.377,-16.3135,-94.2571,
		node -37.5187,-117.702,55.8509,-35.0986,-87.3411,-79.4343,-82.1113,55.1904,-71.0468,-109.871,-49.2883,-41.5629,69.6863,37.7749,-61.2852,-68.407,-69.7302,-100.28,68.3507,-9.17121,-6.24574,74.6667,-26.5634,-99.3089,10.1038,57.2633,
		node -6.80818,-28.757,76.9466,-9.43374,-79.1883,-84.175,-54.9638,-63.5925,-87.4697,-38.7238,63.894,-5.39498,59.6506,1.49972,87.6448,-16.8409,58.151,34.0793,-95.8724,-83.7278,74.5421,50.2251,60.4897,-10.3615,30.8308,-49.9716,
		node 57.8316,-103.558,-5.76875,-88.622,-11.6668,-43.3369,38.1145,47.1486,-31.3451,2.06096,-40.9809,99.6461,30.0417,30.8165,-59.5246,44.1876,-66.6698,-29.3956,-9.52342,47.5399,-111.916,-32.1581,26.7758,16.3609,5.4251,72.0772,
		node -67.8187,-57.9282,83.3932,53.181,-96.3124,-26.9393,-82.8305,-58.7643,11.7857,11.1708,-13.0447,12.4768,-0.693081,-27.6105,59.4623,79.8752,52.2953,-99.6286,-85.2698,59.0503,-56.7693,-42.0112,63.7025,-102.343,64.131,28.328,
	layer
		node -6.20903,100.558,-62.3958,63.6764,17.7322,-40.0429,
endPlayer
