// Player27
stat 5
	layer
		node 13.1574,-6.95636,-46.0931,-36.3844,29.6096,-54.9483,-18.7297,23.1065,-6.26069,-118.308,5.77685,-79.0589,-104.621,-21.2343,43.2733,-28.7521,-77.8633,-116.039,49.9987,29.8332,-30.2579,119.801,1.17839,106.832,-17.0797,-116.037,
		node 86.4558,-19.7483,10.0022,24.8072,-60.1261,-26.8784,58.2387,19.6324,-35.9928,45.0298,28.5665,-89.9476,48.5359,-12.5919,-9.64444,-44.8031,36.8297,-92.3343,88.4902,-56.765,-110.765,-63.3733,-121.701,-137.099,-37.4093,27.1312,
		node 109.125,-1.12689,-112.068,12.0711,-40.0381,91.0711,52.7119,48.7122,6.54367,-81.7735,74.9313,-36.874,-57.1989,2.00189,-45.3643,57.2026,-29.9863,-75.3029,123.503,-114.787,72.6267,-12.5155,-17.3379,114.49,-3.4735,-22.8333,
		node -64.1242,-18.6291,95.6053,-57.2486,1.63925,72.8136,25.0395,5.56365,12.4635,-34.7454,-58.1722,-52.6854,99.1959,-27.9766,-17.5159,-33.6455,39.9496,-72.5104,-93.0664,81.0154,11.1929,-44.4698,-91.2594,27.9748,-30.4056,-79.911,
		node 21.4269,-38.4272,-22.0591,-37.0194,160.311,6.16085,-71.4974,-15.6735,111.996,-32.7465,-75.6843,167.597,-20.14,-48.1648,90.1817,-71.8118,-5.31443,29.4019,90.5015,-39.8542,-20.5276,-92.5037,-28.5677,20.6433,64.3111,-40.9461,
	layer
		node 34.5613,-53.2954,-10.8614,-26.5369,0.511375,-23.3687,
endPlayer
