// Player10
stat 4
	layer
		node 13.6365,-82.755,133.803,-33.681,29.5346,-45.0726,24.2481,157.41,-127.625,-120.191,-17.9186,-82.7515,-92.5884,54.1698,38.8437,29.4112,-100.661,-17.2555,90.9844,-35.7565,82.3356,120.086,-17.5799,31.9521,-95.2825,-89.5157,
		node 84.003,-50.809,35.0469,31.0698,-71.3733,-33.5001,-15.6077,-66.9027,-54.6494,-19.0657,63.2482,-77.8766,41.9233,-18.5262,2.98976,12.8036,40.7713,83.9251,157.388,-17.95,-16.1796,-58.5627,18.9006,2.23877,-80.3649,-14.8798,
		node 110.073,34.3051,-64.3954,3.49971,-20.9912,105.312,73.1264,-11.9465,55.172,-81.0065,74.9871,23.7119,-39.5058,1.80733,16.6442,-44.0709,17.6459,33.8413,9.98238,-117.319,55.523,50.6956,119.114,99.4623,-60.4869,59.1653,
		node -133.251,-17.219,-118.061,-115.36,-16.6524,72.6002,38.4793,25.2526,11.944,-14.2399,-44.5692,-11.733,56.2023,-26.4204,39.9858,27.4044,33.1907,-38.578,-113.159,75.037,-75.716,-40.6659,30.4359,-53.9358,10.5898,-79.9665,
		node 99.0174,-19.6976,99.5419,-76.5903,12.6135,-29.3641,-33.2393,8.61788,-8.2513,-34.9619,-71.6307,-38.9871,-73.1408,-127.625,-64.7355,28.7872,-42.102,-79.3376,103.436,-102.478,74.8965,20.7231,-26.9144,-33.47,158.511,-8.74889,
	layer
		node 9.3174,10.4748,-78.9389,38.7896,-22.5196,11.3918,
endPlayer
