// Player43
stat 5
	layer
		node 85.3119,76.5093,-55.9329,-32.3084,168.745,38.7184,78.3871,36.1119,-22.6318,-43.5491,-11.5776,145.734,-94.8259,67.9756,42.6712,-28.6759,94.6871,-20.3619,89.0403,2.1137,-14.3152,69.2545,76.5392,108.426,57.8281,-112.519,
		node -81.8099,93.279,-29.5411,-16.4102,-54.0195,-58.8957,27.8671,27.734,-52.861,53.3412,135.372,71.1429,109.197,-32.3165,5.61269,-1.94015,75.2042,-9.85435,165.804,96.2029,-63.8113,-62.1396,-6.20893,-129.848,0.674877,-8.50146,
		node 25.5655,-112.508,-61.1242,33.9453,19.9356,108.357,20.4156,46.2936,-5.36506,26.9827,23.0257,69.6629,38.0594,5.14757,14.9351,74.2809,-33.5879,17.8619,111.128,22.7213,41.7355,-14.2446,135.405,-121.212,-66.0608,95.9035,
		node 28.075,-20.5857,88.9731,-101.158,-4.3099,67.4989,53.2266,7.58761,-104.869,-15.2518,-49.3417,99.4947,62.5653,-116.19,-29.8925,17.8157,-4.19656,-55.3918,134.835,23.1253,-6.65783,-37.3305,52.4864,-48.5288,-36.3278,-75.2877,
		node -10.0038,-103.587,-98.2973,119.824,17.088,-53.7955,-26.673,-120.597,-64.201,-45.874,-108.548,19.5645,-59.2106,-48.4549,36.6026,25.053,-83.1413,-74.8504,77.8143,8.02965,12.7778,1.5252,-43.1037,-50.9491,-3.62381,-64.056,
	layer
		node 78.4463,-24.628,33.8014,61.2344,29.4978,-20.1088,
endPlayer
