// Player98
stat 6
	layer
		node -44.6466,119.507,-57.4558,-215.717,284.659,-13.7653,193.05,94.1572,37.1302,55.0858,10.2357,-80.7409,-24.5891,-80.518,-182.056,190.253,322.496,-48.9938,-82.1236,-227.722,5.69624,212.578,-49.1642,-195.033,86.2827,-108.964,
		node -27.745,-49.5285,-93.8336,-189.34,-26.8866,23.6176,-199.69,-113.862,13.7407,108.756,192.148,208.13,-6.09738,4.13119,-82.9812,-102.335,-82.1773,-45.0925,139.371,173.12,208.468,62.6883,107.74,126.372,95.8877,-130.824,
		node -4.99484,-274.343,-110.95,-86.5905,268.983,105.391,90.8208,-58.1069,-11.4888,36.212,-148.56,19.0057,64.4641,70.2133,50.9005,-80.2543,-14.1791,291.275,116.26,-78.0354,-68.3348,66.1573,-269.048,-133.052,74.4143,-35.1444,
		node 140.518,127.003,-1.23296,-170.353,35.7989,-182.846,103.081,57.0724,-128.832,-12.7727,-141.222,92.9825,116.459,-146.66,-25.7268,-95.4207,-163.288,27.3967,198.423,-119.583,-7.00224,197.561,-172.413,-94.8987,-187.117,-212.947,
		node 118.016,33.3761,35.8699,19.6443,-5.02597,-68.9095,-110.993,203.367,-43.969,-53.9515,-110.721,22.0946,-34.0581,67.3066,-84.7709,-55.1159,-82.5583,95.3741,-197.583,-20.9306,46.6958,81.5581,94.5412,20.345,57.9022,45.9347,
		node -42.1655,-158.955,85.217,-42.0486,25.782,180.018,12.3004,-50.9986,137.7,11.2696,114.9,-219.133,22.1369,51.0073,202.851,53.9954,-51.4084,61.7834,-40.3991,173.967,-35.3846,-101.077,214.932,-156.245,11.0267,74.5751,
		node 117.248,31.1773,-130.482,113.038,26.1666,31.5596,30.6485,-94.4072,42.7319,-206.741,-66.0066,-94.1973,-219.575,-197.605,-252.61,-273.732,105.573,-6.46208,1.21477,156.842,-9.66207,243.565,6.30379,39.6303,173.709,258.11,
		node -21.5576,212.86,-40.7489,17.8481,-63.7343,-41.7307,252.572,-92.8789,-62.5285,44.8967,30.6213,10.5812,-43.2919,156.855,-143.635,43.8691,-57.0211,-92.6277,49.3302,51.3174,-262.12,-25.0248,-103.907,-122.572,-90.1434,-34.0538,
		node -15.0607,-111.057,-186.307,-2.55889,-35.7581,-20.8768,85.8028,157.017,-85.16,38.3549,-155.124,-46.0242,-139.888,-75.8601,-243.868,15.2238,-85.1304,-55.0266,29.8436,-139.479,80.1789,-140.773,60.6311,-9.1963,-75.6734,-37.7967,
		node -85.114,-26.0297,2.0064,-35.5638,77.2565,258.892,97.9905,69.8342,-85.5973,-72.3624,48.256,-18.3783,58.1716,-160.234,118.192,112.669,-10.2865,-75.7864,-277.465,-83.7566,-109.055,-18.6387,17.0429,116.584,73.2252,159.98,
		node 68.0938,78.6252,-103.241,97.3036,-90.1322,16.0982,-103.375,-72.4894,-112.474,71.9003,164.214,-99.7474,-124.444,-177.714,-99.1667,-47.445,-47.625,-94.6188,-71.7186,66.3087,-199.63,-12.3792,-227.566,-202.448,-73.404,-194.351,
		node -65.5035,111.031,-55.4356,69.3397,-37.4997,28.5871,-12.0605,60.5916,-36.4558,47.1866,104.2,-38.2345,-41.2504,91.8808,-49.125,58.5375,-21.7496,-18.7398,183.148,54.7218,6.48139,81.4857,-29.9026,-56.1905,-60.5995,-82.1968,
		node 50.1032,69.2892,208.528,-87.5791,-137.342,54.3773,83.5792,-174.726,3.55792,256.192,-87.9054,62.2586,-180.783,-90.0368,72.1792,-123.179,-65.4885,67.7576,13.2756,30.8013,-231.909,-34.6334,150.711,105.497,39.0275,-51.2879,
		node -42.3607,-30.1794,-60.5142,119.597,-121.342,211.146,6.42085,-201.385,105.804,-102.784,77.5907,-17.2909,-136.631,-242.208,-166.756,7.87909,-50.6218,8.12698,-19.0646,0.5388,-191.324,-9.8936,81.2263,48.1921,-172.762,-61.1711,
		node 84.6651,-233.306,173.428,26.3382,-86.5756,127.499,-170.057,-107.271,-248.038,51.9381,-88.8464,183.433,-69.6176,61.9871,-2.01351,-251.212,-28.5673,-209.477,8.38487,-221.039,-79.1503,-258.197,-10.9674,-56.6095,38.8053,1.58367,
		node -117.415,97.7886,1.31575,-4.09202,-100.257,60.8042,78.8424,181.889,-119.81,-203.792,-207.578,132.834,-3.82818,104.523,62.0537,-64.1401,190.148,-193.785,145.148,45.0953,19.6552,-220.182,196.553,-7.75042,46.0503,-56.8425,
		node 76.5295,-23.7242,-56.8296,-61.2916,-44.0527,151.427,48.5574,60.4624,14.7858,38.0508,29.2243,-200.784,190.612,-6.1498,56.354,6.42209,202.461,-149.784,27.7254,61.0692,86.3808,-26.1363,200.348,217.606,188.6,-9.33399,
		node -139.08,149.223,-60.4305,72.2576,-73.7161,15.7681,-138.449,165.648,46.196,70.3096,182.617,-121.767,162.996,31.5114,107.964,110.929,-212.112,52.5228,13.0007,-129.084,61.6403,-68.6759,73.6055,-72.1047,72.3097,-93.5809,
		node -68.2295,-96.4669,-91.9144,-95.8625,-95.1819,-53.6141,26.9639,66.3796,-44.3794,-101.958,-164.4,58.6998,-95.269,-110.561,-123.808,130.752,-6.8963,-25.7093,2.08338,-22.4342,-146.896,-89.6852,-190.245,38.6849,-23.4166,-16.7782,
		node -79.1639,72.1975,-52.8761,179.563,47.4537,-21.2157,258.834,122.669,52.5029,187.59,120.573,-85.4823,134.27,-3.97931,-135.051,-30.916,3.68508,157.449,169.232,84.2708,66.7364,-12.8149,-18.6909,-170.059,24.0882,54.2372,
		node -5.78154,-203.117,69.471,74.0464,-63.3568,-70.2417,-141.553,5.48499,-76.8851,192.648,-44.5954,274.339,-4.77201,165.237,-76.3927,-213.731,-151.685,-65.2441,-31.1089,-78.7574,-50.1946,19.2777,-231.559,-172.682,121.318,38.0914,
		node -23.6801,-64.3511,-231.743,-196.144,18.7706,-49.5934,55.6996,-118.088,132.547,93.618,78.6858,159.608,113.677,22.1677,-21.6063,-75.4439,-219.059,-20.6626,156.325,99.2291,-7.95356,-1.11511,73.9547,257.59,-58.4274,-36.8679,
		node 58.5829,-184.992,-7.45869,-37.5058,-107.21,-215.569,86.9433,-123.321,111.207,213.276,216.811,217.709,-229.338,-175.388,-46.0837,247.478,164.807,221.702,-82.4756,-72.418,-78.4615,52.9846,-92.3401,-24.1691,-72.4023,80.4634,
		node -57.1288,115.123,73.2945,9.75407,-152.311,50.3087,-58.697,181.165,-85.1408,75.0085,86.4275,-93.8585,107.596,-168.736,109.495,-149.118,82.0888,154.001,-68.8383,-70.3282,74.0492,-66.3829,-238.942,33.9168,-35.7336,-245.773,
		node -65.3294,8.52674,-292.979,-191.092,16.3199,60.854,-170.73,56.534,135.558,78.1364,-7.40323,15.6082,24.2979,-41.8916,63.4314,122.268,-26.8844,194.686,-112.871,-109.189,217.161,-21.3934,8.60288,-70.832,-78.3127,-209.693,
	layer
		node 39.2292,164.293,5.77528,-25.7829,18.2311,88.7624,-151.095,91.1754,139.287,-13.5116,-128.525,-151.937,-233.528,117.024,29.4965,-76.9323,-90.5179,-67.0057,-45.3306,136.365,-97.7113,41.1074,12.9282,-95.0849,-211.363,-133.112,
		node 109.426,-63.0115,-72.9176,96.9493,44.6378,-19.1181,-69.9771,-22.3903,-218.857,32.1784,37.1501,-120.991,-59.558,14.8717,-89.7263,49.7176,117.322,22.2008,-183.42,46.9683,-109.788,-91.3417,187.224,28.3429,11.0888,121.548,
		node -5.36021,12.3369,68.1932,28.5601,74.2398,-196.17,-191.36,-42.5594,-79.4599,-154.887,-17.8325,1.61852,243.923,46.6414,-139.936,-28.1481,51.8677,94.0353,91.7232,-49.0668,91.7083,84.8749,24.874,40.9707,182.271,44.1061,
		node -175.755,111.559,-6.29371,105.068,-179.735,-144.267,-114.75,-96.1565,-18.4512,51.2274,-1.86747,-92.8665,45.5494,71.9837,-63.6412,-70.4656,-16.42,-48.149,-49.0206,-74.6511,197.793,95.5027,-193.597,58.3054,19.0188,186.128,
		node 152.212,-148.314,58.2683,54.554,75.8867,175.686,-65.4553,-208.982,-48.2037,55.9573,20.8043,-81.572,96.7105,-24.2307,-139.188,155.675,55.8142,-6.83712,-43.6008,289.551,38.7325,-217.708,-44.969,-102.517,-85.766,-149.351,
	layer
		node -97.1043,54.6916,-27.2124,-3.70035,-13.124,-78.4287,
endPlayer
