// Player54
stat 7
	layer
		node -48.3524,113.204,-53.6839,-215.972,304.299,61.8474,222.819,117.208,32.977,57.3198,-15.4762,59.7667,-231.766,-91.1438,-184.653,179.959,318.359,-38.8684,76.4552,0.324887,27.047,225.83,66.1513,-195.458,83.5551,-113.576,
		node -38.3737,-66.6545,-91.0572,-180.656,-27.6313,44.9992,-3.92391,160.057,11.3134,90.317,209.304,205.648,-2.38373,-5.76091,-93.9265,-96.2735,-78.1194,-75.8993,139.051,184.44,212.143,-49.7428,116.374,80.8694,96.803,-130.751,
		node 56.1809,-281.791,42.795,-93.6561,133.115,105.271,92.8755,-17.8457,109.325,52.5032,-153.087,17.5753,63.9544,84.3569,77.6412,-82.4356,-56.1197,321.533,124.511,-99.8979,-62.3897,38.3004,-244.79,-113.329,71.1369,-34.759,
		node 133.368,153.684,-4.71859,-189.652,36.653,-173.296,-1.68901,43.2201,-160.87,71.3774,-133.847,88.0195,122.14,210.269,-25.8389,-94.2141,-152.036,24.7608,-13.1626,-134.759,-21.2413,188.724,-174.525,-87.4329,-184.716,-229.657,
		node 121.768,35.1916,36.261,13.5258,28.0741,-73.8583,-105.879,205.184,-43.0617,-61.0928,-102.754,18.7943,34.8058,83.1633,-65.0597,-72.5577,149.011,-130.448,-212.216,-31.1678,48.8919,68.884,77.9212,72.0762,292.755,-63.8678,
		node -40.816,108.889,88.0516,-49.5623,13.8179,193.476,16.5292,-78.2671,150.5,12.9547,99.2812,-59.2,54.0102,55.2588,216.075,61.431,-45.8625,82.6715,-30.6004,170.625,-154.035,-64.3318,-218.992,-162.623,-6.70039,80.2924,
		node 115.486,35.8167,-134.511,-257.998,16.8895,32.487,18.8305,-46.9952,41.9911,114.791,-59.9169,-101.23,-215.175,-193.074,-211.392,-281.112,93.3838,110.116,6.95631,-71.9832,-3.01701,252.483,7.35434,168.702,153.029,232.751,
		node -28.3663,218.007,-33.495,27.6078,-63.8419,-41.509,247.483,-98.3499,-35.8376,27.3352,89.9248,19.8158,-48.8383,180.97,-136.133,46.833,-77.1871,-90.6084,49.7977,-7.02713,-261.169,-27.0553,-99.5509,-101.605,102.708,-39.5088,
		node -18.6642,-73.261,-181.902,-1.34201,-80.5863,-14.2558,81.7151,146.345,-76.5965,31.4849,-157.571,-43.1291,-142.405,-79.6599,-230.334,0.183649,-84.8994,-161.719,34.8649,-136.444,91.2238,-108.938,25.8766,-71.6553,-69.4669,-24.0476,
		node -68.8476,-27.4403,-5.84609,-40.4519,-198.734,258.189,93.8147,80.491,119.431,-53.3801,-77.3515,-6.08758,80.1627,-172.82,-95.9765,114.443,-72.5843,-66.9617,0.720231,87.3932,-59.6674,-6.86,-49.6193,103.761,75.9292,11.7951,
		node 78.6988,60.4505,-90.224,87.9764,-117.33,13.7096,10.372,-81.6899,-117.931,59.3382,-102.465,-99.0709,-133.622,-181.327,-101.777,-38.0304,-64.2392,-110.176,-65.4814,58.3135,-237.945,-7.31526,-226.641,-188.686,-70.344,-204.427,
		node -67.6033,141.078,-79.48,71.3429,-30.2703,25.5053,-9.01836,79.4146,-24.0104,41.761,-137.798,-37.2611,-143.417,95.7446,-69.7597,58.2377,-120.179,-15.7106,-70.9544,69.791,23.6242,86.1437,-29.6877,-113.927,-60.6373,-81.0548,
		node 71.496,69.6002,214.816,-93.864,-135.018,60.8825,65.8364,-180.244,-3.98069,259.876,-97.8228,56.4285,-167.583,-98.8383,70.5246,-136.07,-39.3189,66.793,15.1612,251.646,-219.843,-28.5454,126.242,113.979,51.3284,-46.6266,
		node -41.4717,-19.5861,-54.0851,119.234,-104.046,209.292,4.68818,-190.01,110.817,-87.5068,49.3599,-105.558,-115.96,-243.117,-191.094,6.05238,-36.4303,-4.10787,-9.55101,8.6322,150.036,-12.6534,105.257,56.1982,79.7562,-66.4833,
		node 85.0739,-272.01,152.999,-91.7428,-108.897,124.296,-156.5,-110.063,-200.302,36.0984,-101.84,195.857,-60.1418,43.2174,0.866637,-224.845,-33.397,-211.255,-27.199,-217.564,-86.0758,-215.218,-10.3164,-56.9201,18.9273,-21.6824,
		node -101.153,77.3907,-1.64711,11.6105,-99.5206,65.1584,74.3024,173.67,-117.139,-31.6614,-175.034,136.503,0.635593,105.484,70.4709,-46.1897,191.073,-196.574,144.002,74.2896,11.0213,-209.196,194.127,-5.1118,42.7984,13.5363,
		node 86.9645,-8.94518,-90.7008,-81.6079,272.462,159.554,47.9275,13.1573,-7.22614,33.3698,31.1307,-183.497,60.8603,9.16874,60.2409,31.1866,189.263,-158.427,37.3207,61.3267,71.6555,-24.427,201.773,226.582,212.345,-19.0593,
		node -130.618,132.3,-68.5623,71.7553,42.2228,62.1173,-143.748,130.303,52.9549,29.5072,177.007,-124.915,-115.293,29.7877,99.7958,113.624,-1.60849,49.3492,18.9055,-120.858,67.685,-62.7542,76.4525,-88.9177,177.213,-125.168,
		node -3.47175,-126.377,85.786,-115.281,-98.4551,-49.2546,35.6092,63.4351,-17.8615,-109.95,-163.525,58.1568,-111.582,-97.6496,-152.773,123.538,-10.8995,-24.7447,-165.513,-18.2937,-131.24,-95.1011,-188.372,38.4989,-29.63,-20.2488,
		node -74.1717,-1.77498,-48.6749,195.907,-14.6099,-29.9832,266.457,107.655,100.666,187.495,112.448,-92.8501,152.82,39.3291,-141.219,-19.7286,2.70734,143.068,121.602,56.3151,43.0279,7.14467,-21.9452,-36.893,251.077,73.2385,
		node -16.6628,28.7034,79.214,68.3248,-23.0503,-70.4099,-140.568,-14.2809,-77.1488,7.35472,-53.8512,277.853,-22.6338,174.751,-92.5759,-197.616,-161.15,-73.0416,187.535,-91.5884,-94.79,40.9868,-232.918,-182.577,107.382,28.8243,
		node -42.2497,-62.5885,-219.073,44.0607,25.3869,-42.2125,51.7005,-117.229,103.431,79.9637,-176.483,161.41,107.966,31.7174,40.5526,-84.5302,187.125,-2.68116,181.526,103.793,-13.1843,-16.6556,87.0092,259.339,-53.2462,-41.362,
		node 50.9172,-166.887,-9.66784,-27.7782,-100.983,-63.3841,94.9647,56.0482,111.031,234.46,200.653,35.1217,-195.035,-184.571,-8.79677,244.702,-242.38,228.593,-103.918,-91.9405,-37.3422,-75.8601,-106.501,142.331,103.8,82.0511,
		node 88.0142,119.705,57.8388,32.5153,-178.101,45.5314,67.7643,135.809,7.0256,90.203,-31.2574,-114.466,122.107,-149.48,67.0651,-153.421,73.2364,58.8392,-84.3268,38.1698,24.531,-69.3607,22.8341,-130.159,-12.3483,-103.011,
		node -57.9184,-248.902,-282.119,225.057,34.1192,61.067,-159.64,62.3581,97.6832,81.2095,2.30462,26.6897,30.3949,-53.8437,69.782,96.0101,-27.3259,197.54,-36.252,-92.7724,221.597,-21.6195,-43.1841,-51.0942,-55.3261,-193.057,
	layer
		node 41.465,86.9885,3.555,-32.2465,217.767,101.006,-169.035,-46.1939,139.322,114.076,67.2018,-169.949,-225.754,36.4802,-188.415,-79.2619,-182.513,36.7366,-245.106,-119.428,-17.0514,-153.665,-233.76,-97.5851,-215.111,-225.501,
		node 108.239,-129.478,-60.9829,70.0188,4.57364,137.4,45.372,-142.693,-220.863,-3.20768,106.917,-122.977,-63.3304,-81.5032,143.396,-101.145,-34.4538,-47.7203,-63.24,252.798,44.9295,-78.1995,-101.901,-122.759,14.4438,-184.588,
		node -165.579,74.7086,51.9493,104.659,76.9112,25.0684,20.1343,27.2598,-96.1534,-10.2835,-21.0092,-166.297,230.565,-91.9353,-143.422,-22.6509,48.3995,92.9421,60.3771,-5.39398,-217.86,89.6207,-18.7151,41.1335,188.162,62.2286,
		node 51.8928,114.914,4.00089,109.041,-172.93,-114.112,62.7352,-197.834,-24.556,-189.296,5.28736,-78.2216,109.949,87.1411,-64.8555,108.625,-20.2944,-239.261,-42.2928,-37.0049,56.7177,-118.04,-184.755,49.3104,11.0096,114.23,
		node 151.104,90.36,-127.835,-7.74321,-206.562,90.5888,-72.6525,-207.149,-11.9791,45.6804,23.4827,-10.5825,-86.6106,-87.101,99.9173,157.249,-145.368,-14.5338,-33.2719,-47.6032,38.7087,-2.9252,-40.9056,72.1238,33.0048,-160.712,
	layer
		node -23.896,-76.7039,-141.939,-74.6722,104.641,169.582,
endPlayer
