// Player59
stat 4
	layer
		node -60.2279,103.846,-65.882,-20.9194,277.464,68.5449,209.515,93.799,-58.7513,29.7992,21.3538,59.2974,-21.8206,-82.9843,-184.703,162.985,289.11,2.08246,59.3477,-52.9026,39.5415,217.775,50.7162,-195.596,76.9811,-233.061,
		node -31.9376,-46.2191,-91.0399,-179.724,-16.3394,-197.543,-207.206,-107.702,19.3175,95.9345,196.031,202.589,-81.3019,-14.4553,-67.5915,-104.393,-80.7728,-86.3168,122.27,185.275,214.08,-61.9117,117.627,119.081,85.2443,-135.61,
		node -4.03446,-284.745,42.9835,-99.4512,278.377,102.699,82.9351,-210.12,93.6835,42.0547,-155.504,21.2464,48.6974,93.5293,52.164,-89.894,-68.2087,319.571,107.528,-121.203,-82.3132,61.9221,-236.792,-115.474,46.6995,-34.8717,
		node 123.661,133.95,9.6857,-175.274,-26.8865,-171.634,35.055,69.4479,-135.415,56.0583,-141.414,94.0239,124.971,202.826,-34.5698,69.6016,-151.359,28.0721,31.1199,-126.196,-8.93178,177.847,-170.125,-79.395,-174.339,-209.358,
		node 126.479,45.5984,38.2315,-55.696,19.1913,-80.235,-75.1334,200.204,-39.8873,-44.7881,-88.3461,18.985,-14.6585,67.6718,-83.1318,-68.9414,-71.0188,-237.462,-190.397,-30.3048,26.0459,62.1809,81.152,38.2031,60.4596,15.1448,
		node -54.2785,100.72,78.2782,6.49554,10.5557,205.126,33.0679,-20.0883,110.352,12.5069,114.208,-226.326,70.9442,53.2287,212.817,148.008,-30.1178,-4.88943,-68.1374,186.791,-156.677,-68.5078,-193.091,-176.961,-14.9796,92.3707,
		node 98.8875,163.232,-141.617,127.313,2.05215,26.6727,17.7913,-66.3451,40.7253,132.329,-67.7895,-101.988,-218.833,-88.7666,-233.066,-288.456,164.531,92.1034,-5.89634,-67.044,-31.9511,251.434,21.2759,166.445,164.541,255.913,
		node -35.5686,214.145,-44.6227,28.1783,-68.525,-37.5715,247.453,-94.6578,-41.8988,279.723,8.26116,11.355,-42.7351,173.096,-138.839,48.0735,-72.5489,-85.406,55.1267,46.3644,-290.126,-10.3483,-100.126,-77.6654,112.125,-34.1346,
		node -17.9096,-112.746,-180.029,-16.9808,-81.7234,99.2076,75.6157,151.968,-187.056,26.4289,-166.562,-47.2826,-68.2728,73.3041,72.8013,253.664,-107.034,-163.072,26.9755,-136.498,83.7671,-144.196,76.7427,-15.0977,-17.1961,-21.3006,
		node -54.2388,-10.5413,0.0633169,-52.4081,-88.2007,259.583,175.473,64.1468,122.504,-73.0571,76.8646,5.67823,60.9688,-181.6,-95.5846,121.825,-62.7479,23.6656,50.4216,77.6102,-60.9094,-2.23227,5.63948,112.707,68.6237,143.32,
		node 89.6445,77.6601,-88.6782,99.2138,-95.9338,11.2819,153.437,-83.9267,-113.274,275.971,158.44,-107.721,-149.697,-43.8754,-101.613,-57.9349,139.469,-117.541,-87.5034,63.7011,-19.6578,-8.22644,-211.827,-177.467,-74.2548,-162.318,
		node -76.4251,109.119,-71.4921,63.0879,68.7498,-151.119,-24.2374,84.5314,-11.8511,26.5598,-85.1381,-23.6457,-28.877,95.1413,-56.4903,-119.073,-125.667,-41.7988,-70.2437,50.3389,17.932,70.7559,25.8438,-145.289,-79.3371,26.3751,
		node 77.1062,57.8758,213.618,-94.5105,-149.168,51.2901,66.947,-200.386,6.0693,249.622,-93.44,51.2659,-158.313,-92.97,75.9733,-146.191,272.599,77.2366,13.8014,23.9378,-241.574,-44.5524,138.921,78.8724,41.819,-56.3008,
		node -46.3303,-9.23137,-75.748,114.754,-112.666,226.994,4.37523,-199.436,117.07,-97.597,65.1173,-100.283,-180.07,-229.791,-178.892,44.7944,-43.5383,39.4386,22.6237,-43.5634,154.123,-13.0501,93.9813,45.5726,72.6462,-66.6876,
		node 82.9823,-226.266,152.007,-90.885,-95.5588,145.274,-158.104,-106.954,-234.42,49.6682,-99.5093,179.526,-56.2153,51.8863,-0.805925,-256.811,-30.8219,-238.764,7.72627,-203.812,-46.9712,-208.46,-17.9288,-56.6613,61.744,-1.97392,
		node -99.4808,83.6989,-25.169,-28.25,-103.828,64.8793,19.9151,168.338,-117.008,-16.9798,-172.47,148.97,0.0781406,121.969,-47.965,-36.0718,191.775,-192.347,139.021,49.2617,27.8414,59.9476,182.787,0.861973,114.248,-48.0962,
		node 88.6758,-27.2926,-179.728,-71.7415,272.626,153.505,46.8235,72.9514,-2.20934,30.9583,35.0303,-184.209,52.5101,13.2503,43.4385,7.18485,-197.551,-162.86,25.1416,54.0432,82.522,-25.7625,200.892,-8.13867,212.665,-17.922,
		node 46.7702,158.569,-50.5556,-77.7193,-1.23414,14.2557,-130.806,162.306,59.1251,67.4,176.579,-114.061,-117.65,45.2934,110.308,116.298,-0.0668025,52.0332,11.0598,-121.419,68.2371,-33.3965,73.1429,-87.561,173.089,-112.775,
		node -55.2062,-100.726,-105.911,-91.2815,-88.2547,101.155,21.3758,73.1342,-40.2981,-25.1105,-153.116,71.9291,-95.6371,-108.544,-134.185,104.692,-1.7619,-31.4488,37.2376,-24.2285,-132.614,-98.3932,-60.8973,47.8032,-39.4275,-14.6981,
		node -79.0621,51.0529,-53.0511,169.9,38.646,-34.8218,268.505,109.805,95.8872,169.77,115.291,-102.325,152.502,-2.04409,-140.131,-53.1717,-2.41968,155.626,118.237,32.2418,70.3379,12.2565,-37.486,-50.0955,251.005,61.4307,
		node -4.86426,-214.368,64.7681,67.3494,-60.4833,-59.6871,-146.07,-20.2956,-82.8492,-2.58505,-71.0437,286.727,-4.60821,175.899,-68.9079,-219.441,-180.312,-124.175,-29.4076,-84.6364,109.137,33.7898,-240.703,-158.779,-43.6108,-51.2172,
		node -57.35,-68.587,-218.903,-129.787,19.8556,-57.4015,53.588,-135.28,122.738,47.5312,71.7691,-11.2675,138.854,35.219,-23.5162,-86.0588,180.998,2.23888,183.73,-24.8685,-1.48238,-5.41414,76.4863,271.29,-66.4902,-36.0884,
		node 56.8401,59.6868,-12.1639,-30.1786,-108.622,-214.171,91.8259,-133.041,109.538,199.006,196.705,228.846,-230.394,-50.4127,-55.7174,249.037,-50.3535,206.489,-83.7872,-93.9588,-56.9095,49.2493,106.562,139.006,119.352,79.8708,
		node 98.4797,108.161,54.9899,17.9954,-170.879,46.7552,-58.032,158.608,-11.634,73.1514,93.8652,-99.3333,119.357,88.6799,111.635,-157.715,68.5141,151.847,-82.6577,-75.0163,15.3859,-64.6458,-223.362,30.6135,-62.2608,-249.464,
		node -49.895,7.05858,-74.3528,210.593,-104.446,50.0279,-157.088,93.3775,94.6635,288.086,4.50328,29.5319,33.4105,66.5112,63.9658,115.305,7.8193,177.063,-45.6212,-78.009,227.888,-25.0699,-21.8398,-60.4959,-52.038,-212.302,
	layer
		node 140.762,169.934,-10.5393,-23.7054,218.436,104,-147.995,-59.7181,141.518,110.845,-119.462,-162.319,42.928,21.6816,-39.7173,-68.757,-181.396,-74.7786,-250.175,20.7064,-94.2236,46.0299,59.6338,-96.6147,-211.141,-156.551,
		node 100.06,57.4948,-65.3709,82.2549,-106.395,146.479,-73.1719,-18.4433,-203.196,-198.213,39.073,-115.913,-34.7879,6.33399,-82.9323,-95.9894,148.266,11.5874,121.328,-182.286,-137.524,-193.161,-98.9548,36.4426,14.2097,88.7806,
		node -157.701,-87.3227,56.1212,31.9376,75.8182,152.367,-94.5603,58.1325,-102.694,-144.018,29.2689,-169.292,-61.9852,195.859,177.801,-49.9609,57.2307,101.931,82.8821,-6.30766,98.5704,84.4232,2.21666,-90.5714,-267.782,39.8707,
		node -121.336,-41.5602,9.17106,82.2002,-105.448,-59.2185,5.51206,-25.0308,-13.3669,6.97194,21.8378,83.3559,-64.91,-11.8592,-67.3608,-105.983,-27.7622,137.168,-54.1391,-71.2349,197.105,103.601,-197.366,50.7171,52.2769,-46.3158,
		node 156.181,-62.1168,102.409,47.141,73.0686,31.7066,-68.2259,45.2689,-52.5948,-67.0091,24.7062,-79.5938,258.066,-83.8898,-146.247,161.318,-155.127,-143.071,230.18,-45.003,-124.715,-4.85315,117.345,64.3429,-74.3988,-72.4789,
	layer
		node -262.582,-82.2497,-192.262,-148.406,-109.495,-99.2076,
endPlayer
