// Player41
stat 5
	layer
		node -51.6894,26.0919,-27.3023,-7.43858,9.95919,-30.1509,24.9179,-36.3093,17.4664,-5.81674,15.2755,13.0842,-55.2736,4.23699,-16.6335,21.6303,-11.3041,-61.0502,-65.0431,-3.03927,-0.599133,-9.76572,-52.4159,14.603,-9.1145,2.93952,
		node 15.0014,28.1693,37.804,-5.05121,-22.8061,34.247,-44.6232,11.0762,14.944,-28.7295,-15.4395,-56.1171,-1.66381,28.5697,-18.6687,-15.4531,20.318,-28.0326,6.50008,-6.77436,8.65468,16.8198,-61.6957,24.982,6.52693,0.994276,
		node -24.8276,22.0909,45.4222,-15.943,20.2624,-12.8685,43.5545,8.05958,3.07805,-53.715,-35.205,24.9585,3.24524,-35.0773,-9.10394,32.6429,-21.5737,-34.1655,-32.1126,-51.7445,-4.11953,-7.68454,17.728,-20.9916,-63.4513,-34.0135,
		node 8.75868,6.51901,-12.6434,-12.6038,72.7584,4.30599,-8.78121,20.9164,22.0028,-28.9429,26.2985,36.6366,6.10665,-35.5809,62.075,-34.3939,-3.80311,-13.4756,9.28617,-10.1731,15.4289,40.7973,-17.1453,15.7881,-1.97097,25.0038,
		node 30.3839,34.9921,-13.1365,8.37861,-39.1498,-30.4996,0.496342,-37.2529,1.02379,-27.9962,1.9056,37.1718,24.6664,33.2132,1.72088,-3.62311,13.0892,56.1233,-7.61187,-0.720585,27.3403,-28.3408,-1.6249,-9.86773,-32.4525,-5.81529,
		node -28.629,4.3204,26.4041,-20.9762,-28.134,3.0393,17.5456,48.9885,-71.6744,-18.0382,-18.0922,-23.6497,27.9688,-10.5603,7.47264,38.4066,-49.0201,-45.6528,-50.4017,22.8552,30.5951,-25.5049,8.03267,0.161021,0.182339,5.2807,
		node 9.44945,2.6023,-9.15871,30.9412,-32.3977,-40.4662,0.810646,39.8734,-22.2048,-24.6577,2.27742,-17.4024,26.0371,-64.8758,14.515,8.89637,-59.2178,-21.8333,28.4555,-9.60912,11.7986,-18.1563,2.89346,-12.8845,29.114,-43.5364,
		node -46.2664,-7.09749,4.68685,39.6745,-11.641,16.7054,-32.2285,0.333214,72.662,-24.1696,-26.2228,-1.35041,2.21428,10.2829,9.72694,-29.6198,9.79116,-66.7031,-39.7255,5.51424,28.4047,-7.22122,-23.9645,19.6151,-2.18616,19.3437,
		node 17.6585,19.7595,44.519,-61.3854,-36.299,22.6901,-8.0036,-30.2344,-10.9568,24.7111,-24.106,-25.7504,1.76824,-26.1494,-4.92817,56.8881,-40.958,-26.9794,-65.4731,-39.516,-26.5996,28.6558,-3.87626,39.7042,14.1502,18.5135,
		node 26.409,12.471,8.93876,20.9558,-29.7468,36.8884,-51.3521,-11.7708,-24.531,1.61701,-15.3763,-34.4884,37.2525,-7.19756,16.7352,-44.7982,-62.9312,-37.9777,-34.9071,-85.731,-22.4079,-53.2247,47.3007,-15.721,26.6272,16.8665,
	layer
		node 23.1894,-34.7041,-15.0576,52.8269,-43.3758,-53.9172,11.984,-4.96865,31.1354,63.5914,29.5728,
endPlayer
