// Player98
stat 7
	layer
		node 30.0121,18.996,-37.8214,-10.9855,23.8929,-10.6737,-56.5267,28.3818,-5.72777,-14.1381,-0.220036,-45.9296,-45.0316,-49.7794,31.624,22.7041,25.8176,-21.2796,-14.0466,-0.442655,0.206305,-5.52926,-52.1566,10.0487,-85.0448,-18.1791,
		node 18.0009,25.4015,19.7272,18.8734,-16.7014,21.7252,24.4546,1.65681,84.0086,-28.2481,3.38393,14.1191,4.92098,32.2176,28.2035,10.5084,3.57289,-0.351642,8.90931,-9.32644,-6.55087,-7.34489,24.1975,25.8553,-63.3948,-6.72898,
		node -27.8666,-48.0677,-18.9641,-4.70347,37.0126,-7.90016,-16.5581,25.5406,28.3962,-36.1227,32.9937,-17.2161,-17.8208,14.7366,-8.3738,-22.1268,3.80368,-2.69822,36.574,19.4655,25.5461,19.4051,-12.3178,-12.7565,9.352,-23.9868,
		node -15.962,-26.5837,46.7005,40.0822,12.4403,7.79492,-21.241,-77.1434,-6.42072,-28.5008,0.0531164,36.9445,-34.2037,-11.5519,24.4336,-3.56111,-8.34578,-5.91524,-65.3928,-15.7402,-11.875,31.1357,-41.4765,-75.7823,12.908,-78.7492,
		node 20.0532,47.5488,-21.9055,-7.53395,-25.0934,-19.762,-13.8368,18.9829,-43.8801,-22.5032,-0.204346,35.2503,8.83539,29.0621,2.13522,-11.6351,7.55485,-16.7729,6.25783,-0.257693,13.626,4.19287,-0.291885,37.5651,-40.7647,-18.4709,
		node -28.1688,-9.90526,-6.79892,-72.8018,-30.2948,35.7271,-25.7952,-46.8351,-83.7721,-11.1328,47.0022,-11.9952,22.3402,4.39929,-2.56079,31.5507,-37.2199,-17.8098,-30.5657,-6.2612,-12.734,18.5108,4.0772,0.768686,10.024,-47.6341,
		node 24.7697,26.5978,19.1558,23.336,-62.4425,-27.476,-8.25881,36.4799,-19.2962,-18.0254,0.507003,37.3254,2.96507,-57.3058,12.3529,8.88577,-20.5547,-34.2296,13.1903,-9.12069,44.527,-27.3743,3.1357,-12.7986,18.9477,-36.558,
		node -48.0093,-3.00906,28.7405,21.1221,-15.7431,23.5654,-34.7616,-0.746069,30.1538,38.1464,-20.2789,4.34453,17.075,16.0366,-21.1143,5.31214,-69.2269,-75.7137,14.9838,-75.4574,2.91765,-14.2426,-8.03886,-3.22468,-7.16803,64.5937,
		node -24.7477,20.1657,-35.2338,-48.6494,-16.0108,13.0766,-29.4092,17.8872,-87.874,-20.2701,-17.5772,10.964,6.07055,20.2412,-7.0595,38.7915,-21.9408,45.7284,17.2256,-39.8099,-13.8844,31.1549,18.472,-37.1557,3.50682,18.9417,
		node 28.1621,13.8288,28.2502,26.7736,-14.4767,32.2482,-17.4075,-6.01812,-37.5288,14.0719,-21.6701,2.61871,-17.4165,-24.6276,-0.319834,7.26267,-48.4585,-63.0607,-27.5545,68.1213,-46.569,-6.22117,-22.4123,-31.2421,-9.62923,10.7547,
	layer
		node -5.70832,4.2707,0.610971,5.66932,4.40583,-33.2326,-7.36899,12.9136,-26.1522,2.93763,1.53765,
endPlayer
