// Player31
stat 6
	layer
		node -32.6758,233.728,95.7274,180.238,-103.592,18.1156,-172.1,-36.7197,221.539,-93.4382,41.5633,-39.6147,-7.54575,42.3431,-122.124,-34.7294,12.448,57.9273,29.7696,43.2604,-167.67,44.1891,-196.342,-93.488,27.4238,-82.7108,
		node 126.565,-29.0256,46.7366,-84.7287,-99.0848,-13.244,81.8636,38.8045,67.6292,16.7566,22.6283,49.5639,-27.29,-71.3133,117.096,-108.597,105.979,64.2221,10.9656,-85.3313,-127.082,18.7716,-4.05831,174.395,48.0603,71.0976,
		node 59.538,-168.995,29.6798,33.3209,12.2489,-72.6425,148.822,-169.976,-51.5624,-44.4154,4.34799,15.9683,-38.8108,6.80425,-19.6929,221.821,181.383,-102.898,-8.85994,-51.6562,-11.8467,-135.106,-36.4194,195.177,-108.718,6.99292,
		node 56.2727,-172.051,-113.048,109.443,49.5744,58.6918,-76.2537,176.206,-86.2733,206.607,67.2925,-33.8379,4.39371,-189.01,158.889,-75.4342,-21.1925,58.8617,33.4589,67.3716,50.7333,-44.9094,-9.75109,24.1141,1.70833,-33.0373,
		node 41.3831,-1.54731,-30.979,-68.3588,39.7813,-91.4418,198.706,-54.4107,10.7388,58.3286,8.35616,-88.0274,66.4734,66.5444,234.577,-12.4248,-190.738,217.803,-83.3701,-19.1892,109.211,146.492,-27.7184,-132.654,121.356,-104.301,
		node 36.158,313.107,39.3191,-17.3712,-67.713,3.74578,-17.7947,79.9829,-157.199,-80.3546,41.6249,203.613,126.422,40.4114,19.6574,-131.046,194.277,33.8851,-57.7364,4.4645,-105.51,80.421,81.4444,162.295,-80.6029,16.7194,
		node -34.9545,-132.236,39.3498,209.202,-117.175,95.6074,-102.435,159.545,113.946,-68.543,110.405,-95.7946,-159.713,172.166,-37.4635,-173.56,-55.4511,47.9634,31.0949,125.673,14.2802,-124.593,-8.1783,-73.4713,158.683,45.9139,
		node 133.121,-39.6278,168.295,55.6627,-79.4593,-163.083,66.5866,72.448,-35.3066,-95.7947,12.807,7.47297,20.6072,109.088,60.2073,15.7595,102.725,-133.552,81.1049,136.103,-149.155,98.4497,80.6121,67.5836,-113.85,66.789,
		node -9.95328,37.4984,-137.231,180.8,84.0241,-208.75,-176.187,-92.3981,-3.83185,-48.0957,24.919,29.3983,-184.252,-48.5281,129.173,30.4259,68.2357,14.7722,-66.8895,-43.0379,-32.0637,180.908,-59.2285,6.3093,72.4535,-109.62,
		node -161.915,-136.791,5.05211,-29.6928,46.7593,-114.267,-100.356,58.1581,-86.3834,-137.187,51.5974,119.951,21.7075,0.145516,180.895,-146.161,39.8247,-101.463,-77.9808,-161.729,-143.5,-165.239,64.3565,12.3292,54.4054,-125.7,
	layer
		node -118.514,57.0919,-81.1132,202.04,-68.1641,-35.3262,43.3179,-93.7084,-167.662,-71.4649,-175.999,
endPlayer
