// Player52
stat 8
	layer
		node -9.9688,231.484,98.8538,241.878,8.43151,39.99,-171.344,-25.0024,-9.4783,15.8876,177.012,-29.7311,-84.8692,33.4146,229.536,26.8067,-21.4824,-3.31294,-48.963,154.248,-172.62,10.4718,-146.559,-127.272,239.914,-31.4539,
		node 34.3586,-28.6953,43.5935,-89.8941,108.989,-1.76689,-193.242,-106.596,9.01431,14.2035,50.5583,30.6007,45.2786,-77.4329,133.27,-2.28868,-111.775,-36.1674,71.5224,-80.2,-151.777,-183.672,-17.1999,-67.6433,44.4272,142.632,
		node -98.8539,75.6597,79.7066,-103.342,9.66057,-94.7862,97.8548,38.2818,98.3212,-36.9168,-2.27228,-37.7948,-27.2155,55.2245,213.799,112.839,184.095,-98.7417,-6.24429,-47.37,83.9725,-132.273,-63.925,40.7175,-97.9089,256.601,
		node 75.2428,-36.7199,-124.79,-98.0506,59.7172,54.9795,-81.6906,88.6822,151.795,186.411,66.6752,-33.1545,-144.069,65.7398,82.6759,177.3,-13.0447,-146.047,6.09444,63.0181,49.3694,-49.4384,-103.793,13.54,-96.6693,-35.379,
		node -195.067,-15.503,-60.0955,-167.045,54.1729,-89.6435,87.0375,249.479,27.5084,22.5789,3.58438,-76.5697,59.9789,50.3492,63.9007,-23.5285,47.1683,216.786,-82.1961,15.7061,163.633,38.104,-163.078,-195.825,115.436,-198.175,
		node -15.845,325.26,-13.7802,-50.6696,76.1358,0.713154,-17.8789,-32.5275,-105.855,138.9,-29.3084,203.437,108.201,76.9274,13.4527,67.3427,-74.9919,41.7575,19.315,-91.5904,-87.8853,49.2494,231.705,174.613,33.0351,-15.3846,
		node -4.64023,135.174,14.154,6.60834,-114.007,-31.7369,-103.914,-10.5764,104.071,187.351,-15.4759,89.2159,-149.255,47.0921,-174.286,38.7893,-155.144,-171.824,-67.1896,40.6229,40.7399,51.5507,-86.5374,-83.2953,2.85581,42.5054,
		node 65.5536,-41.653,162.034,51.8629,-80.6153,-153.703,41.1895,58.9423,-36.1165,-98.5256,115.266,277.162,-225.938,108.202,61.6065,66.736,125.877,52.0004,-82.9381,153.667,-162.9,137.452,-163.601,33.8294,140.227,-68.9339,
		node -3.14076,-34.6764,-111.24,-51.2668,85.7408,29.7804,-64.9569,64.5749,89.3706,-47.0791,221.394,80.9698,-37.4556,-25.3168,-110.273,-1.32267,58.9203,-63.6107,-88.2537,-18.3262,-40.7022,184.428,-232.605,5.93878,-94.66,-188.112,
		node -149.683,64.0375,211.094,-21.9838,27.8683,66.9362,65.3945,50.0443,-10.8064,-143.489,50.7049,115.518,49.0094,-87.4451,185.924,-143.496,31.6402,79.0912,-71.7272,80.1961,-0.850951,-170.512,33.4603,100.296,12.1329,321.975,
	layer
		node -161.055,212.265,-91.0765,-0.729071,33.691,55.7588,102.27,39.0346,-5.98858,-22.6331,60.679,
endPlayer
