// Player26
stat 4
	layer
		node -155.132,237.808,2.55771,-60.2946,14.8607,28.2349,125.527,-43.1429,-98.0129,-61.7342,165.869,-68.488,-143.757,5.20942,0.574512,19.5854,-49.6425,23.9967,-39.2386,-227.249,-185.592,-114.304,-17.8623,9.36627,4.36721,38.9121,
		node 38.0022,-26.3919,41.4979,-55.3725,-90.3668,93.1754,36.7118,35.2919,64.2684,-169.03,-21.1131,34.1596,-28.0308,-70.8544,110.65,102.927,83.4169,-66.8746,-14.291,32.2965,-151.384,-178.681,-6.58359,-33.7469,-100.526,110.057,
		node 85.5831,25.0769,-49.3803,29.2258,121.35,-76.1812,111.775,-164.533,107.306,-40.3285,6.6111,1.42954,-44.7774,219.726,-2.25114,220.344,28.7418,27.6201,-101.732,-45.2124,-4.94686,-183.312,-38.8884,248.612,-108.846,-9.09941,
		node 74.7282,-1.68804,-94.4911,-127.426,48.109,-65.0953,-83.9424,174.751,-123.439,229.828,38.5205,73.7588,-1.48084,63.2788,140.067,187.119,-28.9709,-110.312,11.8961,103.534,-84.005,-57.3766,-7.18805,16.0635,-22.1942,-38.0014,
		node -189.909,-48.581,-63.53,-48.3716,15.7965,-96.1421,88.1648,-103.168,9.10833,57.3339,-8.77756,32.9944,69.4824,-168.24,-105.007,-19.3005,-65.5657,-39.595,-9.28674,-3.47793,104.613,172.442,-96.0678,129.433,33.6266,-197.88,
		node -14.2985,330.579,41.977,91.6116,172.899,-55.3629,-27.9206,77.3157,-186.38,-99.6048,20.9765,78.8559,124.61,72.9586,39.1659,26.5626,-72.2148,15.9518,23.6894,-224.991,-117.702,39.2806,82.6245,157.847,-130.713,-164.819,
		node -41.0873,-119.892,-234.698,201.763,-27.6579,-18.1421,-105.661,-17.4126,130.082,-88.0309,-15.5171,-88.5449,-187.249,104.611,-182.774,55.7109,-10.5476,-191.846,-37.2219,32.1465,-30.5869,118.896,128.247,-65.9632,-44.5096,9.68036,
		node 129.368,5.50642,-60.4683,-98.7621,-147.063,54.8467,68.0682,53.8706,-48.6475,28.3673,265.036,67.3915,14.2376,105.011,43.8699,50.7887,109.031,55.1102,96.2915,159.998,-148.478,167.922,33.5086,31.7429,134.254,61.9453,
		node -7.33344,155.165,113.212,179.658,-48.7265,33.817,-29.3493,-92.0516,-90.0008,11.2594,16.4785,85.8177,-177.055,-121.157,130.874,-34.8963,60.5384,-76.0754,-66.3308,111.868,-44.8955,74.2162,-15.6935,11.2255,-91.483,-117.371,
		node -148.316,66.5293,163.882,-132.08,49.2185,57.6728,-98.8036,-181.064,12.7746,-145.072,14.8262,106.102,47.9252,-131.847,174.978,-22.8966,36.8705,71.2848,-79.6438,17.4384,70.2591,-150.918,36.6233,-18.1568,-3.99341,315.026,
	layer
		node -71.1498,-154.882,188.958,60.9219,-146.11,-169.977,-93.0146,-71.4798,10.0993,256.185,96.0717,
endPlayer
