// Player9
stat 6
	layer
		node -43.8063,153.519,92.0686,162.489,-90.5308,-124.143,95.2419,19.5589,-80.4961,93.1858,108.784,109.6,106.307,194.086,-18.3045,141.1,194.081,126.04,38.7072,30.2348,132.195,105.018,119.514,117.904,-141.1,110.1,
		node 140.619,141.156,151.488,75.3951,35.7257,164.778,193.464,14.874,132.798,129.281,9.74752,119.429,57.7758,102.907,111.042,-50.4396,103.798,93.3695,103.412,170.779,-2.04522,146.361,46.5473,51.3394,38.2909,141.557,
		node 36.4032,140.152,123.761,-21.7353,3.5511,140.373,-56.758,119.158,27.9697,-33.4624,-12.8122,129.04,-91.4581,129.105,105.129,-18.796,4.69852,99.4375,15.5774,188.024,179.907,153.07,-85.6914,-16.5667,41.9414,113.754,
		node 150.225,-12.7982,90.2648,39.9164,132.646,-95.0245,24.5418,55.8318,-32.9116,-95.2428,112.638,-24.4871,115.009,-98.2689,33.3727,-28.5585,72.2405,160.254,143.297,20.4053,-65.7608,15.3797,197.184,145.328,67.1265,21.7741,
		node 143.181,95.2658,-19.7076,19.4957,-50.2005,23.0533,136.598,1.12045,-26.6661,-26.6157,94.104,-85.8188,51.8374,20.4387,108.599,215.855,156.35,19.5796,22.8167,50.923,147.531,15.2814,-124.771,-43.3886,-48.4953,83.2429,
	layer
		node 176.785,37.7502,102.069,186.786,-144.521,56.7791,
endPlayer
