// Player55
stat 7
	layer
		node -42.5556,70.3144,98.9697,164.009,-96.7228,-18.5851,8.37339,19.0879,78.7765,52.6751,65.875,150.598,-32.2128,63.8081,-24.3062,47.2532,160.161,-85.2577,12.0134,155.973,-111.743,-57.072,120.54,-69.3747,-134.461,97.0669,
		node -26.8627,122.266,143.443,-49.4313,-22.3739,170.268,67.8352,115.144,155.21,131.514,58.877,124.28,-20.4424,87.3435,12.3825,-21.8199,-10.5165,-13.3901,-105.095,-26.2988,158.961,138.317,64.1359,-11.0547,-7.59643,134.463,
		node -0.225686,3.63157,117.769,-0.209879,-39.722,101.374,137.11,99.7055,28.0699,-31.0885,-115.261,49.8681,-84.6587,181.273,-12.4212,36.1072,3.48088,130.933,-40.2457,63.3147,180.931,127.884,104.745,137.196,-105.266,-10.5561,
		node 166.001,-29.3003,25.8657,44.4608,119.446,-91.0058,7.07086,51.8248,-31.5718,-64.8288,24.5215,65.0224,72.5211,28.0485,8.14146,140.868,-20.4589,135.783,39.7816,21.6516,-49.9842,129.217,138.38,45.0406,1.55521,61.7832,
		node 128.76,104.008,27.4369,99.7271,36.8484,-151.087,-36.841,-57.02,61.4053,-49.2156,106.176,-78.6733,158.966,0.435539,-13.1305,-103.118,4.24723,97.2632,-3.67054,49.8615,134.811,-21.3031,-58.7268,25.2861,-12.0933,61.158,
	layer
		node 105.144,-3.58244,121.452,45.6305,104.418,1.67203,
endPlayer
