// Player18
stat 8
	layer
		node 0.468263,66.0895,-46.0181,-137.173,105.638,39.9127,106.932,68.8606,18.6631,10.6902,119.679,9.75696,39.9596,45.6752,-25.345,19.8686,-32.2188,73.4482,13.7399,69.6829,-128.269,141.936,-86.7298,-15.9248,-57.3695,-112.49,
		node -124.645,79.4547,-32.4543,94.9786,-134.526,-85.8933,185.316,95.2154,-6.74542,41.9963,-82.6133,102.883,-4.71818,181.669,130.545,-69.1348,36.3854,35.4461,45.2544,-40.0964,41.787,5.76048,-58.9621,31.2761,48.9618,72.2995,
		node -7.1792,-44.4867,33.0219,25.0538,-14.7386,118.209,-113,24.4148,22.4929,-22.3082,12.1365,-70.8242,6.33444,11.8875,-112.155,35.3906,-147.561,120.796,106.481,-17.8008,57.2049,-47.9659,100.982,43.3765,22.9814,62.5737,
		node 59.8095,24.5026,-59.3556,-119.538,144.926,-20.0092,119.788,33.1959,19.5455,-14.656,8.68522,136.155,82.6959,-11.6766,-12.1592,96.8217,1.80872,175.426,13.2574,73.0909,-128.079,70.4098,9.16841,18.8523,61.7762,9.89034,
		node 0.445847,59.7652,-47.8912,-109.968,-43.078,120.662,-35.1754,136.624,108.104,83.4045,1.99773,-8.39712,179.152,47.6702,-16.4839,-28.0432,-53.2711,46.3556,142.838,-46.2177,10.431,102.697,125.316,3.92793,50.7685,158.521,
	layer
		node 54.9111,-25.8614,53.9822,64.2604,-14.4084,70.0415,
endPlayer
