// Player36
stat 6
	layer
		node -39.1485,161.289,4.23751,18.6333,173.171,17.1973,-101.548,-63.8307,-193.03,-180.308,-79.8395,179.347,158.289,12.8169,215.344,-54.4596,-150.164,-156.954,121.019,103.583,88.3784,210.375,79.9929,-221.709,39.2496,32.0331,
		node -268.413,-233.988,-329.508,101.138,144.142,-17.3999,135.211,-33.8976,-249.283,-37.7992,118.094,-168.637,-214.816,-17.7784,6.73231,-143.841,-32.6388,153.472,158.855,218.008,-275.991,-110.011,-174.405,119.483,261.431,6.83687,
		node -204.79,143.295,-306.951,-111.571,-204.161,-162.545,-72.7824,-229.48,-303.013,107.454,22.9776,45.4418,-163.15,-207.914,-135.294,-215.372,-66.1361,11.7663,47.6159,-19.4549,141.564,-154.072,-289.362,253.054,111.362,-154.859,
		node -83.5641,122.897,187.655,-132.66,201.496,48.7354,165.131,-172.944,-255.311,-112.604,-14.0423,-160.648,29.0111,121.384,-15.5663,-93.0171,-301.943,-35.7616,-146.873,-22.0748,165.401,156.895,-26.0718,135.657,144.712,-209.678,
		node 179.771,103.443,2.31218,35.732,145.822,-236.055,-192.199,230.621,18.1824,203.885,-233.127,61.5655,170.48,134.93,-70.1001,-56.2017,210.411,-120.992,142.045,-107.494,-0.822275,-244.21,-31.7865,-72.5894,198.736,-75.4701,
	layer
		node 119.195,-137.059,-132.084,-240.827,-135.294,-48.8532,
endPlayer
