// Player29
stat 7
	layer
		node -38.092,132.306,-118.538,21.2258,155.115,11.2433,135.2,-65.4232,-168.129,-165.551,135.038,165.103,157.518,109.585,224.742,-48.215,150.363,168.191,233.122,-18.8217,-190.998,-120.349,70.9723,174.532,33.2943,153.995,
		node -288.534,-62.4933,-335.734,126.492,179.873,-165.17,-70.8958,-39.9471,103.99,-123.284,114.435,-164.717,-130.366,-47.8888,12.6672,-215.759,-59.7756,144.975,161.056,211.791,-273.067,-140.904,-175.714,117.988,111.239,-19.8346,
		node -243.668,155.013,166.788,-120.152,-137.88,99.4521,156.859,-225.248,-295.046,114.581,23.8036,42.6864,-184.193,35.5979,-0.322863,123.613,-63.1823,7.67595,-267.924,-27.6323,123.078,-155.463,-298.882,259.347,-264.347,116.84,
		node -80.7425,125.906,190.696,164.907,194.01,-57.0427,-335.312,-178.821,90.5861,-91.4377,-78.9441,-219.991,59.0318,-176.684,-70.8959,-1.5722,-309.195,-99.2956,-146.566,61.1862,184.416,-161.062,-13.9944,-35.7738,140.166,-214.204,
		node 181.852,121.136,-154.408,30.4287,214.287,170.814,-6.01918,224.203,-152.176,-24.2642,-230.24,-0.209134,-253.838,202.998,-75.2656,-60.5849,99.6024,-20.5966,106.224,-84.8244,-230.174,-244.102,-45.7949,36.3516,86.872,-232.436,
	layer
		node 133.999,-35.7738,25.0584,139.129,43.5629,-151.491,
endPlayer
