// Player91
stat 4
	layer
		node -29.6085,161.813,-123.032,25.1429,157.285,22.1252,45.5092,-70.3673,-192.247,-159.181,121.106,110.952,89.8219,119.75,222.276,-45.8713,-152.429,-32.8111,118.098,89.3456,-180.838,-125.211,67.319,-15.4565,50.8587,165.068,
		node -268.212,-71.0104,133.616,127.848,172.977,-23.5894,-239.292,35.7621,106.37,-30.4818,-152.85,136.925,-208.432,-39.5814,12.2462,-217.001,-70.4394,142.953,200.173,-84.472,-277.98,-107.331,-18.1555,-181.491,255.225,18.0989,
		node 160.225,211.701,-305.355,-121.249,-179.964,183.05,-69.399,-247.531,157.195,-174.923,24.2319,24.8237,-186.821,-205.229,-233.5,169.457,-62.0204,0.860923,-271.214,-253.782,134.134,86.3073,182.302,28.7108,-267.98,64.2353,
		node -75.0938,46.6854,191.708,132.305,206.121,179.899,-340.281,-178.728,-150.836,-126.491,-74.0945,-205.994,57.9097,116.153,-11.628,7.52796,-293.675,-64.8167,-152.543,-6.80766,109.518,-161.319,-23.1696,-177.47,144.351,-211.658,
		node -141.083,111.803,-5.8005,31.2238,147.517,105.528,-228.683,229.279,-217.251,-28.9189,-222.673,-32.1462,-266.679,144.954,-41.9092,-13.6334,6.42727,-113.777,88.027,-260.802,-230.838,-254.639,-19.1266,207.636,202.277,-75.5637,
	layer
		node 123.136,24.1984,225.345,90.929,-15.4565,178.99,
endPlayer
