// Player0
stat 6
	layer
		node -56.7728,127.499,-120.836,26.8372,-221.697,17.788,-100.502,-56.7203,-252.513,-183.063,146.637,109.764,-119.381,89.2896,227.963,-45.1781,-154.64,-149.764,118.085,-8.10187,188.563,-100.307,63.3261,-5.79689,45.715,161.918,
		node 10.0691,-63.1202,131.494,122.778,169.264,-15.8549,25.8132,34.9259,-224.38,85.3162,114.377,-170.616,140.369,-41.1108,16.4082,-212.364,-31.4177,141.63,195.686,-84.3113,-278.074,-103.632,-147.319,111.02,254.728,15.6223,
		node -207.587,-138.66,-301.524,-121.271,-183.116,99.0676,-69.7891,-242.27,-4.85695,107.835,-3.88316,40.1898,-185.94,35.7825,-7.11432,-207.466,182.968,2.27804,-199.71,-255.382,117.259,-154.882,-142.448,270.298,122.325,64.2798,
		node -77.0384,142.589,192.834,126.07,202.962,184.873,157.78,-251.799,127.838,-129.925,-70.1895,5.86743,58.4921,115.329,-50.8509,8.16188,-308.044,-64.2059,-146.142,-4.79771,170.999,-167.198,213.596,137.473,141.179,-217.528,
		node -133.915,118.511,-155.075,-201.242,154.219,-242.021,-229.268,217.682,-153.079,-254.044,-230.318,-1.19843,-262.26,201.16,-72.0154,0.162251,13.709,-299.38,101.603,39.7255,-233.646,-244.028,-20.5519,203.418,204.852,-243.055,
	layer
		node 134.847,-33.1766,157.78,30.2226,-113.848,148.432,
endPlayer
