// Player57
stat 6
	layer
		node -70.9481,95.3375,137.864,-28.6096,147.63,86.1336,143.433,-14.2384,63.4878,52.1849,80.6339,36.4966,134.814,151.56,44.2452,105.787,60.3965,100.374,160.145,92.9135,144.125,154.5,79.9723,57.7714,82.3005,147.986,
		node 40.2392,125.248,81.7164,121.975,76.4771,3.42546,141.621,39.7819,108.715,71.7311,140.057,83.4994,39.3476,115.447,131.696,54.0841,37.4651,56.3738,59.1822,-49.9424,80.1688,141.155,54.6922,52.6133,108.62,126.758,
		node 78.3042,131.321,127.446,89.8583,69.8722,188.716,149.111,56.6183,63.6556,-53.4739,-91.9391,91.5807,169.665,77.3991,113.391,128.514,71.2913,149.501,156.991,93.9833,-156.632,103.644,-59.2785,17.64,66.3854,69.1923,
		node 80.1337,102.935,153.638,118.243,-97.6844,135.482,53.9351,-28.2861,93.1739,28.7553,86.9306,-7.12847,131.383,161.895,142.953,86.6939,177.528,5.3499,103.805,174.049,90.0854,79.8563,-47.6062,132.243,28.7206,153.136,
		node 55.9473,105.649,82.5777,139.007,141.403,73.1331,117.946,85.1472,101.101,90.9808,95.126,84.5423,125.798,-98.6927,96.0603,123.972,57.5096,85.9766,148.153,37.724,-56.1362,61.9123,138.758,113.051,96.5422,63.0135,
	layer
		node 100.049,98.1134,-25.903,119.806,-23.344,94.9094,
endPlayer
