// Player89
stat 5
	layer
		node 38.7859,88.3836,130.498,-24.92,76.8634,107.806,156.372,-57.6841,72.651,143.043,15.2943,39.8673,145.921,131.559,62.7824,52.5361,-72.2812,122.849,-58.4315,109.805,59.0069,157.498,93.2656,60.2095,56.8574,146.578,
		node 71.0729,126.173,80.9832,131.505,12.1485,50.8331,88.4856,39.926,112.596,76.872,104.729,92.32,38.7625,115.376,136.694,93.5722,120.398,143.437,103.729,-45.1097,79.0008,163.548,64.8203,-74.7178,119.962,115.083,
		node -53.5348,93.6137,131.449,-136.247,126.347,102.295,-45.8151,98.8492,71.6526,33.9637,64.0137,-95.3423,-27.1232,65.6157,82.4429,146.534,84.4133,42.2882,9.11397,138.14,-151.157,70.2279,-61.2033,-36.5381,19.4015,-55.0639,
		node 111.3,163.289,-14.5917,120.541,126.965,96.2362,147.223,173.29,50.5287,171.821,87.8179,29.0432,32.2386,99.0227,109.999,134.109,173.779,-10.2053,-88.0767,2.82524,17.4258,99.6334,-50.6589,135.72,129.787,91.7973,
		node 92.8434,18.8943,-24.4134,146.103,46.275,113.763,131.008,145.371,82.5237,102.175,99.5976,59.6585,94.1757,-97.4916,94.0573,104.797,123.624,62.3095,62.3907,124.607,164.562,55.1933,35.2431,100.485,101.589,50.4081,
	layer
		node 118.571,155.98,104.499,99.6881,-36.931,122.997,
endPlayer
