// Player37
stat 6
	layer
		node -70.9661,133.33,153.54,-59.9208,109.867,99.7871,-40.6603,6.27144,66.8451,-85.7819,83.7111,-11.0168,-129.987,-45.6322,44.1503,113.125,32.7097,111.589,-65.4686,155.137,135.013,161.407,85.036,144.493,87.0415,-34.4514,
		node 70.9029,141.33,55.5813,140.543,43.0791,23.4181,105.977,41.288,104.68,43.9307,100.405,85.233,29.6702,57.3461,-128.62,103.573,34.8088,168.466,57.4161,84.2121,83.767,157.193,51.6335,142.141,108.628,131.146,
		node 108.979,127.839,-52.7731,77.8794,74.1015,152.729,-43.2121,60.4766,72.4729,31.7944,62.2041,146.981,-14.5368,81.2641,114.933,142.909,-55.4939,38.9076,-93.3624,100.743,-40.833,136.904,46.21,18.1225,21.2772,19.9923,
		node 143.18,105.37,86.817,124.116,-99.6371,138.442,37.119,-32.9745,56.3413,157.724,96.8656,156.921,87.6026,162.653,104.638,102.342,151.595,167.848,-90.3101,171.697,23.0564,70.0905,-54.7603,166.235,30.4104,152.111,
		node 60.6579,105.575,142.355,49.7205,61.8636,116.423,120.776,63.1936,84.383,92.9038,-68.9227,114.764,95.5241,-97.7447,154.112,131.728,117.935,24.0377,79.2465,116.171,112.537,118.723,134.654,96.2876,140.659,57.3001,
	layer
		node -87.3318,131.593,76.6228,120.975,91.3448,113.635,
endPlayer
