// Player40
stat 6
	layer
		node 220.125,-112.254,-16.6013,27.8469,235.768,29.4299,71.8356,153.465,-107.749,-64.5293,139.554,-72.1794,-90.1312,36.9254,-42.1813,43.1352,8.43495,-4.9621,-89.8057,259.967,182.858,-109.535,-51.2541,-49.4315,215.274,4.01891,
		node -94.0898,160.557,-102.066,57.05,-33.4385,181.807,5.59853,48.6249,160.985,199.435,-91.398,132.86,162.979,36.0246,-74.7274,-107.154,244.375,43.5701,-13.6458,174.263,-91.306,93.7438,-100.841,233.963,117.635,-122.566,
		node 215.056,219.296,-65.7702,4.27409,47.0398,-118.281,200.632,32.2287,87.7809,235.802,2.45714,33.8107,18.0367,-22.0892,-56.8998,21.2631,37.8603,-65.4487,-108.61,228.85,-102.332,-107.776,-55.7309,15.628,-51.087,15.8661,
		node 183.462,176.203,9.7979,77.9545,208.342,48.2311,-90.9699,94.5188,48.7622,-83.7955,144.764,233.731,33.3345,294.202,-17.7668,0.249249,184.031,-81.1651,4.2092,178.372,17.9605,21.3818,-100.222,167.328,52.5625,85.8253,
		node 166.843,277.22,-128.502,-3.58235,23.7989,-54.6321,-117.825,72.502,-55.0616,63.3817,228.536,110.914,270.986,-47.2581,-73.5428,153.98,15.0518,88.827,-5.42965,-97.3674,-76.9159,192.303,22.2174,20.8409,-101.789,214.071,
	layer
		node -47.6746,236.025,-49.1692,-92.1832,-114.203,89.8616,
endPlayer
