// Player64
stat 4
	layer
		node 19.2908,-84.615,27.9432,204.212,-80.355,168.382,-85.1611,51.9236,287.806,-92.5262,-14.7263,-87.1785,-79.1667,33.4559,6.3387,-5.65809,62.6874,19.4745,-87.8745,-1.53615,223.004,199.972,-34.777,-28.8325,221.594,12.7561,
		node 236.451,157.926,-103.973,-2.86334,184.303,117.548,215.76,41.7503,170.493,-115.371,-84.3712,129.271,217.422,12.6313,256.597,37.4471,246.921,211.669,135.059,-70.9297,-24.8395,251.432,-7.49012,94.4339,196.062,-123.229,
		node 53.4236,19.7662,-61.9964,-51.7916,-1.20051,-62.2662,213.895,286.295,99.428,14.8751,58.4701,126.032,-54.2523,28.6387,60.7782,-1.20872,-77.4722,-84.0246,68.0154,239.224,-57.5267,281.616,-169.247,-47.8292,125.651,221.732,
		node 177.767,55.4612,176.501,-62.2459,52.6279,287.256,163.913,270.912,72.8854,156.001,-73.7886,-6.61281,26.586,40.5854,-23.8462,14.0483,32.9689,-76.1984,251.638,23.779,-68.9787,237.826,226.733,3.16731,-101.837,35.121,
		node 156.238,-57.9645,124.216,54.0188,-109.357,-76.107,-71.5942,-88.0728,-67.091,-83.7308,-47.0362,37.981,272.853,-37.0976,-32.568,-46.0128,193.334,57.3355,9.65852,-31.6033,52.5618,208.838,-70.7205,45.1969,-105.798,205.451,
	layer
		node 52.2083,239.203,-20.9727,31.0212,283.05,190.771,
endPlayer
