// Player85
stat 11
	layer
		node 106.135,57.7252,-224.854,-67.1903,-78.4197,15.6645,42.3495,137.056,153.668,33.7111,5.24929,43.3133,-230.896,-55.3613,155.111,-51.2434,-25.6195,44.1704,61.7961,64.8393,9.04694,94.8281,35.6243,-40.3157,-231.662,-65.4156,
		node 125.647,129.297,131.972,-70.7711,141.935,-189.296,15.8387,137.533,55.0302,-240.536,15.2558,7.35413,-39.6175,136.023,64.58,-167.5,-27.6816,-9.77625,31.3974,64.0226,20.3471,-22.9145,-62.8564,-6.11811,96.5314,-8.12111,
		node 188.213,19.0493,11.303,54.3091,99.4775,-136.119,-46.3574,-91.9912,19.9404,131.8,13.1114,62.6298,55.0456,-27.7067,41.8536,-101.292,19.4065,170.932,145.259,106.915,-152.934,63.9241,7.10646,64.5088,83.7273,60.0245,
		node -119.403,38.0272,-25.4365,-77.615,77.062,-2.09379,89.4221,-61.8123,-75.1325,46.7409,21.3991,96.3872,65.7316,12.3399,11.3173,-16.9749,-63.4616,124.477,17.8729,46.2652,36.0878,-86.6573,-53.4858,11.4366,51.212,5.26889,
		node 50.6034,-40.0217,-13.9287,-23.6977,-269.673,218.472,106.621,-5.08737,65.5261,96.167,103.005,-148.04,-231.404,27.5525,72.805,-20.2769,118.901,8.68619,97.5383,57.8052,65.3708,85.1101,-139.965,122.623,59.8699,95.2299,
	layer
		node 10.5574,101.107,-9.08351,-79.1941,180.374,109.194,
endPlayer
