// Player39
stat 6
	layer
		node -34.5662,-49.4657,-19.6913,-72.2908,92.4072,-243.044,61.1207,-38.7949,87.788,-218.639,-168.641,-14.7427,35.0727,-238.442,-40.9424,-72.7646,-16.1848,-182.169,-168.282,46.3867,43.2011,125.21,86.6161,-289.096,-138.096,-280.296,
		node 75.9607,69.7469,-11.2012,-63.4872,58.939,134.664,-66.5837,43.9244,-189.75,56.205,-249.229,-6.50944,25.8653,-267.787,-65.0149,54.2279,51.5712,-277.647,-28.8462,-51.6308,-218.614,15.4358,-24.3289,-159.259,2.19985,89.2407,
		node -236.593,69.7863,-148.959,-11.0641,-26.9785,-13.0612,-261.011,8.51267,-349.327,-253.797,-48.9248,-38.7592,11.3563,-223.573,-264.309,-275.65,-25.5275,48.1807,-206.498,-28.3477,-167.943,-190.159,-275.056,75.3718,3.86558,65.5693,
		node -261.046,-361.553,-227.782,89.7968,-17.4385,-256.656,-128.349,68.2111,68.5147,-47.1936,-272.782,-0.139742,-72.2659,-15.4836,-176.611,-216.257,-24.7452,-226.249,-14.3744,-219.402,6.20457,58.3356,-48.0665,107.063,-4.98823,-247.988,
		node -25.571,-254.448,-29.9607,-28.4085,-155.613,44.9122,36.4884,-24.3313,79.6449,-4.20665,-232.317,-108.495,121.237,9.48628,25.0085,66.8924,58.9223,-273.057,42.7671,-12.1488,7.77242,-45.0307,115.396,-86.2737,-9.34373,-16.796,
	layer
		node -6.00282,-41.5918,-267.432,-297.433,-25.8372,154.87,
endPlayer
