// Player3
stat 8
	layer
		node 84.9972,-47.3994,10.5828,-184.444,48.5874,12.3983,-5.72136,-22.3472,83.3926,82.0815,-45.0907,56.6863,-93.8875,-253.989,124.705,-32.3759,46.2487,-56.0015,50.2698,-283.064,-5.58521,-42.7795,-6.89376,11.5608,-2.69266,37.9209,
		node 79.8195,-194.555,91.7939,136.379,-65.9255,-170.024,-37.908,-177.154,-60.3783,42.9701,-402.927,56.8198,-142.487,-66.8059,-48.2302,60.5195,63.6503,42.0633,-76.4833,-259.884,-257.842,-57.2251,-5.70463,-354.13,-59.3779,144.747,
		node -19.5775,-7.40849,-155.092,-0.339786,-32.9196,-32.4219,-270.39,-13.5953,-344.137,85.9334,99.1484,6.70326,74.2329,31.8071,-266.769,-76.9457,-25.536,43.9429,31.6142,109.817,-53.6758,38.0835,51.0223,58.6941,-299.5,-342.997,
		node -39.8325,-351.129,-239.825,-8.39995,-11.6544,-259.191,-227.698,74.4197,36.6602,-56.8035,-279.103,-163.625,-308.017,105.705,-270.263,126.858,-32.065,-41.4147,-175.665,-26.0422,-347.788,-176.949,-42.4956,-259.615,-137.539,26.3747,
		node 35.4347,-57.9642,-8.87046,-172.611,-221.123,-39.9361,-262.841,-29.0856,-168.69,-0.319682,-74.8729,-54.1321,-35.3586,-63.3829,2.66591,-358.963,-238.124,-252.317,-225.343,61.7739,-328.857,-48.1453,134.742,-76.8963,-241.547,-30.1101,
	layer
		node 15.586,20.4548,-4.78089,157.515,-197.376,-26.8172,
endPlayer
