// Player84
stat 7
	layer
		node 0.173691,-48.3318,-5.0714,-31.7835,32.1357,-0.444385,-18.3314,41.8689,74.6569,44.5043,-43.0563,-5.91215,-25.8599,-29.6613,-13.983,-22.4766,-10.9592,2.03188,1.17298,38.8216,81.7478,70.9665,-13.0224,63.7582,-17.9803,70.8794,
		node 89.6342,-42.8252,29.9659,62.1496,90.0373,25.3877,42.4591,5.49932,27.0895,16.4046,-8.57771,46.9208,127.109,27.924,-46.0269,189.347,57.0534,80.6542,137.339,36.1712,-45.3674,6.66802,-3.37417,-55.9663,48.7793,24.6864,
		node 72.8694,-78.7613,68.2399,-63.7868,-4.03414,-42.7378,19.4293,34.073,-17.3616,-12.4178,77.7023,-33.69,-2.45301,-14.6163,-18.3381,35.6822,86.0864,-17.5021,-7.30877,18.3828,0.801869,37.0447,-26.5286,-68.7491,14.4905,43.7763,
		node -41.4989,-35.3545,110.911,-58.35,-0.267138,14.5854,20.6523,-61.5517,-42.4417,-30.8023,-85.2975,15.1873,-30.2719,-15.8102,-21.0016,26.1316,-25.9985,25.8479,167.244,22.2552,0.102709,77.5189,34.5191,-2.5288,-23.4436,112.691,
		node -58.7,-7.45076,2.23318,29.813,74.0291,-63.4116,28.2405,1.01782,-26.986,-12.4302,-18.2932,-80.6032,34.3842,50.0039,-18.6843,5.21463,-9.28141,9.12969,32.086,0.713312,-4.78593,1.76819,71.6564,-22.5042,5.90148,53.0282,
	layer
		node -2.06495,-38.9832,-41.1208,69.2057,-34.1983,-54.3546,
endPlayer
