// Player29
stat 4
	layer
		node 3.08565,-1.64142,33.4398,63.6838,38.6589,8.26726,43.364,2.94384,22.1535,34.6068,-21.5688,3.47634,-25.5133,60.6407,73.576,-82.0098,29.7546,-10.0212,-6.30185,27.114,-34.7007,-21.9973,25.1246,57.7737,-31.3505,-77.4179,
		node 53.2618,24.1448,-3.54168,41.9842,-11.0449,35.8048,16.9774,11.947,14.8457,55.7428,40.306,32.2023,28.9582,37.0176,25.9474,-16.8937,-45.237,27.8438,5.64431,34.6113,21.4098,7.02695,19.8289,27.5748,22.3241,-2.72122,
		node 2.418,-24.9644,26.7597,-20.9449,36.0659,-1.79907,6.49601,16.0584,7.49156,-38.3821,18.6717,3.52462,39.6763,34.2295,-35.1778,-22.4177,-1.30013,-1.91541,27.6692,52.8924,-10.0095,-55.282,3.39159,33.3426,-16.1554,54.3216,
		node 20.4716,36.1125,-4.78115,16.6915,30.2895,52.1007,-1.46632,-10.2144,-46.2885,-4.31005,-39.8951,-15.7719,44.2643,37.5116,-42.7927,15.1894,9.6704,-11.6491,38.4078,-26.2151,0.480018,-12.7804,25.5644,21.45,4.39609,-51.8305,
		node 54.378,-43.46,1.71379,-41.438,-34.5273,37.1726,13.0943,24.858,-34.6002,24.7239,0.460567,4.73372,7.33792,5.51089,-38.7112,15.9725,-5.70267,10.519,27.648,-37.3307,-49.9852,-4.88703,-8.70132,49.1852,-1.31386,27.5924,
	layer
		node 33.6785,24.6471,-29.6127,-15.469,41.1777,-45.2783,
endPlayer
