// Player2
stat 3
	layer
		node 129.288,73.706,-9.45029,-58.2878,168.682,-39.0266,-39.5134,-20.6209,-16.223,12.9011,-54.3608,-3.89613,-47.7693,44.808,78.1306,-88.8255,2.27936,-4.27927,12.2339,41.5931,49.3185,41.7823,25.2111,9.22639,-146.775,-2.67107,
		node -0.929071,11.1699,-86.1501,-98.9363,48.1197,45.338,-15.6013,10.1193,-33.2711,-16.2695,30.167,-58.7693,10.1615,-146.063,-59.3532,22.3567,1.22449,-31.9488,-3.80873,-0.935831,31.4239,-82.8849,-53.9114,46.3927,-18.2263,-47.0071,
		node -150.277,-59.3931,19.9011,-36.4626,40.151,2.82362,2.60241,45.8759,-4.01114,59.555,29.6583,-40.7998,-1.31403,-1.75215,-47.6943,-30.5609,-24.2395,9.25484,-57.1838,24.5811,19.7066,47.8508,-17.4434,-21.9551,28.1204,-25.859,
		node -33.7202,128.074,-32.0112,-82.0741,47.1497,-40.7983,-15.3495,-60.9962,37.4271,25.1136,8.68926,38.2624,50.9727,104.565,-13.8222,-17.5783,-121.144,19.1487,-40.1278,40.303,-60.0983,9.18086,89.39,34.1201,64.8677,36.4885,
		node 73.461,-54.8809,-55.1931,-5.80441,40.386,-54.721,3.99183,-0.268536,-9.74281,-43.1526,-36.7203,8.1067,77.0276,-16.9298,19.8983,4.64683,9.32351,-32.2865,-99.3079,35.7548,-29.38,109.964,-108.665,43.6779,50.7311,35.7327,
	layer
		node -11.3341,-3.97215,-28.0695,-31.0467,76.1453,10.7733,
endPlayer
