// Player17
stat 9
	layer
		node 118.316,20.1621,5.94899,70.6313,-56.1051,-7.93552,52.5371,67.5851,30.7155,-11.298,26.4538,0.70469,-24.8014,33.565,-39.2849,-69.6671,92.2079,14.3142,12.6555,46.0963,48.8163,-10.0025,-140.253,9.2185,101.579,-25.3628,
		node 33.3032,115.223,-39.9552,-4.63437,43.1568,1.03944,52.8573,40.9318,18.2711,-14.1516,-83.8558,-54.9446,160.675,-141.628,22.2688,4.95285,-12.9973,48.1516,9.14541,54.3655,111.43,42.7677,-43.2178,45.3137,-19.7797,3.16553,
		node 16.2148,-76.8567,43.2644,81.8932,9.71403,19.8492,-25.0295,-52.6606,25.8517,6.83328,21.0875,7.61667,64.1594,-2.59647,-26.7039,174.123,-29.5769,-77.8122,-20.2836,-30.5084,20.492,17.9214,-17.0484,39.6915,14.2105,-25.9046,
		node -38.9508,-27.7768,-12.8347,-78.7595,20.749,45.8866,-39.4903,48.1703,-1.38921,26.1635,-113.785,66.4274,-12.9332,-21.0389,2.76778,-16.1331,-3.71286,18.1938,18.5153,20.314,32.2543,18.1351,6.79238,-37.4671,59.9421,16.866,
		node 48.7264,-27.2043,54.5396,80.4246,33.953,50.6723,53.6365,53.6516,24.1247,46.6799,-42.3473,10.6261,90.5196,-111.701,25.6002,39.5775,6.79532,-14.856,-97.0765,114.484,-46.5498,-60.826,57.5876,56.7242,-60.2215,34.8641,
	layer
		node 24.3397,-68.6893,36.4244,46.0065,-82.2454,-18.0641,
endPlayer
