// Player4
stat 4
	layer
		node -56.8926,14.281,14.6429,-59.8967,159.217,71.9,-36.8104,73.4448,27.6623,12.0506,23.0447,3.00426,-75.9126,72.149,-1.99595,-0.00723246,94.6782,53.9612,9.16326,-81.5376,70.3304,3.70201,-35.2979,18.3584,-132.973,-12.4304,
		node -73.5848,38.4488,-45.6093,-94.7159,44.0666,-50.9527,-83.8417,42.3824,-64.9892,7.33792,27.8658,-81.2133,17.5443,-90.5361,19.76,9.89471,10.9528,67.7502,18.7546,-0.834628,20.4171,40.3287,-46.8307,38.3267,-10.5615,18.1442,
		node 28.0477,-48.0176,-73.6922,-39.5718,39.6134,2.38642,70.055,43.1495,2.83095,-44.1531,-97.9553,62.9267,54.4967,40.5148,-29.1309,-26.1748,51.1825,-85.3889,-16.7782,151.312,-40.6294,19.7178,-15.6914,52.4106,-15.6073,156.764,
		node 84.2699,82.8319,49.2966,-34.3316,30.9207,-40.5413,23.9923,61.2181,33.965,66.5661,-123.423,69.0642,21.9687,-80.6702,-11.5381,0.616222,-44.0397,16.4998,-71.7654,-44.0707,-66.5639,15.8897,69.2906,-35.7239,64.7598,36.0897,
		node 71.0232,128.288,166.468,-5.3258,-84.4523,-53.5968,68.8894,-10.2832,10.7874,52.0101,-41.2139,4.83929,16.6078,12.7699,23.4976,-14.1205,-2.7929,-16.9012,-98.8398,37.4087,-39.4923,-14.4476,-121.954,2.43845,-107.596,-27.9744,
	layer
		node -18.6386,3.13811,6.10364,-21.2985,-78.0426,-128.323,
endPlayer
