// Player5
stat 3
	layer
		node -56.1151,197.488,-9.76833,-6.32579,277.759,-28.8039,27.2697,12.0938,-216.611,-2.44998,133.405,-63.6716,9.19018,15.7906,-14.3633,170.556,62.7354,55.1563,-107.962,-48.6024,36.8354,45.8033,145.529,238.896,-22.2115,135.938,
		node -113.353,-81.3931,-26.6131,-7.03143,-30.2111,-61.6053,55.9878,53.7444,70.3193,-99.1771,-159.85,100.023,-205.129,-122.358,-130.938,-62.0386,83.6452,-128.421,7.19276,92.0374,22.1824,-118.418,-55.1167,55.572,80.4489,126.397,
		node 47.0287,11.2766,-7.15915,-84.4064,-25.8114,-1.1036,-326.829,-14.4761,10.7954,136.834,-257.227,-66.1368,87.0905,-88.0028,105.354,-40.2394,18.1335,-142.186,78.9729,46.4581,-95.6356,18.5741,-67.1255,-65.8383,10.1584,-124.267,
		node 96.0358,122.792,60.658,21.3136,-154.025,-101.661,-94.6641,92.3623,0.224213,84.9237,-17.0281,128.29,-220.092,-115.716,33.4239,49.8815,-24.3188,-95.2656,4.79279,-51.2052,185.962,143.717,94.1446,-176.747,113.983,181.017,
		node -22.9158,16.8346,-1.3711,107.725,-105.632,27.5169,47.2819,200.417,41.9312,52.9528,48.979,179.184,-61.6877,253.679,-268.403,96.9902,15.0712,-156.719,73.6486,27.674,205.477,127.181,119.762,-196.353,-107.121,-42.6753,
	layer
		node -99.4427,-23.0501,-32.9534,35.1664,-109.43,73.0156,
endPlayer
