// Player91
stat 3
	layer
		node -53.1717,134.486,-10.5032,-31.4661,292.947,4.58594,-0.785876,-3.43895,-206.284,-19.4013,131.604,-56.6075,5.47055,4.60495,-5.84959,176.261,63.8228,63.1395,-106.104,-37.319,41.5368,39.4428,142.308,232.66,-28.5083,153.938,
		node -87.686,-58.6038,-30.2887,-24.0459,-22.1397,-60.1811,42.6275,76.8998,93.6163,-95.9293,-168.195,105.145,-194.555,-123.016,-121.38,-57.8566,65.3077,-136.136,6.02751,88.3378,1.33145,-128.591,-57.6587,43.5087,85.5538,132.991,
		node 63.1969,1.21228,-4.75635,-91.4778,-19.2632,-14.841,-339.263,7.93195,39.2923,122.423,-280.509,-57.0787,82.9579,-88.7993,114.911,-42.9817,15.128,-124.424,85.8005,28.0611,-50.1454,16.0385,-72.7092,-64.9168,-0.675903,-119.212,
		node 92.382,74.5099,54.5788,37.0598,-159.304,-102.612,-98.9814,98.1829,5.60058,82.3561,-46.9009,126.911,-224.062,-125.9,22.7619,53.5022,-26.1074,-105.317,-18.3584,-52.7658,186.423,139.263,104.117,-166.046,110.266,201.149,
		node -20.9613,24.5398,10.8024,103.934,-113.456,36.4012,27.837,188.447,17.7752,60.0992,41.1395,165.18,-51.113,242.429,-274.598,66.4534,19.407,-155.837,62.0546,26.7623,209.638,108.275,119.393,-212.06,-100.647,-35.1284,
	layer
		node -95.8741,-30.6299,-22.9513,30.9955,-112.715,83.1403,
endPlayer
