// Player0
stat 4
	layer
		node -49.1592,199.504,-12.3419,-0.457285,294.054,-8.86844,-10.4103,-5.64213,-209.184,-46.082,135.529,-64.6975,6.66184,16.0307,-25.4739,184.138,69.8933,1.07716,-105.026,-43.2979,55.39,61.0494,153.431,232.464,-36.9376,134.545,
		node -96.4047,-78.6072,-32.7832,-17.803,-15.3568,-62.8859,43.6357,74.0478,77.4959,-91.027,-164.121,104.316,-206.36,-119.622,-127.093,-55.6593,66.0242,-125.097,-4.13744,98.19,10.8275,-109.313,-42.8606,43.987,62.0691,133.213,
		node 84.055,4.6205,14.4881,-86.44,-16.5042,-7.00719,-338.171,-15.5939,36.9687,137.583,-284.399,-38.9872,80.8307,-85.0529,116.644,-41.0293,-0.422299,-138.779,90.5112,9.10087,-50.0496,12.6341,-62.3324,-62.1641,17.6058,-93.635,
		node 100.102,75.3584,50.4943,60.303,-130.069,-100.747,-109.869,134.713,5.20089,85.2143,-28.7655,126.638,-221.213,-116.093,5.00115,57.1273,-49.5026,-93.2588,10.7001,-42.1871,187.907,145.193,107.962,-163.121,107.675,202.187,
		node -20.8943,19.3365,10.4064,109.156,-103.214,15.3084,22.26,180.572,36.0043,61.2794,44.429,184.785,-62.9151,241.683,-266.558,70.1978,25.7041,-155.122,63.6159,27.3025,196.882,106.797,117.22,-210.658,-104.253,-50.6873,
	layer
		node -93.749,-27.6659,-25.8518,18.8145,-109.393,90.0728,
endPlayer
