// Player62
stat 7
	layer
		node -59.5722,137.677,-12.5205,-41.2382,280.071,-11.8286,14.8168,14.9907,-203.329,-14.466,145.097,-54.3638,4.60183,40.9177,-24.6893,171.983,63.8148,40.4594,-98.4597,-34.8894,26.9385,54.263,154.536,250.879,-30.1043,132.495,
		node -91.1324,-66.7029,-30.2931,-7.50596,-25.0421,-62.621,49.4309,99.401,90.4945,-93.7555,-169.411,115.178,-193.739,-119.973,-104.188,-58.0797,70.2654,-129.38,-7.56157,93.9379,3.02369,-121.051,-61.8883,44.8749,80.9139,113.127,
		node 55.3105,21.3739,8.21808,-92.0162,-13.6542,-7.54406,-321.504,-10.2655,41.104,123.192,-255.557,-65.8316,87.4607,-84.8848,126.763,-75.7626,24.5889,-124.634,83.5076,10.7652,-82.3029,21.7916,-69.2535,-62.5372,-4.26549,-82.9528,
		node 112.154,122.471,55.0014,25.9401,-162.12,-111.875,-92.748,91.0621,-15.2546,112.695,-36.1232,113.467,-225.842,-114.966,33.7554,3.89773,-37.8591,-102.582,8.66175,-42.3714,195.86,140.23,93.0018,-161.234,105.06,203.169,
		node -10.5561,19.4695,9.29363,109.088,-138.268,35.3743,46.8092,193.17,28.4167,58.4911,14.8794,174.127,-55.0632,240.377,-271.846,93.3902,31.2066,-158.422,54.0721,23.712,199.638,94.1995,131.405,-216.267,-96.547,-23.9139,
	layer
		node -93.6158,-32.0269,-28.1169,28.8415,-94.776,72.8767,
endPlayer
