// Player42
stat 6
	layer
		node 21.6609,32.1713,47.7704,-22.7138,-33.9201,-8.16052,-18.7768,22.5448,47.5387,50.5743,11.4717,-31.8894,52.9053,52.3669,-21.523,72.324,-17.5996,26.8982,-17.2586,50.8774,-38.7772,-25.3074,-30.0395,-5.37346,-22.2909,27.8044,
		node 16.2972,-16.6834,65.1513,2.51605,-14.454,-40.2897,-3.83552,32.9527,15.7919,9.1347,4.80449,29.7948,46.8575,-18.7057,18.4287,56.0373,23.1792,65.4043,-29.4056,53.8584,-27.7244,-11.8911,-75.9117,14.0466,-18.538,-6.59166,
		node 13.7488,35.5467,3.53509,66.3972,-30.026,6.61046,29.5736,-39.5955,-48.1588,-24.0394,65.0168,-64.7208,3.13845,5.21334,20.8078,-22.067,-32.7534,-2.02464,50.6554,-13.8716,-47.9968,4.92315,22.4968,14.9352,6.54884,44.9516,
		node 6.686,18.7212,-18.4059,-12.5151,25.0282,7.84907,6.16058,23.8763,-12.6205,-62.441,-24.3087,45.5629,-3.78201,81.1163,-23.4874,-50.1011,35.3993,-55.4971,30.2737,-23.4485,27.9587,-18.8957,-64.9638,27.5008,32.8839,34.0278,
		node -41.0073,38.2544,40.2948,-0.378923,-20.4296,-1.91595,-10.093,0.069514,-28.4707,-0.12027,30.9536,18.6928,5.12823,-23.9831,-38.0188,-15.3948,88.7682,34.8239,7.04508,-0.841743,42.5671,-56.8971,77.2922,10.7528,26.2421,26.6931,
	layer
		node 27.7312,-24.014,7.32951,7.47631,40.6122,48.3086,
endPlayer
