// Player62
stat 6
	layer
		node 33.611,33.0123,-28.6021,-1.63229,-43.6628,7.80398,-26.5281,22.7175,17.7418,50.7559,8.19803,1.15736,54.2899,25.303,-53.7657,40.6414,-28.5541,-71.0126,-16.1392,-29.5055,28.4823,18.5462,-32.271,-1.10276,-40.5365,-37.172,
		node -7.9548,-23.8323,65.7461,4.50232,-21.2372,-43.5891,-0.406711,36.0785,23.7365,-39.9027,-37.2622,-4.55397,24.9632,8.22568,5.52956,-44.2667,20.4877,-25.2973,-45.5427,-26.3211,-52.7997,-11.4589,11.4636,-51.8087,4.26548,1.52179,
		node -32.9206,34.3075,29.9459,-2.83318,53.7,2.64706,17.1267,-1.25679,-49.5757,-17.5272,-8.50052,-44.1853,20.0203,-11.1353,-4.23954,22.0771,40.9053,19.5406,-6.10457,56.2529,24.7564,-1.42563,25.2401,14.9789,10.4652,24.1641,
		node -41.9037,17.4596,-17.0082,-16.8197,58.9306,71.4947,-8.69715,-36.0894,9.23263,-3.28381,-24.5745,36.5429,-15.7984,36.7591,-28.881,16.4369,33.1992,-40.0716,29.9048,11.1538,19.552,7.17955,-25.3945,6.50151,-12.4512,3.73923,
		node -45.1241,41.5638,41.105,-6.40239,-23.9238,-6.32527,7.56184,31.6821,-34.5805,15.8693,-31.5553,22.8771,19.2193,-33.8661,25.4199,-26.5126,20.0882,11.6571,-28.9299,-27.7238,33.2434,-58.3829,86.0927,-59.7263,38.8163,26.9996,
	layer
		node 10.0592,4.95115,35.598,17.855,28.729,-47.0834,
endPlayer
