// Player24
stat 6
	layer
		node 24.8825,36.2152,-1.59676,-2.16422,3.14532,42.6171,-5.63071,-7.69559,-41.441,7.07837,50.6558,-24.8223,35.9271,-23.7783,-3.80961,8.9934,25.349,-12.6692,0.40459,17.838,9.57233,-77.5232,-34.7447,23.8308,22.7147,-20.0991,
		node -70.7231,49.1289,-10.1252,2.52478,-44.4828,1.68976,-27.5861,-30.4168,20.0407,6.36466,6.33716,70.6715,7.27295,33.0332,4.79173,22.4137,84.5828,19.5945,-10.1935,17.05,10.8023,2.95993,79.2659,41.2632,-37.3353,-41.1981,
		node 25.9771,-15.7726,5.80025,45.3177,29.5091,30.299,-32.7886,-32.5138,41.7641,-2.70697,11.166,32.1917,39.033,11.4772,44.982,-4.78835,20.3709,-10.6071,51.1639,-21.2511,-41.5877,-16.214,34.4124,-1.72436,-6.05574,14.049,
		node 52.4706,-17.419,12.0513,34.9309,4.79744,-42.7233,45.0492,2.39305,-17.2247,26.4349,-7.32502,-7.88793,-34.5046,56.1436,83.5859,-42.8818,0.712088,-11.0134,28.3619,40.8171,31.231,28.0546,-14.6714,-22.7254,35.3901,-3.68492,
		node 42.3367,32.3338,29.0959,-25.666,3.46578,-11.0125,47.0513,18.3112,-4.62728,-28.5831,-19.4946,-52.2293,-34.2515,6.32647,-5.34115,10.135,-2.77215,0.354015,92.0997,39.7647,-8.64106,21.9593,-46.8079,-16.4638,10.1116,-3.60582,
		node 23.1719,39.0645,-25.8558,55.4743,-24.6789,32.1925,-1.13105,17.1845,47.7981,24.4957,12.9814,-21.9681,-30.7428,-14.0287,48.9578,-39.587,15.108,12.6799,-63.8066,29.7324,26.5223,11.9014,-6.97666,17.2396,-8.33465,30.0673,
		node -79.6369,71.8651,15.0892,18.6422,15.947,32.3562,-7.94046,-33.3188,12.345,-37.9666,-4.24092,10.138,-31.4133,17.1742,8.75842,13.4701,29.9741,5.28909,24.1224,58.8521,71.6099,33.6921,25.6224,14.0607,30.5561,-36.0898,
		node 6.7589,10.6811,-39.5542,57.1339,-12.0909,-7.25459,8.07723,-54.6476,-48.9229,4.51266,-31.6394,-2.57148,-12.0543,26.5756,-14.6517,44.3925,-4.78379,-17.1782,29.8854,-23.4787,-21.809,-39.7587,31.9475,-14.5876,-53.065,-7.59606,
		node 75.2555,27.4398,-13.832,-19.6816,30.8099,24.1606,-20.0049,71.4177,-6.5036,15.9002,-24.4544,-41.6335,4.95982,-1.22384,-4.10241,-39.4403,46.3502,-10.4668,-7.20737,-41.5557,46.9272,33.4063,15.6626,-15.3207,6.65777,8.01243,
		node 35.4359,28.1592,-54.5495,-27.143,72.2094,-4.24082,8.89136,-18.691,-14.6982,0.16959,8.62274,-62.9155,-17.9295,-80.4652,-25.5427,-2.19946,27.3646,21.3649,-14.0612,-36.7065,-1.48524,-22.0561,-3.71954,50.9476,6.7401,-16.0929,
	layer
		node -55.1186,14.3028,18.7037,13.0256,-0.897685,14.5699,33.2099,-44.8174,42.8385,-12.4199,20.7929,
endPlayer
