// Player0
stat 6
	layer
		node 10.2972,43.9182,23.1015,13.2495,5.69675,-15.1352,48.415,-14.2639,57.8683,20.5142,50.606,10.1404,-39.8488,-20.9773,14.3181,0.461851,-14.9539,8.73096,1.95711,-6.05303,10.9216,-22.0513,21.7368,23.7453,6.76219,-8.26804,
		node -8.03003,-14.7944,-7.47081,3.40108,-37.6629,37.9382,-14.2715,-22.7967,9.59149,-32.0917,-30.5374,57.608,-13.7661,38.8728,3.74056,-14.2827,12.3363,-18.5809,-51.8608,-5.68043,9.52038,-1.87307,47.643,-8.96532,-20.6628,9.06683,
		node -31.9095,-32.0973,-31.3415,-18.1147,4.18389,8.9133,-47.5751,-29.3349,23.2576,51.2777,6.12969,-17.1084,14.8144,17.9718,33.0954,22.6437,-1.13107,-7.57054,17.5501,13.1669,28.4652,27.88,37.6261,1.16229,-22.6504,-2.2135,
		node -30.1387,-9.01527,16.4012,-10.6906,2.98703,-19.7161,-46.7922,-25.7543,-7.26924,35.7619,-21.8514,-8.02894,-33.7992,6.77989,-6.40694,-28.7189,-12.5239,-69.4783,20.6521,26.3706,-43.7019,-42.0724,-44.6184,-20.5583,23.4715,19.2513,
		node 17.8068,21.104,36.0762,13.4464,3.32434,-4.38643,-4.84802,-20.4556,-15.3636,-29.979,-28.0399,-17.2314,-33.1709,-52.9933,-10.1036,7.4349,-13.4381,6.17921,50.6139,68.6655,26.9477,1.47591,44.1188,21.3363,23.5562,6.71798,
		node 30.2691,8.46743,-2.25505,45.2604,-14.8544,41.9277,27.895,14.3651,17.2564,23.8043,9.37173,-15.2541,-11.6919,-50.5697,1.87599,25.0445,-54.1955,3.98978,-67.7126,6.28703,34.181,-7.93367,-5.50941,-6.64761,-2.72069,32.3096,
		node 24.2253,68.1825,27.854,-11.2624,-14.8574,29.1438,-23.4332,-1.91792,19.6803,-44.7607,-6.64212,-49.3889,-35.8208,18.8173,-3.61581,15.9755,12.863,15.6984,38.8222,35.1926,35.2478,-31.8426,51.4363,-6.10701,25.5177,-35.2747,
		node 4.88764,30.9268,-33.002,34.2878,-8.46978,-0.992053,8.31472,-27.6991,-53.7837,7.78608,-19.6056,-12.2504,-48.8037,14.9326,-60.7594,-29.203,-1.69856,-30.509,-79.0578,17.8232,-23.0501,3.2256,29.2227,-23.4554,-44.9931,16.641,
		node -19.1915,38.0846,41.5808,-15.0685,-39.1373,32.7144,-20.288,9.98165,70.1371,11.4345,18.1911,-61.782,8.37075,-8.68186,-27.2302,-51.9982,6.38581,69.345,20.0164,16.5011,27.8914,37.8378,19.8881,-8.86347,15.7307,13.0188,
		node 33.7492,12.4014,-41.361,39.2795,40.5611,37.3377,-16.3939,-1.39695,21.6097,-7.26296,6.61022,-1.51809,23.2249,-95.5063,38.0493,35.2349,27.6517,2.01786,-9.13737,-20.4077,-6.73101,-7.61685,-9.85034,17.1501,-23.0407,-12.088,
	layer
		node -20.0784,10.3994,-10.8323,-17.1913,22.6775,18.9938,9.25724,39.8339,-23.1643,7.47232,-37.4271,
endPlayer
