// Player3
stat 9
	layer
		node -4.67265,26.4757,21.1797,32.7759,9.91998,-15.2615,-30.338,-37.7392,-46.9264,8.60561,56.9629,-18.7135,-46.8886,-19.1155,54.7128,24.9206,14.7997,59.6143,9.71832,21.7477,3.17222,23.9327,-35.0004,29.9216,21.2944,-24.917,
		node -69.0356,61.6856,49.9221,6.61442,-39.9743,4.73077,-32.3551,-27.3894,9.35414,-7.58392,-43.3072,69.0234,8.58962,50.3081,-6.8611,-5.98469,27.0606,-3.7335,-12.4702,6.37759,-14.0584,-10.7337,-30.4346,-22.2384,-19.2466,-41.6645,
		node 26.1842,-20.4612,13.0824,-14.1659,20.2388,28.097,-19.5963,-53.1234,24.1947,6.7066,9.7575,27.0643,22.7528,-28.6768,17.7787,-10.1584,-31.5242,-5.33003,49.7844,-2.23973,-50.9862,29.2025,30.2394,4.08788,-28.5237,17.6529,
		node -34.1194,-18.9664,-2.6458,28.2364,9.88137,-17.2451,6.31514,-37.9828,-39.0651,2.7929,-25.472,-14.7448,-24.9969,10.4685,8.52787,-33.6196,5.83122,-9.57561,11.0932,33.8953,36.7841,-62.1567,-26.2035,12.307,10.3755,14.1357,
		node 12.4698,18.0525,36.8242,0.548692,-1.05749,4.25392,43.1196,-9.16093,-13.1092,26.6865,-58.5612,40.428,-33.9681,-44.4961,-6.6216,-40.7849,9.91651,11.2708,27.2227,53.3499,2.50335,54.6845,-47.7761,-22.0526,0.168403,-4.62081,
		node -46.3582,59.222,-23.4921,46.7099,20.4911,30.2823,31.0651,11.9896,19.5466,20.5346,4.43106,-20.0998,-25.1554,23.8111,22.5961,24.6695,-36.1369,3.49385,-74.0654,10.5194,5.21918,-9.87283,21.1117,-26.6879,-2.33116,9.25111,
		node 6.21465,9.38946,32.1968,23.6787,20.6049,36.9846,-18.0502,50.0912,-52.4661,-43.9254,2.47203,-52.4399,-42.852,40.3635,1.54215,-48.2072,10.5885,2.7635,19.2808,60.0295,-20.1663,-13.216,10.5238,1.78042,-2.16896,-43.8784,
		node 5.50406,-2.783,12.7939,-41.7029,-14.094,10.7334,5.78113,-43.4428,5.1221,-40.527,-8.47165,-1.13134,-52.5046,58.6699,-15.1005,38.1347,-5.70363,-17.9146,29.139,-29.758,-26.5701,-39.0626,-24.113,-32.8617,-41.1363,25.8131,
		node 64.916,19.5202,-11.0679,-12.6369,-39.6079,-32.5055,-23.3262,22.7418,8.5671,29.1464,-23.1945,-48.1523,-8.08057,-15.4675,-1.35109,-69.9696,58.7974,14.0528,-9.62026,29.9706,45.6544,-6.36664,19.965,-1.86185,8.02622,-17.1655,
		node 36.0277,15.3797,-58.2486,-19.3133,70.241,39.8418,0.712825,-11.8389,-10.8116,-18.2951,7.9122,-73.6998,-15.5504,-80.8313,-24.5946,-5.92276,30.2985,24.0137,3.20366,-47.1252,-19.6937,-19.4436,-2.68072,50.2029,-22.0932,4.38126,
	layer
		node -21.0924,-17.4342,-19.2254,-4.25705,-46.3549,-11.981,34.6712,19.3314,5.43864,42.4308,-5.27509,
endPlayer
