// Player70
stat 5
	layer
		node -42.0878,70.2353,-41.2569,53.6974,-10.1913,-43.3583,12.8477,63.9103,23.4826,150.439,6.4147,-50.4117,-39.8002,-7.41757,99.2534,80.9254,10.7261,90.1283,-21.1565,-13.3392,41.3309,1.27075,-60.6931,61.2457,50.8705,84.838,
		node -82.7748,-108.841,-54.7607,-20.5074,-130.658,-32.1292,-60.8186,-3.62741,-36.8359,-10.5671,23.1095,-97.4878,-41.8185,-9.32396,48.464,55.6726,-58.7723,-36.5161,1.22343,47.8453,-69.2038,-147.914,-9.6746,-33.4966,123.667,51.5874,
		node -82.3974,-101.123,-90.0554,29.0133,23.4065,-12.826,21.9598,-31.7531,3.07895,55.95,22.924,-22.4214,121.778,-3.80015,-39.3239,-31.976,36.4118,123.626,47.7105,-19.4075,-76,-0.52219,-49.912,-40.1894,66.8964,42.8144,
		node 109.743,-66.8953,-46.1841,30.4525,-36.1053,48.3013,-86.874,32.3399,44.2686,-166.064,-26.4353,126.515,-25.1868,78.1352,-46.6833,-11.7435,2.45198,-112.366,-33.6741,-29.8041,72.9095,-53.2919,-12.1905,13.4246,-145.43,80.1858,
		node 16.3921,-35.9393,-42.0924,-29.4758,76.0926,-15.8273,28.2375,-40.0478,47.9799,27.0131,53.6149,-0.147756,-3.05663,12.9441,-47.6768,9.36907,-14.2172,-14.8068,-3.19611,-114.13,102.31,-6.60016,-24.5108,-0.431206,-70.6719,-1.61638,
	layer
		node 72.7967,-78.8107,-27.7408,68.3263,-61.9875,-21.4098,
endPlayer
