// Player17
stat 4
	layer
		node -46.596,-39.9935,-34.814,89.6314,10.6284,89.0419,63.0191,18.6105,19.4896,129.343,-7.30684,-45.6645,-11.9925,-7.86694,-21.3508,-42.3631,12.4085,13.484,-16.3241,3.33727,4.0307,-5.00199,-1.32881,68.5971,-23.6941,56.6368,
		node 31.8584,67.5001,52.2582,-27.6634,-126.663,-20.0959,-49.9862,-31.2867,-62.9551,-15.9631,24.0965,-97.4964,65.6104,-5.45213,108.695,10.9768,135.934,-32.32,-28.8468,57.7392,20.0138,28.9819,-15.1354,-57.9836,32.7282,17.5099,
		node -93.5002,-89.5262,-90.2818,30.6584,25.0346,5.84251,6.58453,-13.1381,7.4209,50.0424,25.288,-36.5849,66.3548,-42.8159,9.54554,-40.424,56.2892,118.826,-22.4439,-37.6509,13.8383,-15.527,-42.771,59.3223,64.9178,5.46956,
		node -5.90684,-52.0419,-42.4579,6.68332,-35.8473,75.2976,75.8303,-21.4583,37.2642,-24.6789,-52.7788,-27.6987,-14.0034,76.8985,-35.9309,-36.1724,76.658,8.85484,-8.65844,1.59977,-44.1878,-14.0297,-14.5295,-32.6369,95.6884,82.5318,
		node 54.776,-32.62,-36.2272,-49.1471,76.7398,-50.7514,-91.8068,-57.1668,56.3403,-53.7717,68.9742,-0.752671,42.5368,-24.3534,-48.1079,-22.1054,88.9222,139.434,-63.53,-71.5745,96.9229,-52.4117,-23.1405,-1.64697,-50.0526,-36.5782,
	layer
		node 49.4715,-5.03102,-92.4901,-105.534,-34.1231,36.9734,
endPlayer
