// Player51
stat 7
	layer
		node -38.5569,42.6394,-39.5503,90.1323,-7.33271,-43.3134,-146.803,69.994,-20.2842,151.482,-13.3522,-60.3815,-35.8893,-3.93409,-39.8351,-3.22385,-35.7613,89.438,20.1823,-67.8395,24.3714,1.21708,-50.3477,-43.9138,-44.7049,83.8054,
		node -70.3592,64.4967,-61.9809,-20.464,39.1652,105.516,-45.1522,-6.06025,-40.381,70.3957,16.3989,86.8386,-41.1474,-11.1457,106.36,52.8808,-3.35667,-25.6766,-3.75923,-34.5927,35.6101,-145.345,-2.65863,-35.8045,88.3525,51.7022,
		node -79.5825,-107.738,-89.7211,32.0228,31.14,5.9587,13.4539,-36.5636,-34.8785,53.6189,12.3374,0.00717967,65.458,-40.4159,-39.6641,-35.0461,-32.3346,124.633,48.5038,14.1641,12.8127,6.04018,-40.8939,-102.946,-39.2448,36.9778,
		node -112.532,-53.9686,27.2496,29.6378,-18.2012,-42.0377,81.4456,-35.6699,-7.71163,-24.714,-48.7569,-28.6741,-18.4805,59.4045,-39.0845,-38.0528,115.036,7.43009,26.315,-21.5936,-35.2871,-43.6081,-19.4762,-1.67637,-40.118,50.4206,
		node -89.7288,-36.1304,-42.4272,-42.662,-54.3531,61.9468,8.60353,-40.7023,46.182,59.0624,6.64395,-12.425,27.364,45.3575,-67.006,-49.4293,-14.0098,-11.206,-0.742933,-9.27262,59.7809,-3.48761,-21.944,-31.9495,-59.8803,-37.6665,
	layer
		node -77.2305,-29.3243,38.0401,5.47565,58.1652,-21.2216,
endPlayer
