// Player99
stat 6
	layer
		node -39.7276,-18.4454,-43.1818,87.8637,8.92502,-46.3383,-62.7573,19.3311,26.6461,43.2035,-7.36996,-58.562,-3.69293,-9.27218,-16.7099,-46.1122,-26.1189,85.8584,-3.21586,-67.7732,5.04845,0.325161,-54.3783,-4.69416,-32.8556,71.6756,
		node -79.7644,33.5964,-55.8573,74.2802,-11.831,-17.0811,-40.7454,-69.87,-63.176,74.0465,-12.4481,119.652,41.3089,-79.6063,109.25,10.1425,122.913,-31.2379,3.82344,-38.1574,134.593,24.4423,-9.68056,-37.3252,126.91,-47.398,
		node -101.342,-105.007,7.41935,-72.308,66.6011,-15.6584,14.9744,-24.5735,9.55648,-40.7789,24.2992,-40.1097,127.983,-52.2219,5.40264,-9.98383,-39.3694,117.028,-22.4357,-14.1181,-73.926,-14.3692,-39.6877,-106.395,64.0756,71.7863,
		node -14.322,-46.731,-40.3219,26.5997,-39.2951,-37.1735,54.6417,-58.8553,-1.21522,-9.32754,-25.4849,-28.3167,1.07155,-48.0167,-37.5476,14.6864,40.5001,33.6808,22.4293,-29.6437,14.3147,1.31552,-7.04242,0.587287,97.3577,84.8079,
		node -3.45531,19.1871,-41.526,80.0742,80.3425,47.583,-89.192,-57.3428,74.0482,54.3252,38.8218,-54.7663,30.0853,-27.5641,-50.6607,55.2278,107.021,8.88413,3.66337,-114.361,98.5731,-37.4492,-23.0565,-1.29248,-74.9523,-48.286,
	layer
		node 70.4148,22.4812,-93.1769,20.1259,-44.4981,16.3244,
endPlayer
