// Player77
stat 8
	layer
		node 115.472,35.7267,70.5294,-90.3623,155.066,31.3511,174.505,126.597,-3.36557,63.6608,107.484,-112.603,164.767,-94.0119,17.5243,71.2249,33.5262,40.1201,68.0982,93.2856,-182.079,224.763,59.1401,-183.437,77.25,139.651,
		node 68.8119,-158.401,-30.6543,-16.9855,63.3653,99.9424,-58.4335,1.14042,124.364,-177.418,-161.562,-108.961,133.286,175.471,222.429,176.037,27.2172,-6.06783,-11.6973,64.1879,33.5,-40.9118,147.662,145.807,37.0267,58.8212,
		node 112.895,-19.2937,75.2325,49.8695,161.826,36.2633,-98.7169,140.108,-9.37008,118.139,73.1194,-16.4058,118.009,41.2802,69.3222,45.8605,16.3261,201.009,-52.9736,113.338,26.6878,61.7427,149.557,64.8556,-24.8755,-29.1836,
		node 139.933,98.9743,-55.7145,156.936,34.2638,173.952,77.6396,56.1394,-178.324,223.542,213.99,81.6751,112.728,60.7614,-164.102,137.596,-39.1623,-6.38318,81.5366,-18.1262,78.1219,32.5223,-46.0313,33.8342,72.9132,-14.6239,
		node 16.7279,116.863,14.9019,-16.2179,81.0207,-32.2883,69.0947,131.78,71.5562,26.0452,102.298,68.4653,-42.8624,117.727,2.88827,28.293,162.619,8.46759,-75.715,81.0529,97.3147,161.878,85.9266,136.778,156.69,48.9931,
	layer
		node -100.782,-98.0532,-19.8042,182.328,-156.411,16.0314,
endPlayer
