// Player31
stat 7
	layer
		node 27.4971,70.4888,-68.0423,82.5882,94.0048,-28.105,-29.6454,-12.9329,17.1729,89.9785,104.578,92.3296,-12.3254,7.24652,10.906,34.2504,119.984,25.6561,-48.1971,90.2489,33.0098,36.2674,-42.332,33.7674,97.2825,35.4793,
		node 74.1176,23.3678,49.8027,85.8843,44.03,-17.2587,-73.6913,81.7499,-159.711,-27.3716,83.0691,90.5448,-43.4239,22.7406,21.2519,94.0284,-29.3569,62.712,33.6912,47.4367,70.3542,30.0434,73.5531,87.3604,49.6888,111.116,
		node 47.4309,13.2213,77.9306,36.8313,39.3562,-69.4997,-67.49,-6.35485,8.93506,50.6031,42.82,68.4836,105.864,15.2501,61.8685,65.5587,78.7621,-23.3443,62.0259,-48.6227,1.33085,-102.582,21.422,-9.48418,19.8972,75.1876,
		node 41.803,-25.928,6.55752,8.2977,-212.942,70.4007,71.884,-50.8706,-55.5864,-40.6952,-184.2,91.036,-40.411,31.6332,122.425,77.4665,106.252,61.9536,84.638,63.1868,-10.9863,17.069,-36.3001,85.7506,6.33806,-10.3365,
		node 74.543,-77.4988,-39.0503,77.1545,55.5516,-36.5785,-22.0732,68.7692,61.1216,-43.711,52.0176,50.2851,52.5006,22.9809,-28.0905,-34.6085,-69.9361,-100.996,-58.2942,81.1211,99.1597,-21.0324,22.6463,87.6065,99.3306,-62.5935,
	layer
		node -36.7819,-2.8508,-35.8813,-12.6331,-89.3336,74.137,
endPlayer
