// Player64
stat 7
	layer
		node -66.4034,70.4851,45.5362,106.149,-52.1435,71.2506,-36.5537,59.3269,47.8,15.0237,-57.2304,64.2469,47.3342,32.6215,48.5827,68.7964,-39.7948,29.4561,-46.4563,93.1915,29.2324,46.9307,77.3847,25.3073,-47.9185,21.5225,
		node 64.6991,15.9867,51.2352,86.41,51.3444,-17.1974,-60.8872,35.1616,70.4888,-69.2589,43.3662,10.8575,14.4454,54.4545,-54.0693,89.8763,-35.7716,-37.2717,-46.0517,-77.6063,-57.0313,47.6229,50.8457,62.3931,3.07276,87.9937,
		node 25.4903,9.14699,-65.5685,48.9744,-42.6317,51.5644,-48.8247,-42.1907,16.5262,81.481,42.1964,66.6617,14.775,42.8547,15.6495,40.9676,79.4332,110.109,-55.5907,68.7579,6.00793,-102.554,89.4829,-46.1822,36.4839,64.2328,
		node 11.2442,-18.4761,-38.7114,109.789,-195.832,65.677,71.6193,71.6916,63.7159,-58.611,-44.4527,58.3402,10.8393,56.0876,77.8883,8.6713,21.4946,74.0653,81.9975,75.9361,42.1037,104.487,71.1479,-90.3871,92.1012,-4.03611,
		node 11.6421,-68.4029,-44.9714,-45.1247,-52.0517,-11.33,-29.7889,62.943,61.7981,81.4496,-45.8172,65.1943,-24.327,87.7585,36.1283,79.3472,-58.3994,31.4292,97.497,110.298,61.4882,-7.25894,47.5058,85.7368,71.2371,1.28447,
	layer
		node 79.3148,-54.2994,-37.2851,5.5971,69.2199,-39.4937,
endPlayer
