// Player20
stat 6
	layer
		node 44.3892,76.1505,-64.9667,89.0395,80.0155,-29.3152,-33.7424,59.7958,14.0157,84.1752,-14.3092,99.0766,41.1349,8.27306,54.8549,-64.6292,115.349,17.8738,-41.8083,90.9407,36.7735,43.0755,-38.7086,36.8856,-33.6791,45.9337,
		node 90.3196,79.988,48.9531,92.3691,73.6527,-16.5652,-65.8613,93.7746,-11.144,-30.3279,42.3376,-39.9958,2.20153,20.0569,97.8035,93.8904,43.6054,65.0722,41.5966,56.083,-34.866,44.0241,-51.6957,-142.955,23.3155,-64.9207,
		node 90.1767,28.0772,75.5692,29.7801,37.4972,126.997,-15.9807,73.2167,55.1997,70.2825,43.2843,65.8264,38.5491,22.6051,73.1285,64.2235,78.0858,-24.7909,-115.223,-55.5743,41.9014,-54.6856,-57.7759,-14.6346,45.8582,74.0637,
		node 6.23052,43.9424,101.338,6.10014,-211.527,28.534,86.5932,-50.6364,37.9738,-30.3126,15.8959,90.1162,-34.6615,65.1013,122.13,75.8299,105.324,62.4324,11.3954,66.5839,25.2177,-34.638,-30.3451,-29.5806,54.7254,56.326,
		node 76.111,-76.0657,-33.7304,77.2213,100.062,-10.9723,158.478,68.4055,60.3679,72.9206,47.4836,38.4418,-24.8763,100.122,74.0079,34.9411,-47.5803,-22.7441,45.8625,-45.9016,66.6949,78.7477,46.8206,-45.9702,22.1424,24.9038,
	layer
		node -59.7499,16.4499,23.5969,-225.089,66.8358,95.8899,
endPlayer
