// Player50
stat 6
	layer
		node -64.797,23.4355,-66.4318,103.822,15.585,-13.0876,-29.4115,57.4546,54.9886,116.533,-56.1808,62.213,-24.2646,71.3449,93.969,16.5149,118.762,20.1466,-51.1292,64.2045,-15.919,33.001,-32.3629,106.239,57.5104,8.78869,
		node 76.4156,-33.0294,60.7159,92.3477,45.0923,-19.107,-25.7045,41.1155,68.5096,-45.361,82.8992,12.4272,-43.4495,71.8126,76.0096,92.835,95.4116,-20.7022,46.166,28.6431,68.8473,30.5498,71.8447,51.8264,3.84898,-58.5009,
		node 59.7917,24.3772,63.8095,46.5007,-80.8698,-67.4541,-80.2936,109.848,4.71916,57.2546,27.3493,71.6486,54.8625,15.4466,100.309,62.7542,40.696,107.997,55.7943,78.9706,59.7586,-64.2023,-52.8658,-36.5388,27.3602,69.6987,
		node 6.26983,61.2684,95.7307,-2.6629,-216.211,72.6686,103.914,-44.1106,80.343,-38.3077,-51.6147,75.3358,-40.0858,86.947,-2.93968,16.9869,108.892,-27.7643,82.7929,70.2839,40.2359,95.92,81.6936,-88.601,67.8242,51.0741,
		node 50.1133,-76.7483,101.774,7.12539,-48.7028,-38.1633,-45.6623,8.69706,76.5354,51.6302,46.076,-69.8494,-23.0228,19.5686,4.50706,-32.8611,-49.2451,-102.265,-60.1036,116.031,56.0296,-18.3332,37.7402,47.481,67.2629,4.95631,
	layer
		node 68.2456,11.3132,-56.73,-27.9162,33.0371,-36.3915,
endPlayer
