// Player79
stat 6
	layer
		node -57.289,57.529,-153.903,104.645,4.32779,75.7143,18.9283,66.6171,11.0502,76.5734,30.9684,98.2404,43.4444,1.23627,94.7683,43.9636,120.571,32.1144,-38.1997,85.5709,-15.6317,48.436,-31.2357,33.008,55.9214,25.9174,
		node 55.7354,-180.139,56.5214,85.5254,-52.6982,-19.9614,-75.5077,42.1679,66.0897,10.7463,-50.4725,21.5733,35.5901,-11.026,21.8791,95.2082,93.3688,52.1075,50.9884,46.5539,71.8232,38.5596,88.2423,80.8946,5.01361,45.0323,
		node 70.1875,58.5885,28.3884,42.8977,-57.1382,58.0462,2.92819,11.5785,104.054,51.9331,68.3044,59.0073,33.5452,88.8226,100.442,56.2982,79.6234,16.3725,54.8438,28.907,53.8352,-107.026,22.9318,-33.9802,25.0521,68.9038,
		node 6.21088,-29.2356,-43.9968,-4.45203,0.798721,71.0572,104.753,-142.979,56.6683,-39.3769,58.9835,38.5082,-35.034,88.6533,-4.40229,17.7423,-32.6003,-27.6964,74.72,72.5618,8.3976,-54.4047,82.7574,-65.2551,9.50721,48.8749,
		node 77.541,-57.8619,-47.1854,-83.9044,-46.3307,96.4835,65.0379,15.6325,59.346,85.8616,63.5593,64.1032,100.143,63.8437,72.1944,31.5575,-63.7732,-27.0403,50.7916,-78.0445,67.4335,-7.52716,33.0816,66.9209,74.6856,5.90367,
	layer
		node 94.6304,-0.0218616,76.274,112.657,75.2902,-48.0821,
endPlayer
