// Player10
stat 5
	layer
		node 104.142,28.8246,101.455,138.205,72.5981,10.0164,141.678,23.9768,42.4315,-19.7574,49.3128,-23.1228,79.1768,32.6335,32.6744,49.0657,89.5506,36.2702,76.0202,74.2303,34.4187,39.3057,65.323,52.9722,-38.2168,173.73,
		node 118.307,9.13206,19.792,162.905,-74.7842,129.956,35.1065,-33.4116,82.8994,176.192,134.459,4.82972,117.537,-2.91295,-40.8732,-9.72964,30.9196,144.591,60.6048,25.4807,43.5774,39.4196,27.2646,85.2849,-3.10031,84.2392,
		node 96.6491,145.156,117.354,163.711,-24.3391,3.53306,144.812,64.7402,107.339,8.60589,-113.232,-138.56,69.5867,22.9614,15.5347,138.922,113.629,162.703,80.2332,46.9217,17.1724,37.6214,-89.499,168.865,22.9203,134.412,
		node -9.77616,-15.7395,26.8217,-30.7881,110.996,35.1941,68.9948,99.5636,-28.9827,59.2441,89.7626,162.679,12.7935,-8.7856,-105.292,-20.7901,-128.063,82.2706,149.836,-6.79503,-48.1738,10.8308,86.6274,200.062,70.218,37.011,
		node 108.523,14.0161,125.448,70.5271,-96.2104,132.95,-90.7168,146.784,21.7062,59.6334,72.9437,-130.671,24.8315,37.45,171.454,149.912,22.4261,19.0765,110.201,1.48531,29.2964,37.5712,-28.9883,69.6461,120.797,116.508,
	layer
		node 97.6436,121.067,-40.3662,94.9089,-29.6476,84.7382,
endPlayer
