// Player7
stat 8
	layer
		node 85.2938,-11.9777,102.653,-22.8098,64.5202,186.819,72.3288,2.56022,43.5591,178.301,12.7055,-5.87076,95.1307,78.2389,-115.871,1.40824,-41.0753,42.7387,84.4016,124.154,118.377,125.551,-25.8594,45.907,-45.3829,176.905,
		node 40.6006,53.9795,184.602,85.8667,-76.5774,-126.828,43.2185,-36.8795,16.0358,0.617243,172.637,145.036,108.985,118.324,53.4215,-11.3131,58.9774,41.4718,145.205,112.763,143.648,28.8512,50.414,91.1215,174.446,50.1231,
		node 17.5152,144.608,-17.4526,82.6883,70.039,125.808,-0.752985,46.1374,44.7049,124.134,-124.639,109.06,76.9623,16.7525,8.00845,125.623,14.6381,159.524,75.3542,47.3313,139.736,15.9317,44.3223,172.067,18.4874,205.903,
		node 42.0644,172.091,160.434,22.6754,98.9755,83.3232,33.4182,100.925,20.1188,21.8844,89.4523,211.098,4.51393,-2.31473,-107.848,167.487,-108.249,65.8965,102.646,80.5458,-1.94134,39.2464,-25.6569,6.64371,83.2058,71.0611,
		node 114.585,63.4065,138.432,27.2702,25.2934,79.6908,63.3334,66.0815,21.4115,-54.872,50.7556,41.2911,48.2597,63.7997,8.29332,-96.0999,124.495,19.3071,203.543,105.521,73.0231,83.4873,195.95,70.8535,116.181,120.627,
	layer
		node 5.66976,165.995,67.9032,-81.2909,-47.182,100.054,
endPlayer
