// Player70
stat 7
	layer
		node -35.7203,69.4028,171.335,-20.2158,72.9402,190.583,-62.117,81.5199,46.2512,192.839,165.97,23.363,71.702,72.6467,101.892,2.71226,-48.9135,42.3204,88.944,-20.4503,122.525,43.3162,-21.0077,49.9962,-141.157,170.763,
		node 182.724,0.334173,208.29,-4.80582,-74.6973,230.155,45.6342,-18.5193,57.2866,90.4719,168.909,-5.00308,19.3474,168.874,143.153,-9.42824,149.576,40.3339,138.017,10.9939,10.0582,20.9736,-11.5486,87.0035,-5.05165,170.573,
		node 207.366,26.2741,7.73494,76.7338,-31.9483,-119.479,45.9964,-122.017,198.847,116.975,199.343,169.917,75.3785,78.5087,90.8117,149.201,11.9414,33.0597,2.36171,20.2984,140.179,142.369,132.526,54.3415,34.4071,92.3519,
		node -101.145,159.615,118.447,170.164,104.84,-99.6917,182.3,117.151,-26.4011,150.988,113.918,97.8908,7.52931,110.874,-95.3023,-10.9741,78.297,114.05,87.9576,-2.60113,-8.49117,128.488,136.626,125.729,82.0614,149.114,
		node 116.499,47.4587,96.6727,155.203,-33.3487,71.9726,117.679,141.131,122.521,69.2332,66.2549,39.7279,37.1977,82.7648,14.5613,-95.7018,103.805,36.7151,112.633,221.448,88.1807,-35.7866,190.637,1.62425,14.9854,3.14762,
	layer
		node 50.8016,91.7293,6.00573,-12.7574,14.7496,48.3019,
endPlayer
