// Player2
stat 2
	layer
		node -87.6878,45.1679,100.802,28.1707,-184.006,-81.6816,-261.938,24.5133,38.5365,-177.376,111.451,109.864,28.4088,-168.439,136.769,74.57,84.075,142.069,37.4698,118.939,-81.3881,42.2327,80.6476,43.0906,82.9408,-76.9369,
		node 20.3899,-184.863,158.845,-15.6981,-148.207,75.9407,27.0671,-165.434,-69.732,-84.2079,-22.9212,-60.4302,2.93298,-36.5645,23.7484,125.953,124.435,131.784,-174.574,-154.53,-261.309,45.7148,138.52,-71.0064,112.377,152.543,
		node 80.1465,-107.454,100.221,22.3664,-179.756,-138.372,-46.3977,103.855,125.576,22.4887,-66.9393,-173.661,23.4198,80.7923,98.6158,116.725,-154.314,116.2,-113.835,-28.8423,121.02,-92.7982,-5.62601,96.1276,26.8612,-27.9261,
		node -159.068,42.138,-88.7318,-70.1077,71.7511,-179.844,-69.7884,85.3216,58.8927,-66.8249,61.5939,46.383,57.582,111.308,-177.532,-92.641,67.4289,17.4742,113.655,-102.16,20.0398,-2.80389,-167.409,53.6944,-158.975,86.1103,
		node -71.035,61.5695,41.6251,-183.203,116.813,-75.8271,-67.9691,-45.2365,-44.4979,3.88186,-193.918,78.7138,-140.618,-194.229,-70.9852,-53.3233,-55.8951,-75.3612,-39.5491,-182.348,117.684,-27.5813,128.867,-100.497,-13.1827,-62.6288,
	layer
		node 7.68255,-193.953,-78.8986,25.8409,-23.6222,75.9525,
endPlayer
