// Player49
stat 4
	layer
		node -86.5902,57.9432,84.9033,31.0781,-179.805,-80.4188,71.9951,-192.79,29.3194,-296.419,59.5896,115.117,35.0472,-16.7827,112.253,41.4355,-254.362,150.083,51.2181,96.8071,-39.8728,108.967,-87.6152,-138.455,22.0487,102.995,
		node 18.1757,106.333,167.863,102.342,-20.588,-57.1711,48.4529,-260.843,152.344,-102.229,-181.156,-51.4949,9.93038,-29.3399,-95.3518,-169.146,24.384,-70.2271,-59.405,-161.804,-269.095,70.6591,-83.6765,37.1662,66.7458,148.036,
		node -142.328,64.7513,52.0846,105.311,-34.9649,-137.635,-94.3498,-194.41,117.92,23.2781,118.364,8.39544,-112.92,-16.9295,-96.0852,-42.9121,-155.775,112.536,35.9885,102.686,-37.7313,-84.0732,-131.954,106.474,-129.865,78.2238,
		node -7.36745,103.927,124.278,-76.5453,93.6379,-181.848,-48.1669,94.8832,54.7368,-65.093,50.5663,63.012,79.833,-57.6083,31.3742,-56.3707,67.854,118.738,104.871,-251.482,-31.4633,25.1715,118.329,78.9076,40.7021,96.2076,
		node -76.0438,83.845,-65.5716,-13.5646,122.386,-43.5825,-74.75,137.022,-82.302,91.02,74.9264,51.9631,86.6463,37.6363,-64.9085,-174.04,-154.028,-276.838,60.6362,-76.837,121.2,-155.041,60.7575,-74.6892,78.712,106.736,
	layer
		node 57.8379,56.6362,38.8993,98.4872,139.86,148.111,
endPlayer
