// Player65
stat 6
	layer
		node 61.4471,-22.0808,-59.4418,-3.20331,-12.4212,-79.8476,28.381,178.141,-211.765,7.30077,125.485,-150.921,-50.4174,-110.66,172.529,-79.4673,52.659,152.487,129.071,29.8795,-5.40361,11.9497,34.332,-219.354,-33.2193,111.369,
		node 111.291,155.527,103.49,17.2851,13.8863,-38.2371,88.2662,-3.08017,-108.583,-87.2635,-12.417,17.245,-9.13302,-58.1549,158.415,75.8044,-52.2439,107.504,162.936,-81.036,13.1733,225.371,98.8054,112.182,0.822413,108.406,
		node 7.33046,-93.7807,-3.05663,-8.66893,151.881,125.996,124.657,12.4178,7.3598,113.759,-47.6164,-21.0865,92.0738,-36.284,-89.2136,160.949,-94.8491,92.0452,-24.0958,-62.6893,113.708,101.685,-79.5916,79.0743,-45.47,131.486,
		node 112.916,97.5195,41.3486,10.9173,24.4248,-57.3704,148.863,-206.348,20.4809,92.2285,-14.2593,-99.3949,0.0690045,-90.9569,-79.3351,-17.9024,164.651,-15.0228,4.63804,138.76,128.233,123.503,177.623,86.9918,20.0288,145.11,
		node -4.57527,-273.535,-72.7202,105.531,118.697,-207.018,-1.56007,-4.14443,-40.4919,-91.4368,27.3188,71.3434,157.643,-91.2877,125.621,74.2225,-44.8138,36.3095,-22.7597,-92.2167,163.605,80.3057,35.8407,-44.2876,-13.6864,-113.78,
	layer
		node 71.5561,18.0532,51.3662,56.9193,71.5713,133.902,
endPlayer
