// Player5
stat 7
	layer
		node -15.959,-140.218,-0.0145354,-67.2048,31.5097,23.488,-46.3069,39.3105,47.5103,-9.61043,-78.988,-70.0906,-76.144,83.5166,93.6263,76.5496,0.791642,12.6343,10.1977,-191.114,32.4028,71.1006,-56.9964,-44.1178,7.32445,-24.9818,
		node 48.1382,30.7303,-10.4509,140.218,115.857,31.6982,-99.7983,150.487,-99.233,17.5992,94.6422,3.7873,-67.7107,80.8293,-46.4557,26.227,-44.3459,62.0927,28.2777,22.3435,-68.6368,-72.1822,196.583,89.1251,-214.611,13.5925,
		node -97.1601,60.5909,112.558,-94.1914,-70.4803,120.133,126.71,-16.8857,-112.219,-50.8886,76.8208,-32.4357,37.1267,67.4635,103.421,-75.2036,-8.36981,124.818,-56.4279,45.2773,84.3371,38.0206,124.448,-19.6627,-47.306,-39.1229,
		node -39.3102,26.4138,20.6722,54.0707,-64.5515,-6.33756,100.443,130.573,5.14599,-25.7976,-3.28922,90.8683,63.4151,-21.3824,-204.274,-165.883,-68.3659,-79.0159,-38.2274,3.68989,-84.356,10.0827,112.335,143.057,-40.0569,104.309,
		node -68.1049,80.3778,-50.3144,84.8251,-177.916,-54.9794,91.5467,-175.457,73.7201,56.3517,-34.1855,-96.4878,-78.3362,0.851926,145.143,8.56405,63.6152,56.0753,4.55337,-109.143,128.14,139.659,14.6138,-36.1196,-155.611,-192.809,
	layer
		node 104.563,-33.4347,35.5345,16.6353,122.211,27.9611,
endPlayer
