// Player14
stat 9
	layer
		node -16.6486,-31.3317,10.2108,-66.1726,138.193,-90.7226,-68.1185,-57.8709,35.8731,-40.1449,-77.9107,-50.8854,6.79823,86.2828,31.9044,-40.3446,18.6044,6.29482,-11.8995,-184.578,-25.4618,75.8409,8.2862,-34.7796,42.5065,-51.5446,
		node 37.434,33.7942,-9.4052,72.8993,108.949,27.9835,80.2844,3.44504,110.44,18.6101,95.4539,10.1,28.1018,82.1334,7.05598,7.50816,75.7826,-54.4757,28.6527,23.8345,-91.6634,-65.351,193.064,88.9383,61.3859,107.529,
		node -80.5465,58.9359,112.569,-66.1533,-77.2446,119.046,135.199,-2.42797,-94.8394,12.8198,84.5522,-30.1345,-69.5388,-92.3914,-38.4644,112.696,-9.78988,159.093,-54.1172,-106.042,84.2897,-37.021,15.1309,-26.0369,-38.1566,-8.89218,
		node -42.7125,28.1792,25.2251,54.3231,-20.185,-7.98921,100.367,123.833,2.68568,-38.4879,-2.82426,106.17,64.9749,-5.15248,-210.281,-46.7653,20.4913,-72.6577,-38.6798,3.00353,-88.624,28.055,-109.365,44.5433,-47.896,-168.233,
		node -81.6125,-187.111,-29.5457,90.4443,-73.087,-56.1089,98.4832,-177.878,72.9683,52.6267,-37.031,-9.60603,-73.9386,130.155,-21.9105,39.3749,64.668,15.1221,6.64863,99.8171,-62.5572,-105.315,12.3354,-33.9268,88.8547,9.75032,
	layer
		node -105.079,-112.195,-12.0958,-43.9685,-87.0722,27.0126,
endPlayer
