// Player7
stat 9
	layer
		node 80.1463,-197.812,39.5148,-55.1666,-17.1875,-3.15556,-34.8442,-244.87,-161.893,26.8561,-47.2557,-61.6308,82.1714,-18.5167,-6.13256,-32.1241,-96.6562,58.5828,-43.997,62.6615,57.3683,58.8353,64.698,-25.396,-69.2371,-45.6203,
		node -18.5282,-20.2554,-13.8869,91.1706,59.0787,-52.034,37.4977,-23.5017,23.4927,-25.5345,-154.627,72.3173,-30.7143,-43.7841,-21.6516,2.69355,90.8424,7.86285,-57.8644,-13.9166,24.0034,-18.3632,59.4397,27.8123,58.7106,-3.01203,
		node -19.0316,93.5338,-138.901,17.0265,9.51533,73.5062,74.9104,26.2655,-56.1551,-220.553,12.4827,32.2179,-39.6472,-49.8549,-242.46,-55.1167,30.606,88.2303,-54.3696,92.1599,4.20961,-47.3793,-31.8233,35.1692,-71.8638,-187.479,
		node 50.0096,-202.791,51.1547,-120.674,8.43476,-53.1089,29.2993,-16.4069,-9.17662,42.3382,-71.4106,-6.32414,-37.4843,71.2563,-48.8474,-130.504,-212.16,-75.1712,1.53284,-1.57461,54.2789,51.164,-76.4229,89.1304,-12.2336,46.9479,
		node -2.66926,14.3824,22.1926,-104.929,-18.329,99.9733,-41.9761,22.6436,-39.4129,-18.1213,0.75562,-39.3216,-241.307,31.51,-19.2197,-54.3425,77.4352,-23.5119,-28.954,-14.5319,36.4481,75.7481,-92.5544,12.4094,-39.9085,24.9267,
	layer
		node 86.4235,9.70015,-57.2027,-72.2128,17.7459,-32.2441,
endPlayer
