// Player33
stat 5
	layer
		node -116.759,-144.442,30.6672,-188.057,-27.7185,-77.6579,47.6698,-155.158,31.8164,83.1999,-100.211,-5.95847,-28.4007,-76.8684,-130.387,-120.849,-96.8121,63.9281,-86.0868,-195.112,-61.8887,10.4636,24.4747,-41.8778,-73.6375,-197.365,
		node -51.6162,60.3367,-176.872,-4.20009,-123.313,-116.562,70.5492,-82.6878,-88.3729,156.149,-127.616,-127.803,-170.847,-157.824,-144.14,-72.921,60.3788,44.0951,26.5448,-32.858,-35.7583,-67.1297,-105.969,9.02301,-186.201,-125.307,
		node 6.05098,63.4893,-39.4307,-10.8263,-186.242,-150.805,133.071,-55.3108,-11.5693,-167.752,-84.6552,-81.7658,46.705,-35.6797,23.32,-17.3478,-126.454,-157.719,12.8534,89.8457,-148.697,25.9163,67.2367,37.5525,32.5093,127.486,
		node -84.5065,-157.254,-167.121,86.0523,74.0852,-28.7564,-80.2488,-99.8802,-195.283,-258.032,-173.935,14.0441,-115.361,81.8735,25.9451,-124.619,-205.548,44.6807,-141.146,-136.481,131.486,-130.699,65.74,-163.665,141.694,-184.113,
		node -155.611,43.233,-160.076,82.0284,63.8742,60.0674,7.06487,-135.189,111.694,-21.2368,-87.2838,-122.453,41.0386,148.872,74.1822,-58.7364,-159.179,-91.1706,-188.171,69.0767,-81.7495,28.0812,-11.6175,-182.498,164.827,48.7473,
	layer
		node 153.771,68.786,152.297,-17.7609,37.1189,-62.4965,
endPlayer
