// Player90
stat 6
	layer
		node -26.3739,-77.0489,34.3817,45.6316,75.7177,8.71172,-19.1302,112.457,188.413,95.9915,115.924,-5.46329,42.766,-111.715,61.7976,13.5706,-110.309,-145.385,116.254,30.8847,113.429,32.5094,-36.6886,-56.126,51.0753,-54.5753,
		node 132.157,62.0899,-93.156,-106.014,30.5983,9.40265,-208.512,125.756,115.67,12.9811,21.4114,81.7282,-7.57095,-223.551,-25.4255,-71.4393,60.3398,-210.405,56.2434,-156.191,3.81011,163.815,-107.984,128.514,22.5104,20.0921,
		node -99.687,63.365,97.2499,-109.57,-64.0068,96.0093,-54.3514,123.244,64.1985,56.8877,-35.8281,18.5063,94.2704,-26.5622,82.1579,59.2484,113.759,58.2614,65.0534,71.2364,-205.959,77.0785,63.8145,-118.223,-108.93,-30.0701,
		node -20.3721,101.047,-67.5748,-23.1265,76.8288,63.1819,125.851,-11.2625,-154.243,-28.8029,-212.834,87.3631,-94.0323,-67.2729,-74.1394,175.521,124.055,9.3094,84.2666,141.51,-33.9787,73.5611,-64.878,-106.086,-113.224,43.1691,
		node 9.39964,6.57054,-14.772,11.2224,91.9379,202.608,-110.034,-128.056,-69.2688,50.1276,-90.2697,127.625,37.8122,68.5157,-5.34806,-122.9,-61.036,-44.9208,24.6277,41.2918,99.2122,52.2401,55.239,-123.543,-217.839,172.197,
	layer
		node 57.0854,20.7503,-189.442,-30.5935,32.2648,-50.1723,
endPlayer
