// Player92
stat 7
	layer
		node 9.21546,-37.722,89.6423,-13.0003,-17.5739,106.034,39.3682,-22.9367,-12.5421,-21.3677,31.9744,-69.7907,-11.0052,-46.6777,74.7515,14.6046,27.2976,67.9975,53.0026,-5.1863,-9.12181,27.3611,-48.7053,14.488,9.79237,-20.1136,
		node 120.847,2.41242,-13.3089,-13.2931,49.599,42.4883,-35.7958,-15.2568,50.932,21.047,112.559,-17.9291,35.9759,-37.1814,-16.73,7.16175,-28.9606,36.306,-46.0436,-49.1196,-45.8653,-10.4539,44.7169,-11.823,-42.7122,28.3958,
		node -96.0831,-21.8416,11.9235,20.6287,-81.1739,23.6877,14.5442,66.2567,-24.2986,-41.7416,-20.9252,-13.1964,-26.7808,-31.7843,-54.2053,-21.0839,19.0619,72.6403,19.9842,-13.1712,-14.5691,15.3007,28.2426,-15.6995,21.5789,-25.6606,
		node -11.9553,33.4376,-37.8594,29.1336,-43.8807,-12.0232,-1.36344,-31.3916,-16.0212,-22.0654,-49.172,-11.7168,-4.41555,-45.9976,8.46496,-39.9106,7.44229,-45.4652,35.739,51.4585,73.4985,-30.2551,-19.3707,-129.988,57.1623,64.392,
		node -4.11293,45.4504,77.4981,133.712,-17.0317,-40.6285,83.9887,60.96,31.434,34.2412,-1.0347,79.5522,31.9592,-5.3982,-3.64874,-38.9396,7.93514,-81.3887,-7.43353,0.644221,-8.20908,15.7782,43.2143,7.218,-15.9597,67.139,
	layer
		node -6.03007,39.288,7.73978,-7.62625,-25.5062,4.76093,
endPlayer
