// Player54
stat 9
	layer
		node 9.34704,51.093,-43.2245,-20.6056,-38.6608,-43.6344,45.6892,-1.94225,-14.8129,-37.4847,-44.1397,-80.2591,-58.8181,-44.3621,3.6092,-10.209,70.6614,-3.61274,61.9144,37.6618,-6.44232,-16.7925,-26.0136,-1.13061,100.316,-13.5428,
		node 49.0889,-13.3178,41.1335,-14.1157,54.2684,-25.9002,54.0495,0.591261,69.0806,16.8505,-23.7471,42.4864,4.64814,-28.6753,-27.6788,-1.29225,1.87522,26.1165,-3.09759,-36.7979,57.6423,97.3132,44.7994,-9.91948,-43.3245,32.8512,
		node 8.72796,15.1431,11.9458,0.0434193,4.51967,-27.4813,7.91734,79.6874,-25.727,8.78495,55.1584,-19.6444,-20.7915,94.3331,-35.8033,-24.0158,72.1819,78.7894,13.6453,16.4939,-11.4058,6.88782,16.2727,8.31706,27.5166,-27.0154,
		node 3.9895,24.5208,43.1646,83.976,7.00198,-7.71416,-2.96176,76.7342,-20.9104,-2.38097,-24.5743,-18.4044,12.3984,36.8661,-50.197,-36.1344,22.8539,21.868,32.0442,-8.73198,49.1515,-31.6835,49.6772,-9.14462,93.7021,-33.7513,
		node 0.862642,36.5949,65.9413,-71.7285,19.1906,26.097,-34.7926,69.858,34.596,14.9547,-4.84447,33.7771,28.8172,79.1581,-74.924,64.7379,5.60528,-40.4476,-13.382,4.62562,-13.938,11.6316,-63.1129,4.72217,82.7471,69.3364,
	layer
		node -21.7733,3.44285,37.8179,6.52839,-50.7893,13.3165,
endPlayer
