// Player16
stat 8
	layer
		node -11.3441,88.4388,-5.10656,-71.8678,91.6364,119.62,-36.3007,-68.7552,-18.2254,25.7785,-140.422,-38.0835,69.0632,27.1195,-76.5404,-131.318,7.33722,88.2209,82.6692,-0.990197,4.14055,-42.003,-44.1691,44.1365,-71.1915,14.5736,
		node -40.3238,-33.8248,83.2579,21.0258,28.9104,-25.5049,62.6152,46.5824,-11.0638,-45.1616,22.3425,117.498,-37.9696,107.787,-79.3257,28.5334,-36.4523,13.7175,-23.1312,10.2988,7.62466,2.84785,-52.7997,-208.275,-22.6685,54.7881,
		node -24.4313,-91.8474,21.2618,5.51668,-216.503,27.4524,96.9939,-151.25,-25.0474,49.0053,40.1841,55.9666,22.0278,-103.198,-37.8085,3.36537,4.47314,-53.0462,105.768,-9.84772,37.9833,20.9859,-10.3995,14.1954,20.4758,72.769,
		node -107.549,11.7737,15.0584,50.2139,-33.5516,19.2795,-50.8009,52.2566,19.7204,-124.752,-11.7712,-7.11954,64.9864,12.4844,-90.7187,55.968,22.0169,24.423,17.3946,32.4655,-122.94,-109.035,6.65679,45.3522,-35.7902,-100.822,
		node 136.542,28.2207,18.8652,-234.564,54.9423,-151.624,69.682,-234.548,-4.91065,2.89538,-145.933,110.594,22.1509,-18.5194,15.1391,-6.47592,-120.137,-20.8501,-36.9757,79.19,-29.59,-94.7472,-100.117,-165.535,-8.88425,45.3765,
	layer
		node 49.5954,12.2269,28.1458,-101.155,-18.6818,-116.148,
endPlayer
