// Player32
stat 5
	layer
		node 31.0131,-58.0735,9.04372,66.9914,-11.4713,106.262,-7.0341,76.6114,1.68353,26.7384,-5.58897,-242.669,-35.8833,24.9314,-79.2017,-115.905,-26.8107,37.5792,-33.7949,34.4582,-231.253,-89.1673,-36.9926,46.2549,-69.2187,-34.8358,
		node -39.7832,-13.3488,116.115,2.47199,46.4194,-25.1403,-71.0743,14.7921,-42.7305,-42.0035,56.8591,3.82418,-28.4268,-26.573,46.4412,23.2858,-87.0999,2.14419,-23.9099,-20.8402,9.20308,26.6041,-140.711,-109.854,-38.2782,-33.2224,
		node -18.6948,40.5118,29.598,12.6066,-38.622,27.5677,127.922,15.505,-72.5691,65.9015,-13.1772,-75.9738,83.3843,-78.8124,23.0577,88.2355,9.1356,-52.6365,16.8255,-14.6982,73.8692,-117.663,39.5753,90.503,-18.47,-15.3265,
		node -17.6048,38.5322,68.4815,54.8535,53.2346,-25.9952,48.1088,53.3291,23.9803,-9.41579,23.4325,-23.1521,46.8105,15.3907,-17.0327,57.1843,15.6107,27.4493,7.16619,47.1741,80.6823,-113.926,-51.3805,20.1417,-50.7892,41.9209,
		node 30.6027,86.6778,-27.5036,-22.1418,-162.751,84.1411,-12.8605,-134.319,-38.0165,57.0643,-132.532,-21.2026,-41.9311,-44.3739,-82.7174,4.28868,45.0283,-33.078,-98.7722,43.7115,6.34007,-121.89,-111.197,-133.988,69.9708,-104.274,
	layer
		node -24.2117,37.9174,-84.4207,-37.4276,66.6902,-14.7645,
endPlayer
