// Player88
stat 9
	layer
		node -13.2933,108.152,6.02852,-53.7855,88.2567,119.31,19.5935,-45.2865,18.9346,32.2696,48.4024,-65.6204,-39.7053,42.3019,10.0076,-121.684,-1.22315,90.4665,1.76077,28.4504,-232.879,-82.5904,-116.764,46.05,77.9938,-41.4087,
		node -49.6802,-86.5572,112.825,21.3733,81.2092,-24.7485,67.03,51.631,-35.3334,-59.3274,66.7439,7.37746,-31.4639,14.5666,36.5157,4.81965,-35.7687,-30.4801,-3.30006,60.9275,-33.1436,3.57703,92.5762,-117.926,0.164143,54.1783,
		node -21.7233,-92.3334,30.4152,9.55052,-210.832,33.4484,131.118,-24.5375,-84.4588,55.3582,-17.138,18.5568,36.1449,33.6417,-94.6903,76.2154,12.8943,-41.7725,17.0171,-12.0649,-22.5725,-58.6108,-16.5091,86.728,-10.7523,59.9464,
		node -47.1583,80.0071,85.5009,-8.26598,-19.0542,18.0303,39.4243,44.0715,20.4198,36.1647,-11.5472,84.1037,61.8127,-13.9802,39.1258,58.9284,15.4309,82.3,22.1777,44.7123,-131.296,-95.9816,26.5107,-150.835,50.4199,-93.9226,
		node 135.981,-100.039,-9.57886,-237.277,-148.787,-130.311,53.6896,-11.7794,-22.7327,-9.70815,-79.3207,-90.5687,12.5422,19.3776,10.8471,-65.7745,-92.2618,67.0359,-36.0865,30.0902,35.4721,-92.2338,32.4425,-251.739,69.0052,12.4564,
	layer
		node 5.3361,54.9201,29.1318,-111.311,82.8369,65.9828,
endPlayer
