// Player80
stat 6
	layer
		node -69.1785,27.5906,30.125,-73.0713,-82.3572,18.9238,-36.2094,44.1064,-35.1848,-25.1497,-102.082,-31.6183,-43.4976,128.738,52.9396,52.1313,-97.0924,-66.3016,30.1992,-83.8433,128.765,-47.3585,28.7784,-26.7475,116.156,36.7695,
		node 27.7283,97.7416,74.0997,29.9465,6.44282,-12.0051,-88.5211,41.2092,41.617,3.57726,35.3322,-66.8526,-32.2952,-10.8425,-35.2925,68.1625,-103.678,-143.29,8.47861,-2.66297,128.091,11.2756,10.1859,-42.8129,57.0072,10.3497,
		node 51.1377,133.002,66.0848,0.98153,-106.542,61.8409,23.8717,-84.9627,-14.8206,13.574,-78.7324,-5.7154,-31.5682,81.1001,15.0775,-52.4907,-37.9352,-62.2921,103.34,-53.9239,41.8502,14.9242,-22.0889,-19.4005,176.563,-64.8123,
		node -44.6745,61.6276,54.2277,38.0823,1.98027,-74.496,64.8046,94.6172,42.657,147.254,-131.5,-10.7401,114.624,-7.71941,-64.0949,24.2319,17.1441,11.6254,16.2919,50.9596,-15.9921,87.8931,5.76386,-89.1816,23.8751,82.9422,
		node 5.68162,-96.4122,-0.18386,14.6061,-51.2728,21.7431,-20.1195,-52.5937,-25.7654,-1.27586,10.4175,153.879,-66.7745,-16.5084,-4.65441,-42.6567,75.2098,-11.1327,-183.909,17.8907,83.1382,-16.2329,-67.7088,19.7517,12.3514,-96.7649,
		node 29.7577,35.6795,-73.9391,24.0363,16.6381,34.6535,19.8345,131.375,13.5276,45.9328,-116.814,-71.1334,4.66065,25.8789,-80.0575,53.566,-29.6416,-28.832,-42.4104,-42.5882,23.9479,134.834,41.3442,80.5056,-29.1452,-24.4567,
		node -5.83802,28.2206,47.5505,-54.8564,-119.553,34.3336,-4.71034,10.5578,-17.044,51.866,-35.544,76.2146,-109.766,-38.0907,136.269,-34.5725,-89.5379,-17.1475,38.1032,47.4128,8.54632,-45.2099,-69.9689,38.8194,9.4706,52.7074,
		node -29.8384,-38.2226,-64.5061,-11.4532,35.749,135.699,-12.5826,-86.7865,53.858,40.9337,-3.8262,66.9844,-38.1379,-42.7808,-32.935,-47.1224,-53.4497,35.9487,-49.5716,-35.4131,-51.7823,40.1507,-49.3078,103.534,-118.308,60.2669,
		node -31.48,19.1121,-53.4971,-106.209,-66.1941,-33.6304,-69.4496,-52.7271,-7.64625,-159.789,-72.7739,-31.2806,20.7286,70.9992,-21.6321,-171.47,-135.864,16.6069,-58.203,34.623,-79.6715,53.4585,102.669,-23.3603,-37.6505,-5.76877,
		node -2.14951,-13.0337,164.194,-87.876,33.0958,53.2659,57.8561,83.0273,-71.7766,50.4915,-28.0447,-33.221,-9.50166,-30.2041,-2.90007,39.7696,-64.0857,-57.9152,-26.706,-5.88731,-16.0458,129.546,-56.5931,-27.3496,30.0241,34.2347,
	layer
		node 26.2638,-19.6875,22.9821,-28.5161,-4.28792,-102.824,-44.5763,42.0672,-71.4955,-57.0108,-41.4858,
		node 65.3577,22.4188,38.8077,3.62654,-64.2919,-20.4819,-14.4384,74.533,-33.4412,-84.3955,-72.6249,
		node -24.1793,-26.2195,-29.7776,15.6387,-20.3526,19.2435,52.5298,3.97339,-31.8255,-44.6015,-20.3431,
		node -41.7768,-72.685,-81.128,12.9133,120.253,82.5491,-13.9442,-29.7162,60.879,-37.6607,-61.1483,
		node -49.5389,-62.7087,-96.3256,-53.7742,-61.2189,-50.6531,56.3047,-170.769,71.6588,-52.6019,-34.7237,
	layer
		node -36.5459,-31.9644,24.1586,-129.673,2.39945,-49.2729,
endPlayer
