// Player89
stat 9
	layer
		node -97.2823,-53.2218,-108.859,-268.144,-120.446,290.211,-247.67,-57.6471,-43.5863,-118.957,-162.563,-136.063,-49.2244,-79.6091,56.5426,-230.103,196.73,-108.388,-169.821,-143.885,191.935,148.962,-218.508,139.537,-208.741,-48.2864,
		node -125.496,-113.115,-54.375,-115.288,-157.893,-73.9418,-145.424,-100.865,50.2892,-96.0137,-169.273,-56.6037,-161.241,-114.638,87.2744,-79.7525,111.913,36.7681,21.8668,-209.737,301.818,67.1693,-3.63617,181.804,-204.755,-209.019,
		node -164.094,-170.845,-100.998,-74.5043,-43.3398,-64.1784,-74.7804,50.2621,-58.2351,35.4577,-57.4812,172.145,-123.377,-145.686,-69.0375,16.5215,-64.1452,175.746,-216.768,-153.069,-121.794,200.007,135.021,-224.283,15.1734,162.322,
		node -124.296,-213.682,72.243,-150.163,-85.324,-274.914,147.868,-84.1112,-138.931,-256.797,-168.793,-152.455,-92.3359,-210.768,-156.543,-71.772,-171.394,-46.6268,43.7751,-126.223,-124.766,300.358,-260.968,-274.036,-66.8914,154.355,
		node 149.597,-127.838,126.869,-65.2478,-51.2373,-172.784,-186.278,-140.653,-128.372,-64.908,-137.467,-161.556,53.7678,-111.576,75.8945,-208.915,-112.729,-135.213,30.9141,136.765,177.379,-94.5198,23.5715,-129.854,-166.928,-111.97,
	layer
		node 183.674,-111.427,-60.6278,163.352,-59.1555,-9.49313,
endPlayer
