// Player59
stat 3
	layer
		node -181.222,-46.3663,-99.7194,-275.699,34.7541,163.068,290.842,-231.695,-47.8255,-112.418,-107.18,-144.374,184.117,-186.402,-111.562,-134.628,-4.39591,-35.7238,-175.061,140.187,-144.952,147.288,-164.683,145.71,292.716,-149.647,
		node 61.365,-97.4713,-111.365,4.31275,-65.9036,-78.4198,-181.358,102.542,109.203,-108.321,-170.337,-214.658,-314.734,-102.437,82.9166,-73.7442,113.528,27.2408,23.1381,-231.177,-99.2419,-140.558,-126.129,182.677,-145.05,79.9736,
		node 164.928,9.49103,-93.4126,-173.8,-65.2767,-182.406,-112.53,30.7811,-157.703,30.0045,9.18012,-60.0831,-68.6751,-145.483,-57.7766,-67.6923,-173.645,-31.0053,-131.136,-153.203,-111.486,189.446,-16.0001,-59.6982,-174.67,-60.6907,
		node -151.969,-61.7406,73.5742,22.3936,-100.565,69.0046,-228.654,-73.1287,-94.264,-264.497,-288.401,-137.384,-89.8004,269.002,-51.0842,-63.5419,-184.555,-48.6544,27.5213,-83.4764,-238.824,-198.592,-134.143,-78.5343,-38.9637,-157.518,
		node 157.563,-119.189,-145.538,17.2332,157.664,-48.6899,-93.6023,-84.4159,-131.377,-58.3893,-23.1804,-56.0302,-138.451,-111.705,64.3395,-192.432,-113.419,-170.139,28.6969,7.96078,-59.569,29.4917,41.0524,-137.27,-160.182,-127,
	layer
		node 273.431,-70.8721,-196.8,-67.2292,-155.168,-57.8397,
endPlayer
