// Player13
stat 6
	layer
		node 19.6776,47.2562,-7.3009,-10.6959,-20.0205,-15.9377,-51.944,-51.5659,104.959,-75.7622,46.1286,-1.12482,35.5585,25.6992,-21.9835,-52.0682,-122.887,-10.1834,-46.4632,-13.3986,5.9694,-15.4657,-21.8541,-4.09385,7.57988,41.3459,
		node 13.5049,94.6577,-14.6426,-35.9235,11.4005,-17.0216,-20.0296,4.51756,111.664,89.4263,18.4894,-55.3708,34.6631,-45.5268,-4.93996,18.9719,26.804,42.7586,50.4791,99.6612,-15.194,67.4979,-43.6501,-22.8638,-60.412,14.1675,
		node -46.212,89.7462,13.7096,-3.13389,-23.4413,10.2996,16.275,-29.7639,44.4172,17.8531,-55.6933,15.6934,-13.9321,13.8093,-18.3359,-16.146,-22.2459,-59.7711,92.8184,33.0359,-60.913,63.6566,65.7265,24.7154,47.849,-48.6058,
		node 15.7308,-1.70269,35.3907,11.4102,9.99508,5.76493,2.89895,-18.5407,-2.52193,-14.4883,-32.2339,-114.493,7.76746,-47.4897,23.1975,-6.1198,8.41935,44.766,-36.1168,-29.8047,12.3429,-108.302,-94.5502,-17.9587,51.1468,35.8009,
		node -53.163,-78.8557,-5.70215,-42.1328,-81.9113,-39.1782,22.2295,0.712485,-31.4905,-5.91026,14.0254,-67.8575,-55.3444,26.0793,-26.1761,-41.3283,30.8158,0.0457347,-20.6073,-25.4332,-110.371,-14.2031,36.8965,-71.3524,-11.621,-8.656,
		node 22.3295,-47.8297,-8.37635,5.30961,36.2591,13.1668,-10.669,-4.89606,-5.85531,-30.1437,69.8585,8.16027,22.8609,-58.5208,50.96,77.9504,65.248,-121.396,27.9349,21.5474,20.1468,-20.6775,-42.4084,17.3135,-1.83579,-6.02041,
		node -1.12769,2.82473,-48.2949,20.5228,-1.35558,-48.2715,63.9988,33.3009,-19.5184,20.5198,-12.4288,-18.7329,51.493,107.876,107.195,40.1109,-36.8139,20.9059,1.67791,50.6116,8.01927,-56.8485,-42.7245,16.0595,-13.5834,-64.6497,
		node -40.8079,0.388219,18.2092,36.8858,-12.9751,6.27971,38.5124,4.45215,113.319,-54.9926,100.163,-33.772,17.2638,-41.9534,-50.4655,-14.6196,-49.2486,1.91951,-109.59,-129.239,-32.1063,-13.4131,-4.61203,-7.1496,89.3242,33.6322,
		node 39.7447,-15.1809,-38.3068,40.8293,-19.1001,40.8797,68.1324,4.67902,51.2592,67.404,-16.4277,-36.5459,-104.558,0.937702,-119.568,11.9987,-22.1647,-3.63368,-32.1183,11.3174,-71.3811,-16.4634,18.0805,64.643,47.9197,29.3599,
		node -21.1612,-20.2224,-6.91574,-0.00824884,70.5575,34.5662,-16.3571,2.10095,-57.3057,8.84499,-21.6612,43.4689,-27.8985,1.32869,25.085,8.5107,-116.448,-49.3991,34.6343,-105.35,2.09259,-18.9353,3.15349,-35.8699,-53.9187,56.7871,
	layer
		node 68.4685,17.7604,4.58818,73.8322,22.3296,-1.94856,-28.2334,23.1446,10.5605,73.0606,-38.8772,
endPlayer
