// Player99
stat 3
	layer
		node 4.39613,11.2392,18.5781,-4.1539,-18.7989,-24.862,-48.7517,-53.5708,97.4557,-13.7867,0.187834,11.8211,40.644,-44.8416,-18.8641,-22.3309,11.4308,27.8829,34.3131,-15.4336,47.5424,-7.06672,-18.5857,-8.92645,-87.5891,10.6004,
		node -18.1333,-43.117,-30.6919,2.05268,15.0998,9.32704,30.719,-15.1821,97.254,-49.0424,-6.95991,4.9284,29.3535,-28.6191,62.0731,21.9738,-4.8185,46.3716,11.6543,-11.7652,-9.5541,99.6138,38.7576,35.8521,-40.7497,-1.35833,
		node -30.4449,86.0856,24.7141,-12.9228,-48.5536,8.22124,7.5376,-54.2829,-70.2817,-21.3583,-58.371,-36.2201,-52.9996,16.2962,93.8089,-28.3006,-21.9851,-63.2932,87.8122,38.1329,25.2874,73.1342,7.01461,6.99422,20.2505,16.2445,
		node -3.75668,2.23187,-88.4999,-45.5747,49.8797,18.9788,-31.5762,10.1066,-87.5231,83.025,-21.8908,10.5855,-82.9504,9.3169,-15.8085,54.1895,30.1138,35.2439,9.05849,-77.4978,-9.56049,-27.7012,30.5197,-31.1632,50.2034,-44.6574,
		node 51.6813,55.6353,-5.81251,-81.976,-67.8346,23.6721,20.0174,-35.1053,-31.3401,0.373888,26.4288,-54.4215,-54.215,39.5923,-112.948,-25.5924,40.0976,-20.7038,-41.3944,-29.8687,34.7193,43.9678,30.2267,-81.4429,0.318738,1.06457,
		node -1.75944,65.653,38.6948,63.1342,29.9496,19.0745,-3.7027,-7.41892,-64.7145,-13.7445,64.589,-47.0381,-11.0148,-31.9745,64.4648,41.8896,85.017,-113.373,21.2157,10.5942,5.80028,-27.2874,13.1512,-31.5503,-42.1513,-5.86206,
		node 33.8286,-14.9072,22.2215,35.1232,-13.2562,-89.118,-26.8243,-3.03542,-1.36372,52.682,-16.7771,11.7032,-28.3006,87.5301,21.9273,67.1866,-38.2623,23.8069,7.11605,-17.8523,21.4791,23.173,-4.29268,38.3307,-32.0227,-72.5003,
		node -24.6845,2.13658,10.2839,40.9801,-86.1887,-89.4547,5.18623,-1.78569,-5.22531,-65.1174,48.6829,14.7992,-45.0891,-40.9327,-42.5145,42.4288,96.1147,-3.10355,-19.6272,-37.8349,55.6285,-7.15226,14.4891,5.66489,88.1726,10.7692,
		node 46.7157,12.4683,-39.3094,-9.21197,-40.0631,-37.0617,50.4405,-21.6814,-17.6782,48.5996,-15.8297,-42.2334,-105.538,13.4857,-13.9126,-1.0327,-7.83727,-13.6121,-51.2769,-40.7287,-79.4902,35.2018,72.7992,43.186,11.8268,8.74818,
		node -13.305,-48.9897,-16.215,-5.72343,105.217,20.8646,75.4772,16.0209,-57.2004,11.8429,16.8419,31.9079,-2.3015,77.3601,25.1469,-34.1283,-67.373,-43.6622,15.4422,12.2223,54.1712,-11.5022,-99.6313,-37.4554,-51.7818,55.9246,
	layer
		node -46.858,-56.422,38.2931,-27.348,-18.1248,-5.429,-38.13,-46.2999,0.0800761,-14.219,24.1586,
endPlayer
