// Player54
stat 5
	layer
		node -57.3404,-20.9984,-23.1497,-195.139,-35.2616,17.7272,-3.96952,-188.154,-33.4933,-81.5495,57.9607,75.4904,105.816,-41.9397,-60.7345,115.346,-152.878,75.483,-183.659,-38.2118,58.6275,-139.542,38.6417,-57.456,-124.983,43.5469,
		node -204.422,-24.5983,-10.0149,102.933,-45.8592,47.9698,57.8619,74.6566,48.4786,52.9767,-190.363,14.2695,-135.179,-14.9883,-51.8438,-103.675,11.3118,-66.3545,12.5351,-38.9528,-115.794,-174.427,51.478,-86.4237,-227.318,47.2813,
		node -7.70321,-29.6437,-100.263,-69.9089,-111.507,-62.2663,13.3238,-97.7727,7.95168,-244.863,104.506,40.9391,98.4242,-42.756,14.4093,-11.3523,154.193,-9.29421,6.31658,-40.7935,-14.7696,-40.9395,110.503,-187.786,-74.3016,1.88726,
		node -61.8614,-21.6975,-25.9418,-87.3222,-48.549,-213.59,88.7404,-180.687,-150.614,-34.2054,-85.8564,-53.2688,14.893,-68.5844,-14.3269,36.2372,-238.528,140.566,-3.34241,-49.7671,-62.9154,-60.2369,-45.6985,110.341,-4.56724,-17.346,
		node -14.8803,-128.264,96.7296,-85.3966,-95.4779,-27.5476,-86.7682,-13.4245,17.8526,-38.2095,-135.35,44.4085,-33.9353,-66.6709,-86.0655,-10.7326,42.41,154.448,-24.4263,22.3121,77.9631,91.3427,-52.8826,70.1952,-94.2402,100.684,
	layer
		node -58.795,31.6761,109.25,-85.0544,-24.7978,21.4375,
endPlayer
