// Player26
stat 6
	layer
		node -52.9121,-10.4224,-60.219,-187.777,-42.7447,-36.2381,-207.588,-193.345,-48.4328,-20.9821,-76.7483,-21.7472,-51.1364,-26.0144,46.6324,-28.3144,17.3212,51.5733,-166.75,115.101,-10.1323,-102.064,36.9071,7.03457,-124.615,10.9203,
		node -212.591,-225.805,101.979,6.04863,-74.0042,108.218,3.49544,63.9454,50.0977,72.1469,-191.287,17.1599,-130.31,-23.5577,-9.71397,-96.7334,-8.50104,-60.9689,18.5621,15.2794,-81.1194,-40.6586,-55.4628,-112.631,-231.134,-51.8112,
		node -47.4132,-12.1889,-210.635,-5.12929,-108.344,-64.3737,82.72,-6.68411,-45.048,-108.71,-49.003,4.98665,41.8789,-64.3304,23.3934,-73.9411,-61.3752,-63.7567,127.622,89.9857,-25.0372,-121.064,-26.0728,-60.937,-17.5888,-31.8143,
		node -42.1518,57.9558,47.5837,-246.645,-64.1663,-116.812,73.8632,-9.72514,-89.6023,-66.9297,37.5019,-76.8219,7.46447,8.40518,-102.141,-51.2014,-126.685,-21.7348,-7.9778,-46.0276,-26.1243,76.8012,-97.9746,109.336,-52.9171,-244.12,
		node -151.497,107.976,110.371,-73.4846,-92.1989,61.3321,79.5261,62.3249,20.462,-204.061,-26.1081,59.6737,9.57566,-70.4516,-220.238,-33.0147,-42.169,163.163,35.7826,19.2304,-58.4388,95.5295,-49.2804,-7.70485,-101.875,-42.8204,
	layer
		node -195.836,-21.1138,-55.3882,23.1779,-192.599,-81.3976,
endPlayer
