// Player33
stat 8
	layer
		node -99.1186,76.9173,-51.0806,-77.9795,-49.5527,-129.973,23.614,-26.178,129.46,-32.8733,21.3351,-58.6156,-2.7167,49.9347,23.8502,3.89378,2.12235,6.31089,-67.9653,24.3459,130.813,-20.0335,47.2471,11.2126,32.426,50.433,
		node -62.9733,-32.083,-33.5173,-9.11621,103.335,45.2155,-165.68,118.928,-29.7495,-86.0867,-16.2735,-29.4458,68.7525,-85.5979,-31.3133,-23.2938,-60.1359,54.1937,116.172,75.6361,-82.8309,5.19365,68.1123,-46.1175,118.337,-63.9401,
		node 2.75128,-87.7015,-124.061,-37.3695,-111.268,-39.9119,-95.3314,-105.727,55.2946,-143.924,-15.3192,-153.932,31.7644,107.447,-65.6196,33.2587,-22.598,-72.2294,-121.148,90.9467,81.7295,76.6447,-157.251,-64.1829,-6.07347,-28.3383,
		node 24.0029,-61.95,-8.61677,-25.2127,53.1719,-59.2303,45.3076,-38.2767,43.3144,7.07988,-159.428,131.933,19.105,-33.8656,3.10576,57.7269,-67.0405,-19.0782,-121.927,-41.7226,47.5604,111.882,41.3817,98.9355,-55.2524,-73.9986,
		node 42.8961,6.23183,18.272,66.3703,129.527,-101.011,-48.406,-17.6655,9.80886,-118.927,2.20355,1.22885,-15.0376,-17.6054,60.0053,-62.3518,40.7296,10.3862,-73.3285,-79.3938,-180.005,-38.5839,-153.987,30.8599,65.3237,-81.1892,
	layer
		node -55.9936,-41.5178,58.8185,54.9332,34.2782,18.3454,
endPlayer
