// Player68
stat 7
	layer
		node 106.829,59.0046,27.1623,-16.099,-133.582,-121.525,3.59203,-26.6427,9.83717,-27.3921,118.663,-70.2497,-59.4592,-74.1129,28.3781,62.2649,57.9704,-119.145,-5.18046,51.1794,-0.938601,-19.4657,-21.9713,52.3938,16.104,47.5883,
		node 94.8107,32.8746,-119.399,-4.83824,-42.5919,35.2604,-94.3932,118.341,25.7393,-81.556,-33.9818,-30.3064,26.8828,-91.4546,-17.0024,-146.695,2.61303,-11.7699,79.718,-44.2429,3.36258,-58.8477,95.9629,37.7408,113.561,-76.7049,
		node -63.4468,-66.5587,-45.3845,24.0608,20.6811,103.02,14.9982,42.8645,-19.3294,104.039,32.0997,-121.323,-68.4043,-3.72462,-71.6062,94.3181,-57.5004,2.46691,-25.5833,22.1332,83.4426,13.1288,29.9235,-59.4632,-17.0871,94.3182,
		node 28.4856,17.9814,30.9075,-104.355,69.4019,19.9656,-164.308,-12.4312,27.6588,46.6088,-151.63,24.001,59.0194,36.5728,90.7321,-30.6544,14.7152,-51.3947,-39.5804,-59.1901,-68.7128,-0.0478585,43.1033,25.5734,-74.3664,47.1176,
		node 12.5073,6.24497,-19.8077,76.7736,33.0302,112.709,-50.9857,-85.3496,-4.27591,53.4387,14.8739,8.69044,8.77885,-152.164,48.6775,0.661753,-97.9425,12.9021,-96.2991,46.4591,44.066,16.7735,-78.023,-7.02342,-80.9225,-18.0742,
	layer
		node -3.93595,32.733,44.6425,59.4737,-13.8703,67.7685,
endPlayer
