// Player40
stat 5
	layer
		node -53.5091,-58.6124,41.1314,-124.113,60.6483,26.2371,-93.44,-46.3751,-58.1245,-53.9479,15.9253,-58.7598,-42.28,241.954,-90.3458,44.8691,86.6951,-73.7777,-5.74914,-101.323,-102.694,69.3453,4.9733,-41.1616,-140.686,-48.687,
		node -76.3832,-37.49,-27.7864,90.3062,4.97476,-118.797,129.49,-35.5285,16.4945,-85.5761,-5.01724,-195.076,22.4822,188.006,2.31807,33.6938,240.529,-128.816,25.809,252.586,-90.1983,-34.9227,-57.834,77.0678,-80.8341,77.6534,
		node 16.2964,-34.1497,-50.0059,73.8001,-14.3592,-77.5566,19.1561,-105.11,-57.6635,-21.7213,-70.5111,76.3236,24.4003,-19.6981,-43.9597,2.32946,-22.6412,-127.113,-68.0584,-25.8584,50.617,73.7797,194.157,71.9464,-50.0005,-15.9673,
		node -32.4292,200.566,-75.2136,67.1903,178.763,152.869,101.019,-58.5368,-32.5857,-3.55141,105.928,-65.9759,-9.73883,24.7601,82.222,-10.9437,68.8526,-51.7555,59.6222,107.747,66.1495,72.7106,-58.8002,38.91,178.217,27.8713,
		node 22.9045,213.774,-27.3707,-65.0402,20.4082,-50.2491,-35.2035,-70.8014,117.743,-15.1184,7.7596,-26.9154,-36.3405,98.9004,-3.08746,191.325,115.402,6.09027,51.5651,71.1932,205.679,38.1333,-28.8906,-16.4615,-81.515,31.2299,
	layer
		node -118.587,66.0677,85.384,16.6721,-8.11351,68.7179,
endPlayer
