// Player72
stat 4
	layer
		node -50.6643,28.2411,34.4873,27.6104,58.4049,46.9686,-58.0674,10.3363,-15.2686,259.861,-56.3857,-184.017,-57.484,-38.7914,14.3932,34.4027,206.303,30.1907,-27.9039,-77.9889,161.919,156.987,-189.457,167.817,28.6756,168.383,
		node 44.9318,-45.5793,186.43,187.099,158.129,-48.2522,-138.349,60.5716,30.4334,-206.07,46.7962,-38.0246,-6.76966,16.9761,29.2876,212.113,174.475,19.5185,-55.9427,-177.032,-211.34,-20.5174,179.039,183.306,-59.3954,214.951,
		node 71.8015,-74.2875,-47.8496,137.848,-58.5742,-53.4724,104.748,172.204,53.0874,-67.096,-203.326,125.439,195.517,-25.938,-15.6809,40.0838,168.822,-6.41742,102.531,37.2345,-151.883,42.4624,-34.2828,-189.448,-35.3858,119.816,
		node -148.366,162.42,155.791,165.322,-191.041,85.0644,226.468,126.421,39.4905,83.2541,-52.1039,-52.0946,-100.777,185.644,-57.7045,115.479,162.978,-225.914,-79.1568,144.431,45.8938,32.9371,105.944,12.1414,32.7755,-199.528,
		node -64.6228,192.153,-153.148,-231.119,-53.4032,-70.3522,26.5654,19.9744,-218.701,189.825,49.1261,39.5541,23.982,0.102873,162.6,-146.808,24.4601,28.1912,178.028,-16.7528,-188.896,-210.93,3.74622,-21.0794,19.2524,16.0716,
	layer
		node 65.4414,30.2189,34.2914,5.64826,-176.463,-31.9963,
endPlayer
