// Player90
stat 6
	layer
		node 175.649,-191.75,158.566,38.936,30.7697,50.855,-37.6779,4.77348,-17.0226,259.188,-47.9235,-49.7776,9.9589,-30.0271,15.3381,-14.2261,210.866,112.648,-206.15,-13.3225,152.224,188.021,-188.812,-154.864,-58.4665,299.321,
		node 42.7024,-43.4306,-17.7811,196.854,60.0696,-51.2166,-19.2895,64.4974,0.943556,-204.901,-56.8978,-57.1502,-76.7609,153.337,30.5711,-80.4906,-195.098,34.0375,154.732,153.186,-208.064,160.691,-176.817,180.649,58.8601,197.643,
		node -45.4461,-75.0238,-44.9938,147.918,-61.2955,-53.8439,102.594,151.545,49.8636,199.844,25.9256,126.502,22.1038,-27.7259,135.588,165.952,-196.957,182.105,59.9115,24.9063,-147.64,89.033,155.443,-26.1012,-35.9021,125.394,
		node 167.023,-164.192,48.0096,46.4044,261.35,208.371,228.028,26.326,40.4156,79.5,319.178,-59.2989,-185.181,176.517,162.276,117.524,-164.615,37.6648,-199.822,22.4469,45.8824,70.6733,107.135,134.919,47.4788,33.5389,
		node -47.3406,156.622,-69.227,-231.088,-51.1666,175.831,26.3104,-280.237,34.0846,192.345,49.6282,-203.265,25.7303,28.0801,35.449,-147.895,25.0366,-127.039,177.586,-284.497,-208.915,98.1543,-1.8625,180.052,172.161,-52.7711,
	layer
		node 136.221,207.673,228.203,-251.645,-113.146,-18.8839,
endPlayer
