// Player2
stat 5
	layer
		node 52.6742,170.815,158.019,23.7309,49.4515,50.0403,-53.8825,3.57183,-12.3215,255.956,33.194,-17.5535,9.99236,19.1848,74.017,-15.5771,11.5807,83.966,-204.707,-61.9739,39.0541,184.01,130.218,171.398,187.372,160.243,
		node 43.5053,-61.9982,177.539,-157.394,61.6986,-49.9821,132.86,81.3252,-7.43998,-92.507,-58.1865,-106.745,-27.4724,128.988,32.5455,-77.5254,-38.8954,84.2726,-63.183,125.123,-201.743,-10.3396,34.9379,150.161,56.7558,94.9248,
		node -41.1496,-63.1975,-83.2132,95.0733,62.2731,-42.3646,106.422,182.088,28.9288,-59.2463,173.281,28.4411,-37.0054,-29.9962,141.029,156.275,160.148,185.588,124.666,-64.996,36.5262,83.0871,-30.7627,231.161,63.6061,153.998,
		node 164.832,8.77199,170.068,29.9507,153.562,29.761,186.751,182.108,47.1633,126.89,5.42385,-2.72512,172.509,-78.815,-44.057,172.472,47.6471,34.3561,117.686,-75.1963,33.7885,37.5466,110.749,16.5925,30.7059,105.762,
		node -72.6446,-188.643,-150.485,-228.663,31.3881,175.261,33.1002,9.28821,-40.954,196.588,178.161,65.0202,44.0067,-3.18298,100.385,105.339,98.8546,-121.994,155.417,180.054,-219.33,101.145,176.066,175.159,165.729,10.9631,
	layer
		node 6.32697,251.688,-46.5235,-188.594,27.91,41.5722,
endPlayer
