// Player70
stat 4
	layer
		node 34.2883,72.7908,29.601,184.794,-117.692,148.048,63.0505,-186.222,51.4099,-106.86,162.8,133.685,-76.6664,-3.19768,101.521,110.651,100.998,55.0411,11.4062,52.3866,23.0801,62.4108,36.9266,157.652,6.55321,48.9336,
		node 5.69939,-147.244,40.009,13.1094,47.843,43.0448,46.5337,-205.671,-93.1855,45.6671,127.041,151.937,168.8,53.6316,42.3233,-21.6848,75.022,3.6061,-15.7343,11.3544,-200.466,97.1618,85.0796,32.8107,-14.1415,125.624,
		node 65.9607,74.4425,77.9404,-45.9304,136.395,58.5612,83.8181,45.1071,-70.1383,64.7123,87.1628,20.4383,-71.4425,128.822,-22.5867,40.9207,36.7878,62.8471,40.9276,115.028,-7.19411,39.3952,-39.6697,-34.2652,122.597,-83.501,
		node 44.8053,12.47,-176.846,26.5562,-8.64166,22.7375,76.0357,-0.348532,102.122,77.1968,19.1188,-16.3116,152.859,-9.92713,151.786,-193.789,-14.2133,12.4444,42.3083,-97.7116,60.3611,-73.6275,-183.35,47.0406,62.1252,37.2959,
		node 78.5738,177.06,184.366,33.4149,157.582,160.277,60.4903,-4.22605,130.591,33.6916,58.39,28.9392,96.1323,70.0652,66.2258,57.6948,111.649,30.18,120.102,-26.7394,43.1039,61.8719,55.8516,-4.20946,133.249,93.624,
	layer
		node 34.6709,130.254,-201.099,33.5897,-2.73533,70.0039,
endPlayer
