// Player65
stat 6
	layer
		node 8.52118,93.7477,21.7555,155.279,-107.673,149.447,47.589,135.001,73.595,147.344,27.2147,160.82,-79.1455,139.022,62.7605,116.419,96.6769,47.9041,8.58552,10.7904,19.1923,77.3997,66.8964,109.538,-1.06908,153.135,
		node -56.6395,161.541,-65.1968,22.001,142.565,38.1913,41.9747,-30.9686,-93.3265,174.627,12.9561,136.128,128.412,30.1191,35.3255,38.7986,104.854,154.81,196.647,9.53051,53.5716,96.6551,82.265,120.274,53.6013,24.3329,
		node 135.192,64.4153,66.232,-27.8066,126.101,63.779,62.0668,131.439,-69.0851,150.136,-21.9149,14.2627,-4.96008,51.0119,105.863,53.9707,57.0387,132.683,128.233,-96.5218,-15.0541,-18.0449,-184.046,68.8745,120.049,15.9222,
		node 120.824,95.253,63.4991,137.588,48.501,25.1216,72.624,-204.305,81.8552,71.1356,28.9247,-14.6155,15.1074,190.539,25.0299,109.612,2.01451,140.806,195.946,64.9175,68.8253,7.34373,-205.096,124.246,150.366,-17.7614,
		node 44.5333,79.8967,121.518,128.579,116.911,151.454,156.139,-179.506,113.285,31.9621,-74.9135,21.8109,146.386,37.1915,25.1436,-211.483,172.59,185.72,115.784,151.37,38.7014,49.9356,53.2342,74.9344,111.78,94.7059,
	layer
		node -17.284,132.965,52.6675,64.9049,-8.204,67.9541,
endPlayer
