// Player14
stat 4
	layer
		node 160.705,1.59621,-26.3194,38.1845,-305.032,-45.0503,-35.4495,-13.5279,-131.709,-29.4776,252.697,49.0424,-83.8294,150.342,-59.4233,-242.931,-4.07455,63.3636,2.76267,54.8742,61.5903,103.063,-41.4823,-116.803,18.0327,48.9165,
		node -13.2166,153.375,146.484,-0.576334,-16.791,-79.0792,-48.5518,1.32789,-38.9179,20.1545,-10.4128,-47.5341,161.008,28.2076,197.072,-5.78767,-0.605299,-49.6361,174.539,-24.7082,71.7378,154.901,32.6207,-72.8695,-19.8607,-36.8507,
		node -43.4565,-200.773,125.435,13.3282,-36.0037,-84.2343,-126.496,-34.8173,179.185,-23.5072,-10.311,-10.9469,32.8945,-34.6419,149.101,57.2379,182.341,-67.914,-107.202,35.2184,-67.9807,-13.166,6.10808,97.5075,-276.753,5.4518,
		node 119.928,47.7994,48.3327,72.854,-287.545,-64.6753,-73.9763,40.8981,-87.9205,61.0321,50.0107,197.533,-87.8542,-69.2679,66.7331,86.5974,-5.18369,-81.3948,-52.8724,130.148,-36.0117,-73.8528,236.94,-36.6379,168.605,55.5939,
		node 67.0268,5.64455,-33.0938,73.633,142.701,96.8195,54.1455,-59.2694,-162.037,41.9692,-81.0728,-34.6785,35.9828,157.113,65.3448,23.0487,211.556,20.8082,-7.1356,11.3811,30.4907,30.0881,157.452,112.875,138.274,8.42608,
		node -25.4267,260.386,-28.2797,-78.5561,55.3691,192.724,-16.5856,-33.0986,105.791,169.386,-33.2005,111.088,-18.1665,85.7219,99.3723,205.224,-62.9083,20.4247,113.141,-29.549,-48.9984,-90.5305,51.4656,-48.1409,-51.8397,-67.6165,
		node 21.2224,-143.128,16.9799,151.546,-74.0917,-96.8376,9.42916,-151.6,-60.4351,112.831,-248.93,81.6506,51.9213,70.0353,5.60801,93.8592,-32.218,109.905,0.695568,40.6133,13.1264,178.848,-53.3523,-82.9553,-152.107,-17.9172,
		node -9.01562,-43.2838,43.799,60.2219,-78.5934,-150.909,-97.6345,15.9209,264.168,-51.5112,-71.6531,-90.7057,6.08578,-11.0377,-93.1291,39.1977,-97.8137,263.719,9.6991,2.86262,175.5,-176.475,25.7649,-32.269,39.4281,-43.1646,
		node -6.8154,-39.7476,-56.5013,33.188,-57.3043,-46.3679,-133.84,-1.54212,-68.5106,-4.30444,-35.8803,-101.528,-80.5316,25.5528,-97.1782,254.134,198.508,-21.1464,268.828,-39.8057,36.3997,-15.2549,162.128,130.569,63.6146,-31.731,
		node -101.765,-53.7393,6.54822,63.2502,196.856,-18.5139,137.398,25.1424,173.467,28.2264,-96.7992,-101.365,-40.6553,-81.5653,-38.5465,192.453,-308.754,23.6994,-102.348,7.81394,5.66814,-67.1739,-65.4224,-101.499,-81.6836,128.84,
	layer
		node 146.423,84.7576,15.9965,167.23,44.6462,127.451,63.6595,157.532,55.0825,203.34,4.06676,
		node -95.3481,26.7381,-40.9844,36.2667,80.0174,197.961,59.7128,-8.96808,48.1862,37.1383,-48.7784,
		node -37.0394,-95.6648,-26.9686,25.3535,-131.782,43.1251,-4.01589,-62.1233,130.894,-16.9276,214.715,
		node 141.045,-66.7508,-164.164,21.9318,-90.0414,4.53304,-186.335,-88.0253,-46.501,-60.0573,277.87,
		node -36.6374,-106.067,-32.4663,-114.996,103.18,-174.243,156.034,-41.0732,103.999,-8.55397,176.386,
	layer
		node -63.5979,-149.62,-55.7527,-83.9873,-34.627,74.665,
endPlayer
