// Player62
stat 4
	layer
		node 56.032,7.50266,30.8049,-3.20632,7.92468,-77.1652,64.5898,-1.59669,114.007,-77.4505,-24.3296,-91.3834,78.3044,-50.6188,52.1915,11.7595,87.2163,28.5535,-21.9968,-61.3317,-83.5385,20.3076,35.8033,-11.0139,-20.4178,-74.1914,
		node -12.6424,36.1966,110.652,2.25274,82.9834,137.701,49.0186,105.736,115.99,-69.1614,74.0968,-8.95341,-60.7875,64.2652,117.131,-124.716,-35.4787,-78.8786,-56.1396,66.4331,68.3438,-30.6919,-6.59768,40.192,-3.71946,18.9674,
		node 109.554,-19.1659,-79.5295,-105.45,32.4943,-76.3828,141.61,-85.6352,-48.9418,5.36035,44.9876,27.7628,97.8536,78.9612,93.9156,32.8696,12.4327,35.9444,27.4902,-57.0066,4.91975,51.4146,61.7321,1.16147,69.0824,4.89249,
		node 10.3553,-24.4841,4.83297,98.9406,-62.7046,10.6033,-11.0651,-69.1318,-70.7635,16.726,93.9832,96.6906,-99.9787,8.6789,94.4914,-25.5934,-47.2662,93.9456,-87.0022,-21.45,81.3421,-66.4225,32.1428,-103.093,20.5068,90.6567,
		node 115.453,16.7599,-45.0411,29.6154,-55.6261,37.9284,-9.56895,-8.78513,9.75198,-39.1181,-23.6417,133.039,28.9892,-54.5301,3.25415,0.797722,-75.9106,26.6373,15.3985,-66.1421,138.82,21.8755,20.0873,-14.395,-30.1493,31.1566,
	layer
		node 22.2943,12.8624,-88.9611,-48.9259,45.1991,32.9436,
endPlayer
