// Player59
stat 5
	layer
		node -131.368,220.714,211.476,288.7,199.664,-173.902,31.7078,37.2616,156.34,-180.914,0.3374,86.466,15.6356,-199.998,164.02,166.248,38.5501,266.318,-170.495,17.5609,314.463,1.72599,-183.574,239.682,10.7222,285.354,
		node 209.756,-204.901,-127.609,-106.642,-53.6606,244.577,210.64,245.487,258.273,239.864,158.813,-169.036,8.44796,-74.0842,-183.013,234.31,-106.89,218.954,75.3939,364.098,16.1391,-2.04933,-56.4748,273.109,339.728,-115.046,
		node 248.901,235.342,187.451,155.587,163.581,24.2507,236.786,148.748,208.738,219.371,200.372,174.596,87.3095,192.826,149.248,-122.21,324.518,208.924,-175.274,170.612,199.719,89.7535,167.853,-4.30431,-182.072,-53.0634,
		node -116.183,59.7175,30.3739,7.75549,-167.149,80.7266,241.525,-38.0529,273.65,56.7978,172.979,-87.5111,-208.806,79.8307,207.917,71.8254,1.18751,229.274,228.791,-173.585,180.061,156.66,-116.067,-82.05,183.987,172.243,
		node 145.544,169.628,-54.7621,-212.086,227.592,9.95303,-99.8394,208.904,159.168,174.07,-11.4302,222.28,115.39,262.159,339.06,58.2697,212.562,305.627,-103.424,-183.983,-27.9375,268.354,-12.3375,209.79,149.425,274.165,
	layer
		node 168.5,197.774,-52.3932,9.70029,9.75519,215.547,
endPlayer
