// Player67
stat 8
	layer
		node -99.1114,-7.74385,85.5951,-42.5728,-44.1527,-2.17164,53.9612,24.8599,13.0933,7.83945,-88.9467,-7.72582,-30.0351,168.918,-23.407,-124.739,-55.8167,208.574,115.577,-64.6468,-121.95,83.6788,37.3801,128.662,108.76,21.9343,
		node 59.4219,-19.1048,-17.9901,-89.6594,44.642,-32.0497,1.49162,-47.8135,-73.1505,234.871,-85.5529,43.0249,-183.803,71.8183,-1.74455,65.4764,-51.6351,-144.802,-43.6944,53.105,-38.8748,66.0983,-32.2607,148.655,-8.23474,-102.764,
		node -2.25046,-13.366,-57.8491,-88.1953,-21.513,5.05304,180.133,55.5163,98.1975,-53.1983,174.175,-119.865,-6.07168,0.943568,13.4146,140.4,-119.656,-96.0719,-50.0158,-13.1246,-28.4706,-87.2379,168.395,-34.2785,-37.4389,74.3293,
		node 45.289,-184.271,2.99186,28.3609,-41.2235,-87.1956,206.42,91.2452,16.2944,-48.6462,-124.477,102.946,-7.91474,-38.6143,59.1542,104.07,94.3421,204.367,-23.652,-83.5815,106.244,-116.088,47.1147,-23.1335,14.2973,-98.3281,
		node -73.2829,-211.554,114.512,-58.998,-73.3836,-32.6909,-0.133468,-34.2059,143.161,-98.9737,-213.287,-23.2674,-66.9102,-28.5611,53.6634,-12.7456,15.3927,-21.4762,66.6619,-84.7904,-28.6264,269.61,56.157,29.1409,-61.8657,213.311,
	layer
		node -87.2172,-151.922,64.9087,13.3597,-124.422,332.358,
endPlayer
