// Player77
stat 5
	layer
		node -80.5907,-9.04267,77.9384,-24.6739,-38.1616,17.4303,51.0966,32.0038,13.5256,-15.0686,-77.171,33.4243,-27.6596,165.217,-23.1416,-107.665,-74.0283,178.24,108.914,-65.1528,-110.351,49.4181,29.0542,127.122,108.548,4.05012,
		node 84.0434,5.00597,-18.8774,-77.5735,39.8055,-32.3665,1.17424,-49.5803,-75.0008,223.425,-79.1406,8.76399,-181.454,70.7711,-6.92209,64.6649,-70.8769,-112.285,-26.5926,72.4515,-41.7853,68.8672,-54.2568,169.017,-17.1783,-161.153,
		node -4.47708,-13.3182,-77.6416,-98.3691,-22.5072,4.76392,181.888,61.2994,92.717,-52.0113,182.293,-114.867,-15.6567,2.91435,34.278,144.585,-102.652,-90.3273,-51.4622,6.42131,-19.4783,-30.3701,202.858,-30.4225,-39.5772,96.1498,
		node 61.1895,-172.994,40.7607,28.9406,-49.6802,-97.3064,218.65,93.9701,7.45164,-42.8693,-132.748,100.73,-9.08482,-19.2743,62.0536,81.1215,94.1412,199.897,-8.3601,-82.8569,104.48,-115.991,54.9785,-17.6501,14.2209,-95.6646,
		node -82.9329,-222.461,114.369,-59.3317,-79.7462,-28.4579,2.1221,-10.8704,142.042,-98.9388,-206.258,-18.4477,-61.1903,-27.8942,48.4848,-18.889,10.3736,-28.6315,68.8202,-84.1564,-21.4757,253.671,57.3749,29.7936,-65.3418,208.565,
	layer
		node -95.1446,-141.56,58.7629,1.29376,-140.461,346.85,
endPlayer
