// Player72
stat 11
	layer
		node -26.6854,91.7795,-7.85364,-97.6247,14.7638,136.322,-16.0727,-150.395,36.6714,34.8508,-84.8355,59.265,-45.6492,-87.884,84.5943,40.349,96.9338,0.733866,24.8104,-81.6893,51.1356,42.9566,-62.4036,-29.0582,44.7244,4.13125,
		node 33.0895,-87.8998,136.702,48.0946,63.2569,-104.22,-91.7315,-26.8381,30.982,90.7404,-44.2392,-16.1002,12.8482,-9.24784,67.8494,68.1098,22.8169,-49.9675,25.3016,13.6713,82.5441,91.0491,-3.61933,75.7022,15.1269,12.2,
		node 86.556,-33.949,-89.7623,27.3406,91.5765,21.0667,97.7877,4.25016,77.0465,-38.4638,-66.126,-85.5641,-91.661,9.67321,72.4323,8.03225,82.5506,109.907,-16.9522,-75.6794,-23.6153,85.9842,-34.4508,-24.6135,22.5847,-25.6617,
		node -15.0807,17.219,-47.5025,84.1578,-11.3768,111.9,60.9803,1.98668,35.565,120.826,49.7578,-97.6095,-7.3611,-6.26675,-84.4631,-5.74341,90.4366,-26.739,42.3051,-72.08,9.40764,-6.6827,-108.608,125.894,-51.809,11.9204,
		node -25.2262,-8.80622,127.243,68.5405,86.5915,-99.518,34.7795,27.0384,-105.089,-48.0161,68.2711,50.0886,128.132,-25.0826,38.4473,-44.6346,-29.3806,-143.143,22.0785,-92.3965,-15.9242,0.295429,40.6003,-5.42055,-8.52548,-126.809,
	layer
		node -103.247,44.7244,-51.4869,-92.9832,101.106,22.2856,
endPlayer
