// Player28
stat 8
	layer
		node -17.2548,-153.163,-20.7362,-105.719,29.6557,134.56,40.6357,-9.792,69.8353,108.806,-117.965,57.3055,-44.2115,-94.0449,-88.8248,-51.0351,-124.488,117.844,-1.96385,-64.0045,10.8085,59.0317,-61.1454,-19.0956,-1.6169,12.5521,
		node 40.7086,-51.8361,-14.9768,49.5032,69.594,41.9744,-104.109,39.6938,120.023,-21.1402,-49.9983,-25.5259,7.32852,-8.60257,-103.879,42.3287,21.7107,-45.9999,52.5339,28.1753,10.4279,80.2812,-28.9245,-48.0716,-9.25545,8.80842,
		node 86.3085,99.9319,-18.3412,57.0806,94.2945,5.82052,121.325,16.7723,69.703,-27.5163,71.2934,-37.4525,-75.2068,-119.05,-25.0729,-36.7508,82.7149,114.723,-12.9682,-60.5433,-27.6975,41.2479,-24.807,-23.5322,45.1474,-41.6046,
		node -10.1702,-70.7763,-43.1596,92.2488,-10.9496,10.5109,-42.3521,16.3669,133.688,113.899,37.5249,83.2826,-9.81847,-11.3975,-64.7292,-8.6208,106.802,99.3573,-25.7439,-71.6427,35.9556,-115.391,-108.326,117.78,-54.3123,7.43645,
		node -28.8858,-159.181,109.108,68.6785,26.7515,-19.143,43.2533,22.6402,-108.972,-48.1422,54.9494,61.881,31.0132,-18.8191,30.766,28.9806,-40.1228,-131.014,25.0863,-92.784,36.1961,-14.2762,-10.8209,-18.4229,-7.34485,22.2643,
	layer
		node -48.6169,-59.6747,-85.6496,-59.6747,-131.151,60.4386,
endPlayer
