// Player50
stat 6
	layer
		node -40.3109,93.2455,0.871734,-99.5263,38.7957,141.376,-4.65144,9.42408,124.791,27.3319,-112.346,52.9988,-55.9216,-101.383,-72.8288,39.6687,-121.024,23.1473,79.3114,-64.4944,-49.6361,53.2026,-60.105,-25.0767,41.8593,3.17405,
		node 33.7639,-95.2281,-25.3947,26.349,74.5526,-93.202,17.1052,-9.81822,30.9199,-105.8,-53.3459,-25.7937,69.6628,-22.9545,-14.7741,66.1138,120.536,-5.17949,55.8173,9.25509,10.7115,79.8564,-1.3376,-38.4716,8.48215,-14.6383,
		node 81.2008,32.1261,-84.0387,52.0715,98.2009,-24.2725,99.77,14.2125,74.0428,-30.3584,-62.6479,-43.3658,99.0679,-111.249,-16.023,14.4849,80.2717,109.813,72.8322,94.4092,-18.8611,15.2421,-5.62334,-10.9682,47.7094,60.5484,
		node -17.8391,18.4813,-35.5325,88.5864,-11.2386,-119.437,-27.2142,26.1858,117.448,99.67,72.5999,76.0626,-21.9505,-7.88904,-73.2475,5.94023,86.4689,73.8535,-20.7536,-67.2527,38.7529,-10.6866,-117.843,119.522,48.9865,11.0817,
		node -35.8098,-5.56764,-152.911,67.4927,6.67632,-19.4657,34.9034,28.951,-103.972,-32.4918,-87.7782,54.7976,113.699,-18.6769,35.3359,-36.5416,-34.3572,-128.841,-30.418,-93.7341,-15.8795,-7.351,-60.4868,-16.5834,-18.9053,-126.481,
	layer
		node 65.6975,52.0715,68.818,-8.87806,-46.3407,-40.1157,
endPlayer
