// Player30
stat 4
	layer
		node -31.6287,92.2907,-20.7078,-99.0838,108.467,131.567,-17.2662,-171.896,23.1116,116.97,-80.1299,-18.2827,-18.1609,-79.0277,-74.7911,35.7279,-122.28,23.6758,5.90317,-65.0144,4.2417,49.3257,79.4776,-28.6365,42.3278,30.7882,
		node -135.101,-88.4383,-13.3892,46.9734,-27.5741,-39.9528,15.1344,-36.0297,40.6272,-110.921,-54.2869,19.5917,13.8468,-21.6928,-100.503,43.8861,23.2989,-42.3226,48.4053,35.9085,7.5911,72.1341,-0.668271,77.0943,11.8344,-75.4548,
		node 62.209,-41.9206,-18.7337,58.2153,75.0902,16.0836,37.0008,14.2982,67.0413,-37.1266,70.8696,-36.2468,-74.9797,-7.60707,68.9853,8.84991,45.38,109.671,-15.5057,95.7147,-33.6124,19.4447,-39.8691,77.0518,37.6069,-31.3991,
		node -19.9561,13.1225,-43.8323,89.3801,-41.6912,19.2755,-18.7483,28.3842,11.6409,-5.96485,38.9783,86.3685,51.4214,-15.1769,-15.1837,-1.60977,97.581,0.378621,111.786,-67.6076,17.9223,0.346049,-80.4203,-69.182,-66.7707,7.33219,
		node 138.805,37.1788,104.002,-39.9581,7.98209,-73.9237,38.8843,-32.0035,76.3628,-33.9502,66.1694,-75.9709,119.623,-19.7793,55.3124,-50.6317,-29.7491,-140.56,13.0441,-94.6835,71.7746,-7.69358,-62.7118,96.9978,-13.6135,14.5699,
	layer
		node 3.58535,-15.1837,113.834,90.4801,-44.5603,40.8179,
endPlayer
