// Player97
stat 5
	layer
		node -41.6721,-152.07,-13.612,-83.6078,52.171,132.321,2.70027,8.08124,-93.633,117.729,-97.1128,-26.7797,-5.34992,-91.8843,93.9275,36.9868,-18.9325,7.01699,77.8083,20.132,7.47418,57.2549,62.9289,-27.0361,67.9656,84.0319,
		node 34.9526,-48.5757,-1.23763,26.7446,-26.9259,-22.8239,-105.358,-29.5661,127.751,-105.579,-50.2382,-107.066,19.5778,-106.149,-107.997,61.8347,40.2384,-15.1612,44.6417,31.6758,87.4136,76.3488,-21.9594,-47.6314,18.2962,-69.3114,
		node 98.8086,107.47,-88.1506,33.2964,87.8333,-13.2073,46.8738,-57.8269,68.87,-35.2297,-59.5281,-32.2473,-86.1665,-117.349,-60.5089,5.05729,66.8679,109.336,61.1327,93.811,-18.6719,24.1019,-21.6683,-158.566,44.8991,23.0381,
		node 70.3059,17.9462,-44.652,91.8304,-14.9416,-118.265,8.11488,114.615,16.5405,-8.94739,92.3009,80.4,-17.8443,-43.4571,-79.9942,64.4895,80.9232,-84.7105,67.8367,70.1378,4.79399,20.1726,33.651,15.4817,-53.5326,6.80705,
		node 11.8968,89.0971,28.9634,67.0816,-67.6618,-16.3993,54.0426,-98.7713,-115.639,-45.3949,74.8193,-73.4808,27.3173,-17.953,39.4625,27.3557,-35.1416,-137.489,24.6824,-108.967,-9.27946,3.50282,-87.9447,-8.19181,-8.16149,88.7978,
	layer
		node -98.27,-93.633,-99.6922,5.84527,-111.521,62.6008,
endPlayer
