// Player82
stat 6
	layer
		node -178.198,-45.8332,65.2325,8.01243,112.358,-93.6662,80.8981,48.9003,-55.1734,-1.02911,-169.938,71.5508,-60.4566,335.075,110.489,-270.809,-1.42074,87.9122,126.103,50.1954,-197.793,95.215,58.081,58.7226,10.3553,176.645,
		node 122.096,42.8306,-128.361,-146.459,214.158,70.5541,194.595,-262.313,-187.272,127.046,-155.734,21.8631,-208.916,-39.1087,92.5221,231.55,-309.103,-118.686,23.192,-55.3112,14.0248,38.6814,73.5193,357.103,8.39189,-292.779,
		node -109.955,20.9586,-83.207,-186.379,-255.276,-3.90665,139.154,124.655,127.339,64.0878,-56.3571,-77.5212,157.803,-49.2612,202.35,52.3797,-220.268,29.6113,65.3076,-19.1407,-63.6796,-113.841,177.638,-89.7284,75.8021,71.1608,
		node 66.0748,-170.565,-31.6728,106.221,24.3164,-78.6322,299.593,-13.3573,-25.2034,-71.4795,-133.025,174.63,-52.3117,44.154,69.71,38.3651,110.226,411.623,-14.2856,-70.1427,87.3715,-33.2248,11.896,-71.3868,-88.1945,-62.2815,
		node -173.987,-198.092,147.491,-181.203,-87.8936,-48.4049,-20.9915,-113.048,106.764,-93.9309,-90.6491,-220.764,-73.5638,-67.878,201.041,91.6451,11.6371,41.3113,-62.9296,-24.1203,-77.6103,133.732,72.2855,12.7438,8.27513,432.759,
	layer
		node 80.8956,-184.573,272.019,38.4511,-146.241,406.73,
endPlayer
