// Player53
stat 5
	layer
		node -171.786,-46.7874,62.9726,5.70159,114.922,-92.5558,82.5631,47.173,-64.3788,-5.45275,-176.415,63.0555,-59.8965,324.438,121.859,-254.849,23.5015,96.2172,147.649,21.5771,-213.805,108.955,28.4971,68.5368,22.8747,175.213,
		node 98.9653,62.7536,-119.164,-152.302,226.537,57.6883,179.259,-228.517,-168.88,134.863,-161.751,15.4961,-236.508,-35.2036,100.644,232.292,-299.378,-100.71,26.7643,-55.0237,17.6194,28.0471,77.3506,357.774,-4.43229,-273.802,
		node -105.1,20.6116,-79.9367,-155.453,-247.542,4.16741,112.355,130.391,130.46,69.57,-96.954,-72.1038,161.19,-64.4681,194.388,31.7877,-226.225,20.1699,69.9064,15.8617,-60.8917,-120.022,184.593,-86.1647,84.6018,75.7442,
		node 77.7891,-175.96,-56.5013,112.05,14.9056,-108.136,294.757,-3.30873,-41.2617,-75.3137,-136.148,196.833,-37.5353,60.3972,93.1018,35.8437,160.83,396.811,-28.2821,-71.4182,101.983,-32.4347,33.5008,-84.4015,-88.7784,-55.0738,
		node -175.538,-196.722,145.416,-178.051,-90.47,-67.2655,-27.9377,-115,92.0137,-88.4842,-95.2014,-209.903,-107.913,-55.1515,191.659,63.5518,20.0549,89.2191,-55.5122,-19.017,-115.165,118.114,79.17,7.92809,3.34775,428.945,
	layer
		node 63.8319,-206.979,269.635,49.4739,-118.112,433.453,
endPlayer
