// Player69
stat 5
	layer
		node -160.874,-52.7333,68.8292,46.5597,108.724,-91.7337,78.8557,20.0955,-71.1033,12.7037,-176.906,66.0476,-57.1337,323.671,111.144,-267.448,26.1062,93.2848,142.222,26.26,-176.393,109.797,27.2414,68.1701,23.1846,185.083,
		node 101.343,51.3467,-119.059,-155.924,206.541,81.5595,167.056,-227.916,-173.559,122.127,-148.275,9.29714,-216.344,-38.0793,102.934,234.336,-303.645,-121.923,11.5321,-66.5314,44.28,34.4369,82.8106,338.294,-0.417803,-275.374,
		node -75.8074,24.7401,-84.1003,-175.354,-247.573,3.82071,125.621,129.195,128.52,64.134,-71.3044,-85.4888,168.709,-57.1299,176.543,27.7921,-244.932,18.2266,106.737,-11.8961,-65.1686,-118.281,185.322,-46.5174,77.213,79.3685,
		node 74.44,-175.38,-62.434,111.185,6.84136,-95.602,292.354,-4.46,-32.234,-69.2975,-119.644,194.041,-35.6832,47.1941,105.996,41.7596,161.482,393.162,-32.646,-53.8048,101.952,-45.0153,1.86426,-63.9531,-76.8467,-53.4752,
		node -171.33,-192.518,133.837,-180.335,-94.6601,-73.1276,-37.3821,-106.426,88.6582,-87.3431,-105.907,-227.685,-107.416,-49.4748,192.028,87.009,44.5573,59.0581,-62.2318,-12.2943,-109.273,110.648,74.8773,11.3988,3.8004,404.412,
	layer
		node 34.8382,-165.025,269.462,47.844,-128.426,433.778,
endPlayer
