// Player2
stat 7
	layer
		node 58.283,-104.743,107.755,162.235,-99.7975,92.3529,22.0954,30.7565,-82.6825,184.203,-3.94274,27.6126,144.173,-95.1323,-39.7258,56.1122,25.9261,-99.4413,28.7227,55.7263,37.6794,48.5934,-22.0939,-88.584,-31.2666,52.974,
		node 12.0202,29.4327,15.2162,-59.6364,63.3605,-14.5863,68.754,50.38,140.515,-35.0357,-45.0635,-17.5193,88.3557,131.925,201.672,-9.95772,59.92,73.4262,-144.567,155.091,-73.4958,60.8747,-38.5608,6.73417,-21.5904,19.1094,
		node -11.7045,-28.5717,22.5865,-113.418,51.6068,26.7291,-45.362,-88.2751,-21.0223,-77.5119,-49.1488,-59.6446,-86.6634,-51.158,-119.811,-152.588,-3.64895,110.528,65.8586,-62.539,-177.568,87.91,2.47613,-39.3337,13.0137,40.1476,
		node -43.4986,-99.0322,7.13639,66.4092,-42.738,41.7712,-107.773,-24.5463,-29.8299,-26.4794,70.1827,143.675,6.36164,-44.7262,26.5075,32.3889,157.504,-67.9452,27.0391,27.2169,59.2522,83.5089,-33.3476,9.84112,-32.4903,-25.4008,
		node 153.005,5.63757,28.5674,-5.48273,-128.222,-5.61932,-40.6422,-6.9293,97.1536,10.1151,-36.8551,-26.6755,-51.2149,-29.0075,28.8585,-78.6444,-2.74042,27.5437,-10.411,-102.758,45.3249,2.74122,89.7779,-95.5624,84.2977,-38.4339,
	layer
		node 31.404,-5.53406,50.8232,-2.00518,-42.9704,-80.716,
endPlayer
