// Player2
stat 6
	layer
		node -3.72719,-45.1464,-14.6275,-41.6653,-9.43035,-25.0408,-36.4518,34.9623,17.8603,-6.35643,24.4585,-23.3295,-11.5953,23.6598,34.371,74.9126,-1.54056,-27.3304,4.25241,11.8842,44.5438,-5.79747,-15.9141,-46.8181,1.48622,28.1952,
		node -44.7372,-36.5164,35.1713,67.3582,-22.5728,60.2088,19.3414,40.7393,0.563257,10.457,51.337,-11.5283,-23.2765,-35.3424,74.4603,-23.7823,41.274,-17.4211,-30.0438,-15.5224,-40.7839,16.6376,8.48581,4.15081,61.0015,33.4857,
		node 51.0308,-31.3167,-12.9117,28.9235,31.2326,-15.7763,-26.3405,-18.3792,12.8539,7.03428,23.1112,4.18225,-1.57747,-26.5032,-2.59281,-15.7113,59.2965,-14.6923,37.538,18.615,27.3468,13.58,-7.35536,-37.8957,-7.95228,0.965156,
		node 9.42322,38.4626,39.0354,37.0475,52.1747,5.12623,3.7792,10.2749,-3.2872,2.20576,-46.1713,38.3826,58.8294,-14.3595,20.409,-35.8064,28.3439,-36.8384,10.6082,-30.2241,27.2633,6.86863,10.2982,-12.6316,8.72622,15.36,
		node -6.51706,37.3693,-49.8473,40.6033,36.5181,3.37582,-42.3985,-30.6122,11.9668,18.5119,16.8156,-31.9186,-44.8801,2.76472,62.4015,24.4425,23.9819,-6.54128,8.90126,-6.40953,-12.1787,-26.9851,40.4201,89.9736,-3.06989,30.3904,
	layer
		node -37.142,-39.5472,3.96419,-7.59914,39.2012,61.8636,
endPlayer
