// Player70
stat 4
	layer
		node 107.137,99.0811,32.5189,-20.0975,-62.32,-120.824,10.3518,-28.48,7.91729,-21.7056,-79.2369,38.4878,-84.8072,48.5994,-46.0494,121.879,3.6315,21.8741,-7.16654,-80.5349,-16.5946,-23.7597,-33.8688,33.1426,10.3825,-37.4246,
		node -71.9697,168.671,78.6846,-6.86107,118.819,38.1115,-170.603,-50.0638,-30.7539,-86.273,-129.869,-31.3074,-14.4431,-24.4246,-147.268,-153.213,-35.0877,-8.66784,80.0533,4.63201,-90.3247,24.3111,69.4412,64.782,54.4067,-56.9879,
		node 6.7097,-16.186,-48.7873,-44.4071,6.47809,-39.6768,46.6503,55.3438,-5.45208,-33.7387,10.1581,-2.06668,-75.0287,-16.9125,-8.05671,96.9856,-56.8634,36.1933,-142.572,17.0679,170.666,10.2084,-85.6978,-51.8762,-12.3418,-40.6754,
		node 57.658,39.6434,-41.0993,-115.577,-25.6181,-124.03,-163.89,-123.09,48.4969,-160.006,-159.511,30.4451,22.9833,-108.199,47.871,51.0192,21.2472,-12.1282,-133.25,-152.286,-76.8569,109.766,27.1078,87.9838,-53.9837,-64.7364,
		node -110.557,65.2215,-20.626,18.1794,22.3878,116.647,-69.801,-27.2858,-9.23955,14.9561,6.81285,-48.1912,-5.01399,4.98813,83.4097,-10.7614,-82.6494,13.4827,41.5337,-55.6029,27.4166,-48.6245,-5.28672,-0.497576,-73.2095,-109.777,
	layer
		node -47.0634,-177.061,-64.8482,26.4139,-69.677,3.90049,
endPlayer
