// Player48
stat 7
	layer
		node -28.0487,54.629,44.7308,-22.2788,-3.98482,50.5797,-45.002,-83.9752,46.7019,-87.05,-55.9104,-31.606,0.0321859,-49.8423,-34.5072,-14.8854,-64.9475,-72.9316,16.2699,-65.3034,21.7222,-78.706,16.972,31.5172,-25.3505,-31.8574,
		node 29.0678,39.9265,-36.1214,-79.2968,55.9679,-51.3919,-54.2902,0.279661,-73.5226,-43.854,-68.1043,-31.0558,12.7333,37.9127,-30.1753,147.53,-94.978,-31.349,43.3587,76.2015,60.9218,14.4594,-23.5185,27.5187,-12.2993,29.62,
		node -72.0803,57.4385,61.8669,-22.3026,70.9209,61.9092,-58.2291,-76.0174,-91.7341,-68.4691,137.867,-72.5591,69.0427,-10.2624,-12.2799,-24.1017,-46.4986,77.0915,-39.2449,-26.0251,28.8027,10.9361,-13.6206,-42.1171,3.86697,-15.9507,
		node -32.1477,15.4082,69.2932,-22.0505,-28.9391,10.0063,42.2349,-53.1908,-28.7792,44.8731,1.01306,25.1425,16.9128,29.7455,43.604,24.5032,27.1442,-37.9633,51.0265,-2.00192,33.6829,135.99,42.1924,-50.7263,16.5067,8.22137,
		node -75.9222,-61.1574,133.42,-106.193,104.132,14.8548,-39.7968,81.5471,-36.601,13.1039,5.78206,-5.65834,41.6408,63.4683,22.3569,-49.9605,81.2926,0.97552,-58.9977,36.3483,-89.6322,23.8301,-93.8506,-55.0215,118.267,8.24954,
	layer
		node 39.2843,130.089,-9.54245,20.2605,15.7166,-67.7708,
endPlayer
