// Player32
stat 7
	layer
		node 127.236,-71.3971,56.3842,-98.4185,22.8462,134.2,-115.824,24.8547,60.7633,59.2957,143.225,241.877,166.703,86.7552,50.9032,74.2657,33.3255,-111.359,136.513,-118.69,-94.8243,137.716,113.819,-53.9421,-17.831,256.796,
		node 70.3984,26.8885,-1.3759,-58.0992,56.5173,114.575,-144.822,64.5127,-60.5388,-42.6444,25.7675,-0.727709,-147.564,42.4381,-96.4742,-95.9788,-12.3959,167.588,268.934,70.5896,102.177,-47.2364,-69.2332,-21.8803,-46.4625,86.2257,
		node 97.4495,55.4442,17.919,14.0187,-58.3217,-141.707,248.954,66.2587,-9.49217,-82.9043,-17.1702,11.4488,-39.4766,151.468,-84.3459,9.36552,-63.1582,-134.131,-62.02,-72.7515,-93.6768,132.88,-86.8219,49.0567,71.7411,98.9513,
		node 67.5106,-98.1435,123.181,-152.946,6.18264,-50.9741,170.992,110.378,-68.6861,-19.2819,139.766,112.413,59.6779,-76.7117,-48.9248,97.1537,93.2793,285.011,106.077,106.075,57.5421,92.7748,-92.5016,101.757,60.8862,87.9826,
		node 195.036,-38.6567,-117.956,135.944,-13.6709,-177.32,-15.3718,117.695,226.819,110.263,141.501,35.9288,-26.6026,-70.5157,133.501,12.3157,67.1253,-22.252,10.1946,14.4002,7.80031,8.31865,-119.139,-42.1102,-43.2433,54.6103,
	layer
		node 130.1,95.9007,-84.6492,40.155,223.751,54.9535,
endPlayer
