// Player52
stat 6
	layer
		node -114.318,49.7216,37.7645,267.574,-86.2256,218.169,-110.093,-35.2489,-117.787,59.2726,63.5832,-20.7399,-69.0763,-145.571,50.5155,-71.7595,33.6931,-147.551,81.2181,-119.318,-90.4045,138.396,107.482,-126.223,-20.0213,-16.7043,
		node -46.0248,23.9929,12.8283,203.963,34.3885,150.577,-76.5028,-130.744,111.707,-51.4817,-149.028,-76.1436,297.09,96.2717,-110.218,137.672,-106.245,30.5255,267.721,-59.6091,-101.906,189.936,-117.351,21.0666,-156.917,83.5536,
		node 32.6587,64.0538,133.674,16.767,-52.4523,-139.052,253.994,88.2424,-7.48666,38.1941,49.3289,11.2271,-59.3433,7.64666,-89.3423,-73.1709,255.089,-136.771,-56.7618,-52.971,36.8455,135.307,-78.2576,-16.8459,-60.2056,113.786,
		node 243.863,-111.687,-13.3914,146.408,139.382,118.178,-159.372,106.045,-69.8119,-19.0913,84.681,111.473,4.87268,248.598,-62.0314,-62.8755,91.6314,283.848,7.83527,296.572,52.3271,-51.9619,-23.3724,37.4617,65.0171,-22.5489,
		node 9.71435,134.661,133.701,-49.6708,-64.7706,-181.994,-4.81172,51.1634,214.398,-89.9657,-98.5525,14.7023,-16.6188,-35.0144,-50.3718,16.6417,20.2653,87.4254,-86.2279,13.5007,154.563,-59.0255,142.851,-44.6679,-50.4569,150.247,
	layer
		node 35.9315,32.3057,33.2415,-140.76,16.0606,37.0474,
endPlayer
