// Player90
stat 5
	layer
		node 146.252,-36.0905,26.999,238.067,-84.047,109.758,117.412,-35.985,152.438,-62.7707,223.932,-3.99652,261.998,-66.5881,53.0026,261.903,-18.5815,-58.2389,155.083,-98.5185,-56.1941,-96.3537,108.093,51.477,-16.9514,121.701,
		node -53.015,29.4989,117.135,-132.221,-138.584,146.316,91.0781,-28.1249,-72.7119,-109.059,25.6696,-3.27067,-66.928,-53.6032,13.3142,-100.768,58.6177,19.1924,276.729,-68.632,-98.7969,41.7152,-38.4187,8.63966,-69.2846,87.8309,
		node 9.76117,60.0636,-69.8565,4.31505,10.2479,-156.645,234.053,98.8651,55.0678,-78.4231,-86.1331,-36.3936,-36.4962,58.848,38.6602,-67.1638,260.106,-11.274,110.241,146.789,34.7854,266.973,-71.1765,54.3928,14.6818,-140.508,
		node -88.629,-131.86,117.12,139.225,-78.2366,-72.4274,164.983,130.11,-59.7584,98.8739,167.26,226.09,70.5054,-20.4156,-24.921,-57.6002,136.979,-55.0398,-55.3197,122.266,5.11316,75.2523,-59.6312,-176.865,-13.0201,-4.23312,
		node 121.735,67.4003,128.71,-50.055,-29.5331,98.0811,-91.6714,270.213,216.817,112.519,151.147,34.0647,-64.4126,2.81767,140.826,-87.7169,-11.5032,82.3155,-79.0746,19.606,70.1515,104.485,140.467,-24.8112,-42.7472,141.411,
	layer
		node 152.68,-22.0097,139.412,-29.6987,-34.1814,241.933,
endPlayer
