// Player77
stat 4
	layer
		node 68.5789,93.6202,-25.9858,86.1519,118.382,45.2442,-2.43107,-168.213,109.026,87.74,-50.9492,8.26024,108.855,-64.8427,49.9199,7.49696,-42.26,6.81905,68.1274,126.859,88.369,60.8979,-99.3421,-133.254,29.213,-79.7069,
		node 16.7313,-139.201,94.1908,53.9335,37.8467,97.5307,10.4923,100.726,144.418,-172.074,-91.5634,-64.121,72.3515,-3.77877,99.0225,-13.1306,94.8626,-38.8572,143.433,107.509,-122.04,-28.2462,131.355,-124.329,124.418,82.7142,
		node 13.9467,11.5376,77.4999,-103.016,150.382,55.7816,-33.8706,49.4131,16.7152,-70.3458,49.3691,99.7425,-10.8423,-9.51309,-142.82,140.334,-130.611,77.8243,-63.7091,84.9925,-75.71,132.224,64.2236,33.3722,16.5243,131.429,
		node 70.5005,82.0125,-36.1007,76.756,135.333,41.6693,16.4546,-107.116,-9.13735,29.7413,-123.235,21.214,-84.2078,-96.1131,125.449,1.87424,-73.1102,-96.7442,51.1924,-27.3143,-101.225,24.0131,11.4916,52.6317,-46.7499,-20.5456,
		node 48.6614,136.52,77.2046,104.527,-32.0086,6.98524,30.1887,-2.63608,-61.5374,-66.9874,117.89,14.8337,42.7079,116.395,121.441,62.2712,-112.481,24.6787,-116.362,61.5835,117.087,5.92461,90.0083,-101.944,-126.375,75.2264,
	layer
		node 98.2167,52.3545,-99.9586,60.9328,74.6136,27.6869,
endPlayer
