// Player66
stat 6
	layer
		node 56.7042,90.0512,-88.4425,84.2533,107.101,27.5419,52.0233,-71.775,77.3219,122.367,10.647,-74.727,106.595,-143.619,51.0488,142.768,79.6679,11.517,-7.14735,77.5677,87.5331,54.0983,-100.666,-80.7225,88.6496,17.7873,
		node 8.15539,-121.998,122.141,61.5645,50.3287,-134.382,37.2596,-62.3078,-18.3167,10.5589,51.073,-65.5218,76.3089,-6.53034,96.3879,-11.2539,-25.4888,-31.8571,142.289,-9.74169,82.5819,-94.1283,97.6182,-62.9751,61.2995,100.51,
		node 12.4242,13.2801,78.7161,5.18916,23.1799,44.9491,107.696,35.3306,17.0355,10.0085,-15.6466,-17.5061,-9.54754,-5.32917,16.3878,-40.8234,43.0277,122.45,20.7713,-122.343,48.1732,56.9191,-89.5177,-28.7091,27.722,129.369,
		node 68.6991,-28.831,-34.9377,96.8172,77.6017,98.8771,85.8525,-108.304,1.98758,8.28639,6.74593,-94.9685,-8.59724,-106.921,54.2094,-67.6166,-13.527,-97.4456,134.16,-25.8075,8.31051,127.74,7.63321,-82.4833,42.5175,-14.1695,
		node 45.0639,26.1176,14.8074,103.48,-30.7872,2.30893,29.0216,-2.01294,128.223,88.2173,-9.58305,14.236,130.147,-14.1173,33.1452,-95.7085,72.1285,19.4281,-13.959,66.6427,82.4279,72.8558,-15.3193,-85.5829,67.2396,77.1728,
	layer
		node -72.7733,-19.779,2.39426,72.8129,-2.69646,76.8168,
endPlayer
