// Player57
stat 6
	layer
		node -71.3145,-23.3895,-84.5535,86.4489,108.092,-12.9454,-6.72636,36.9621,78.1244,-28.4242,75.9048,-74.8014,54.1328,-99.9182,56.717,-98.6005,86.7182,8.62456,74.1673,82.1831,15.622,54.0685,70.0397,-80.6236,29.4241,-81.5631,
		node 9.32719,-122.506,44.9043,-72.7884,5.04949,-91.6532,-87.2784,-65.246,-18.5258,119.149,-92.5202,-70.8836,55.6031,113.592,97.1662,-11.013,-20.5505,-25.8217,-100.859,106.922,83.7849,-63.0207,16.3638,-119.96,60.6169,84.8696,
		node 9.01056,-65.3387,127.855,-106.683,91.8298,78.3274,135.931,52.3259,16.2781,104.524,-11.7066,-8.80658,-12.6645,50.4164,16.7081,137.34,45.576,111.78,68.8385,-88.3137,117.446,54.653,69.219,108.35,18.0249,135.549,
		node 22.1453,-5.9185,-35.7017,101.612,77.4624,115.91,88.1452,-103.056,120.027,28.7031,0.359757,33.2866,-13.9299,-107.193,120.175,2.6882,-95.6081,-81.802,46.7463,47.1982,5.61597,123.644,12.5951,61.3774,-47.6443,-10.4214,
		node 44.359,29.5547,2.65451,103.41,-30.7452,11.328,123.132,-17.0519,31.6181,90.6792,-11.2082,15.411,72.9103,22.4638,-92.4738,-100.884,-111.726,18.8136,-114.935,61.3304,-5.87421,68.3288,-20.2735,-87.3822,-130.022,114.215,
	layer
		node 14.3262,-78.7614,110.992,74.3291,-3.43922,101.64,
endPlayer
