// Player88
stat 8
	layer
		node 106.559,-8.2881,92.7843,-37.8375,88.8119,-48.5662,80.7684,135.751,-88.8632,33.7524,-14.9802,138.139,-120.776,-73.7028,20.1645,-129.956,168.093,37.2605,-69.6283,-29.7638,43.5394,-121.197,-165.441,-49.494,12.6723,154.676,
		node 15.4076,-159.907,-98.4867,132.878,-65.527,85.1732,-98.7108,46.2846,-43.8523,19.6717,128.554,27.3138,9.90089,35.2234,96.2249,26.4655,-96.6783,128.463,-90.5633,116.136,-79.0721,-77.2171,23.3451,61.0831,56.3808,-33.2563,
		node -17.4551,-32.0805,-72.4187,-100.397,112.936,-74.8026,33.1065,137.876,-69.3915,93.137,-93.8591,12.5895,26.7868,-112.926,39.9013,9.02116,150.301,128.259,-52.1498,-118.006,52.5306,21.1356,-105.91,-85.7208,101.022,14.6294,
		node 33.031,67.7334,-47.2287,-42.5857,21.0312,77.821,105.193,95.1609,127.003,-8.16571,-52.143,59.431,43.4894,133.562,-79.2671,-9.02922,-110.594,-80.8048,-96.1171,-124.178,13.6684,15.8355,40.876,-64.4702,28.9259,12.3663,
		node 60.7626,-54.3484,111.369,19.207,116.419,-127.839,29.3657,4.0553,23.3524,-55.3682,-126.935,100.246,34.9743,58.3474,143.69,102.496,12.2258,50.8562,6.35586,50.7444,-132.713,128.003,-36.9076,-132.144,-119.126,19.0446,
	layer
		node -123.895,-114.081,3.41998,80.2436,20.0266,-143.011,
endPlayer
