// Player93
stat 7
	layer
		node 107.925,-62.3815,41.352,114.209,-6.13846,-5.5326,-113.492,138.442,2.36949,32.7876,64.0776,141.992,27.5575,169.855,14.2506,37.6437,165.425,40.0763,-71.9451,-10.2303,46.7714,-136.143,-31.1083,-52.0059,7.32889,91.2499,
		node 86.6702,-13.0911,-74.9673,28.5719,-120.535,90.0459,-75.0051,56.7359,-25.8037,12.3422,102.186,28.8796,-115.961,37.5624,114.588,31.35,-33.1512,111.207,52.1059,104.571,-27.397,-71.5323,20.5164,144.499,-68.9275,-52.6114,
		node -19.7838,-78.2852,-26.7833,-81.3638,-39.5703,-69.1356,-27.3103,70.4828,-94.2226,78.8751,-116.512,-91.9872,7.44802,112.941,-25.0043,-73.3684,139.674,135.891,-112.187,87.783,18.0179,24.3041,-123.086,30.0371,-82.0619,-32.1831,
		node 140.906,136.45,-38.9526,21.4395,18.3746,42.545,16.2827,108.667,6.84974,-26.5639,-43.3358,-105.558,-107.665,-40.8881,73.6283,19.4394,26.2952,-14.3991,108.462,97.2033,-134.089,9.54569,-5.61282,-38.5986,-97.7852,27.4634,
		node 0.659312,134.038,-81.7223,23.1024,-32.129,-133.021,-90.8185,59.5932,-86.4433,170.68,-137.538,-131.871,35.7545,-155.076,16.0712,22.4097,-71.9317,53.4864,24.1156,30.1554,-43.5941,-14.9911,-46.9122,60.3401,26.9883,-79.136,
	layer
		node -24.7458,-61.5588,166.729,-124.371,-103.958,-70.7875,
endPlayer
