// Player57
stat 6
	layer
		node -89.8278,121.94,44.3559,-43.277,40.6277,-121.778,-111.072,0.433584,67.6112,26.4887,-0.534885,3.97732,29.613,7.81429,-38.0075,6.11049,155.672,40.4321,-69.7073,-101.968,7.75189,84.7155,7.92762,34.8565,-111.195,-113.982,
		node 3.18984,16.6072,132.957,-50.32,-130.566,47.7481,-8.00221,162.753,-125.559,12.2527,124.093,30.7862,16.3159,43.5921,20.1498,127.756,-37.7651,-102.953,-2.90153,121.581,-71.5898,-60.3225,-7.60353,-110.95,78.3137,-39.6826,
		node 8.10398,-37.0577,-85.2648,-124.163,-28.8729,34.3926,48.0386,-29.4943,-64.4632,80.0514,-95.4111,-107.095,-19.3879,56.9255,-22.8562,-40.703,-78.052,66.8924,-50.3351,-112.795,-106.379,27.1094,19.634,-108.857,-86.3233,-9.40041,
		node 5.7952,-134.752,136.676,170.815,-44.6497,44.9896,-137.883,96.8697,-15.2842,145.62,-34.411,14.7812,124.455,98.9612,62.2521,45.053,-105.621,-112.508,5.88271,100.595,-148.968,79.4417,38.264,-19.7908,-115.14,21.5686,
		node 2.0172,120.123,23.5894,-36.7855,42.4933,-132.371,23.9219,47.5943,36.5263,87.8377,103.656,-107.091,30.1798,112.593,10.6656,26.0426,16.0526,39.4917,23.9768,-174.112,-47.015,17.7587,-29.9964,18.0959,4.12073,-74.7252,
	layer
		node 140.577,116.837,-131.711,-148.602,-37.818,-80.3742,
endPlayer
