// Player11
stat 6
	layer
		node -101.286,24.4104,-16.9085,-44.5606,45.4794,-53.0451,-33.8425,-41.0969,29.2376,-39.8376,-44.5577,-39.1307,-54.6119,-52.6991,28.2247,106.183,77.4256,-15.7067,26.5519,-65.4398,-1.43484,-12.2081,43.2674,-9.93566,49.7299,-13.971,
		node 48.7478,-9.45696,9.27718,-38.5274,61.287,-73.5026,-44.1381,23.781,19.2504,111.042,-40.1943,-14.3667,-16.3944,-18.569,-18.381,23.6516,-85.5096,4.51036,-22.1246,-6.04191,4.26783,-9.84219,21.1429,-73.8603,-55.7411,27.2803,
		node -7.60131,12.9702,-67.8953,45.524,-7.89875,20.7272,-6.86748,-33.0717,43.5246,-47.1075,36.8956,12.6834,-3.8734,-116.326,-4.49404,-47.3503,10.8344,65.6705,47.571,65.5034,36.7138,-51.6577,-8.73299,51.0092,99.2655,45.5669,
		node -61.9778,-42.5699,8.00532,57.1815,-58.0383,-56.2209,-27.1067,71.4456,29.7036,-22.7992,-48.9179,39.3877,-26.5619,54.1991,-115.16,6.33185,-36.7892,-65.8998,-27.9746,-25.2335,6.64578,40.2684,-49.9114,-46.2622,45.7439,8.80313,
		node -44.8944,-55.6125,118.784,49.6636,-1.50298,-5.4151,16.5492,45.6245,-56.3427,-74.0889,37.2373,-10.8484,16.0117,-27.0331,8.91429,70.4589,-6.63509,1.91645,-39.138,-55.9985,101.57,-36.9731,39.7848,-101.756,37.2106,35.13,
	layer
		node -4.72345,5.28255,34.5068,47.2779,-17.5557,32.7473,
endPlayer
