// Player45
stat 3
	layer
		node -6.58191,9.03341,82.6378,29.8978,-69.2419,-53.4657,6.70358,39.0804,76.8264,17.6214,166.821,16.4188,-95.8991,13.8953,5.64503,1.91771,-19.1334,-78.6126,-41.112,-3.09114,19.1375,59.3629,-4.99327,31.0871,78.3634,25.7605,
		node 31.7145,37.5276,-72.5686,-2.14668,69.9088,-4.4266,-1.05406,12.9642,7.02497,-15.5336,-22.3414,49.565,39.6842,-2.50907,-91.9192,15.5549,22.0637,-86.6995,98.3332,6.67075,32.7277,-118.131,-70.4517,-31.6684,-45.9273,-47.3601,
		node 0.437155,-2.82197,-25.7537,69.2829,17.1669,-41.9017,-45.6417,-73.9605,-18.0622,-30.42,-59.6031,-52.931,24.1135,1.98809,63.3535,67.5155,-4.89304,20.1164,-71.5191,17.1057,-39.1411,14.9679,22.323,-47.5122,-2.09952,26.074,
		node 18.8673,-13.0833,66.148,-7.58444,60.1282,1.69807,-27.1154,44.233,-12.6933,47.6637,-32.3,-2.35619,-6.38939,-7.66871,-17.7339,24.155,36.4876,-78.7485,25.1489,-55.4167,-19.8766,37.9345,65.0712,-23.243,-91.6814,-24.8116,
		node -12.276,-120.756,-43.254,81.4239,-53.5535,-0.863993,26.1793,-49.0481,-82.6513,-8.17665,17.0317,8.52202,-8.61055,-27.0961,-5.39962,-27.7278,57.4756,-31.245,-25.3419,-1.58658,-16.6919,11.9026,19.2584,-14.765,12.1158,-83.192,
	layer
		node 30.1527,32.0832,66.3546,59.2412,-52.9344,-5.30225,
endPlayer
