// Player36
stat 7
	layer
		node 133.491,-189.27,-241.036,-238.338,-248.822,450.387,-116.213,-251.001,-220.383,-145.057,-165.438,-144.792,-136.777,203.776,19.6369,-104.138,-177.268,-85.5421,-105.449,360.114,274.529,-259.795,-225.737,-231.954,-243.868,-294.438,
		node -205.798,-181.384,-161.5,-111.01,243.079,356.393,-69.8423,174.646,400.307,-169.369,223.171,161.078,-124.732,158.509,444.612,-71.1069,206.338,160.38,457.049,235.46,-114.655,-121.847,-115.592,226.734,487.013,162.749,
		node 463.858,-173.4,460.086,234.749,186.761,-264.905,-174.113,-203.205,267.624,465.394,-205.947,452.196,151.217,-193.599,145.198,185.195,-173.664,-171.769,-110.239,400.972,11.3828,-110.924,42.5224,-243.409,280.251,181.965,
		node 231.305,145.478,-100.635,265.44,-119.472,450.464,173.891,-247.831,-135.472,458.68,-188.218,-105.359,-224.652,-185.97,-167.22,-248.274,387.305,466.19,377.871,-110.688,-174.536,-233.142,-248.494,-219.913,180.123,235.686,
		node -218.383,160.139,177.355,-139.228,-236.349,-191.09,-136.822,-101.154,173.028,-112.555,-175.918,83.1742,-249.774,-264.6,168.901,-98.8268,-64.4979,-132.249,-118.259,-170.913,-138.529,-177.133,464.424,225.174,108.251,159.776,
	layer
		node 206.486,219.787,143.498,-210.548,-115.346,-190.052,
endPlayer
