// Player57
stat 7
	layer
		node 34.7716,-203.956,-223.494,-74.6193,-27.7994,104.773,42.351,-49.4374,-70.6463,-37.2988,1.69451,-59.5721,36.4661,-42.2268,9.88624,-22.4954,72.2301,-143.643,24.9959,-39.5746,-107.82,-41.216,-103.785,-44.8699,-105.665,-166.291,
		node -2.47249,44.708,54.5071,-64.8391,-26.0206,-30.6579,-13.5448,47.955,-17.8791,130.411,41.1517,-42.2588,-56.2694,-164.685,17.69,-167.875,-78.2464,-87.0477,142.551,-20.374,16.8293,50.3198,-22.584,-33.8745,86.4076,10.8001,
		node -39.1581,-64.153,50.9402,25.5218,-34.3083,55.6585,173.484,-30.2169,-23.3991,-32.054,32.8597,48.6356,-20.8162,-74.3776,-79.0653,-177.912,-61.4853,-11.4688,7.93633,59.8863,-60.116,-28.4675,-60.8634,-84.3121,-165.743,-1.86884,
		node 105.44,1.41662,44.4661,-20.9331,-45.0765,84.2554,-129.705,-72.9715,28.9727,-179.562,-37.1219,-205.632,-0.728409,-62.2189,-42.3518,58.4787,47.7247,-83.8912,111.363,-50.9765,19.0349,48.3979,5.32154,72.1475,-50.8366,-59.9042,
		node -27.4545,-32.3096,-62.6091,40.991,124.459,-57.6505,46.476,35.3991,51.8037,-43.0486,81.3214,-33.111,12.6291,-174.542,-11.9271,-16.1329,71.8191,22.7801,-3.05665,22.4943,10.9455,-15.0506,-109.344,-130.596,-41.6318,71.9209,
		node -11.5994,-50.8506,16.0295,31.4089,-24.9742,-96.6572,-98.9261,-14.2242,29.4932,-103.565,21.7546,-76.2695,110.464,42.033,-82.3786,-103.54,-1.47374,-20.222,69.4427,58.0117,123.196,-10.889,48.0692,5.14655,-44.9148,143.673,
		node -49.6631,-12.8305,-140.51,72.8227,-12.9909,-101.017,-33.0436,1.27162,8.15566,69.4292,57.1469,16.5176,-69.8132,74.3294,-10.8859,-34.4319,58.8067,-17.6689,55.9809,53.7004,134.828,-42.161,-74.1096,-10.5109,76.3889,-65.4818,
		node 59.5824,-134.237,15.3626,18.3293,-1.26115,-112.361,8.20287,65.0279,-9.3436,149.28,95.7978,-15.9044,155.557,-105.326,13.9877,-61.7307,28.1658,-92.6914,-44.5461,-27.0462,59.2984,-39.6889,-56.3978,-75.566,119.115,71.9363,
		node 13.8119,-67.5715,130.416,-16.9173,-192.937,-21.4396,-105.926,-92.0576,54.0706,-163.559,9.84173,77.3221,58.6172,-1.52391,13.9919,-17.6785,-143.841,-3.07071,33.4971,30.8254,55.2578,15.4994,-117.045,35.576,-88.5009,-162.794,
		node -25.4532,92.6075,-20.352,-5.86197,20.7986,78.567,20.1901,18.3194,85.7273,58.0308,48.6677,-64.8765,-117.927,8.67021,-48.2129,39.6636,-23.0524,-19.3552,10.8705,-69.3742,62.5109,-47.6415,45.4511,-19.0066,5.51089,51.7524,
	layer
		node -123.453,32.4756,20.3209,-110.853,1.66138,34.6989,-134.654,48.8571,66.8896,34.8729,-201.648,
		node 62.5499,-131.334,-20.0265,67.7996,-37.3314,38.427,-51.1124,-23.1036,76.9205,145.301,-49.0608,
		node 33.7137,-52.8596,-10.6253,-86.08,-101.584,-33.6474,-34.7027,5.76874,117.592,50.9048,25.3766,
		node -31.7411,60.7922,68.753,78.3227,91.415,18.9076,-13.1991,-6.13512,-45.4308,-16.2584,-32.9674,
		node 3.81986,-48.5904,-26.4563,-60.479,16.3645,-98.3189,61.3809,-145.787,-73.1445,-27.2723,28.0554,
	layer
		node 6.60237,160.17,-51.6849,-20.3341,-42.7425,125.995,
endPlayer
