// Player59
stat 7
	layer
		node 22.4331,53.3857,-7.29107,-69.5134,35.1436,-50.5143,18.4806,35.3117,35.3119,25.1356,123.954,45.6286,65.8049,-22.211,-32.5055,7.6673,-20.3423,48.7461,-82.5314,-23.5709,62.1631,-110.255,36.7341,-112.311,-10.45,-27.6197,
		node 26.7024,-18.059,42.2824,-62.645,5.26791,-33.215,-42.715,-44.9275,28.2294,-125.264,-162.243,4.19055,41.7346,63,5.63835,-91.8262,122.017,-73.8178,-25.8398,17.0136,-21.0989,89.4491,45.6884,-43.2133,-39.5838,-84.5007,
		node 49.8091,-150.805,-103.852,101.307,41.2783,39.3579,-70.987,-26.8134,54.4113,58.9574,104.117,39.2177,20.0262,-123.359,99.5301,-116.392,-179.177,109.342,113.882,38.6732,28.0699,-37.5529,41.8728,-74.4363,25.8013,42.4115,
		node 48.4386,-53.9759,33.3074,7.81395,78.5607,49.0567,-8.10005,23.6161,50.1416,-13.0608,71.5471,2.99174,5.44027,43.2652,133.498,52.1312,-95.5211,61.4689,11.0576,86.0732,61.4837,-21.0936,37.118,39.5434,3.85347,22.9143,
		node -44.8374,-103.978,16.8103,-72.515,91.6921,76.4353,-76.0904,-5.29551,27.0511,-0.96708,13.8199,12.0919,61.7109,6.02831,61.7385,-6.87079,28.1998,83.9046,75.6359,112.342,-9.18698,8.78383,-23.0045,-71.4973,44.5975,-21.9247,
	layer
		node 60.5262,14.3308,129.449,46.1573,-22.2501,-106.641,
endPlayer
