// Player29
stat 3
	layer
		node 44.9341,-64.4237,158.728,38.8161,29.676,-16.6128,17.3014,-58.8438,123.926,13.819,-53.7104,27.0982,29.4088,92.4934,-55.5162,-10.1474,-29.6168,31.5207,20.0403,129.436,36.3606,-101.747,17.5048,-56.5345,130.868,-9.95865,
		node 30.6103,-39.6098,6.13977,-28.7592,66.381,33.7668,11.2869,-78.2688,-9.66957,47.4308,63.321,152.522,145.001,-32.0098,51.4904,31.5367,-25.6665,-8.2585,236.806,-24.8776,-54.8335,-5.89491,11.8007,116.081,11.4274,33.6354,
		node -15.4969,16.2591,139.296,-30.4297,115.379,11.5019,3.66079,120.34,48.7623,-14.7594,112.63,2.8041,18.6895,217.817,35.7623,8.50966,40.4678,-40.8658,49.3124,-52.5861,47.5548,-86.0024,56.8091,-51.7654,119.534,-130.309,
		node 51.5771,-20.9605,29.8132,30.5432,-30.3651,30.2722,-62.2034,184.35,28.5988,187.41,42.8485,55.8939,17.9665,-12.8265,-60.5633,-14.1138,74.0044,46.033,186.358,107.527,61.9646,26.3118,223.309,-12.16,54.8253,130.142,
		node -37.5125,-71.1239,-68.977,82.4506,-66.8087,16.2998,95.8471,89.6843,33.18,27.1737,-87.5727,148.598,48.9147,163.215,92.4794,91.964,4.78716,133.27,55.1493,10.7447,200.65,28.026,-75.5508,-4.51281,-80.2342,-42.5342,
	layer
		node -31.7252,44.2399,32.6929,-46.8469,-21.1756,-69.7902,
endPlayer
