// Player57
stat 4
	layer
		node 50.8111,-17.7463,146.326,55.667,21.3393,-54.4792,52.2379,-63.5756,125.02,10.8679,-25.9976,-34.826,46.6702,-18.7272,98.9157,145.877,-24.2567,80.7407,-85.0792,148.755,39.0995,-64.876,143.219,-21.4224,-36.5727,47.6967,
		node 54.7133,-29.6522,14.2635,-20.6726,-118.1,44.5365,2.74991,-51.1772,30.2771,-33.1979,68.5832,24.2384,144.079,-29.0458,-12.5865,70.0108,133.211,12.6493,-11.6498,208.478,-15.463,-3.16941,20.0142,81.9124,94.9722,107.991,
		node 82.0532,22.8705,115.358,-34.5501,13.4067,55.3724,22.6288,-111.563,46.9861,169.039,97.24,1.46388,131.093,102.017,96.4007,-6.53029,66.8682,-41.8355,73.5251,-52.1416,52.799,-42.717,16.4457,83.8022,11.6476,179.893,
		node 18.4072,139.682,32.9252,-66.2616,-77.3306,31.1942,94.4101,192.675,11.4996,60.4906,-12.9163,-16.897,-12.9364,-83.7248,98.5028,58.1662,49.7117,11.724,189.108,-30.1461,-19.5068,26.292,62.2183,4.73729,53.8918,154.077,
		node -7.73653,-25.5679,0.955722,86.9408,-22.789,120.547,120.228,103.237,97.3884,77.3905,18.5036,-6.94953,-32.6848,-4.65075,85.5487,98.0599,2.80061,-8.6425,45.0579,-44.0867,65.2199,-33.4519,14.2941,-0.214195,-99.8764,24.1443,
	layer
		node 29.4682,-17.8297,21.5259,-25.7704,20.5272,32.2533,
endPlayer
