// Player17
stat 7
	layer
		node -73.9044,-85.3405,142.583,33.1758,-81.8347,-30.1943,165.094,-99.2302,115.962,-100.371,9.64642,135.95,-115.715,-178.207,-118.598,63.9741,-7.88347,-16.3585,30.3493,12.9007,80.2653,58.4121,-78.643,192.401,-91.1842,-125.924,
		node -98.9198,3.16575,77.2766,-94.2502,74.8247,-9.12124,80.9367,-100.884,3.45399,75.7735,-89.3093,-10.3268,49.4781,104.95,-199.093,-77.9113,62.4526,-89.5744,-70.1105,14.566,102.755,66.3317,80.6264,-111.849,-52.0123,30.1727,
		node 28.5402,-92.5048,14.0574,-35.3831,60.5963,70.4337,-74.6368,-32.2741,-82.2849,76.7384,-45.4125,-66.4376,58.1079,75.5047,-103.09,-148.948,257.885,-30.4468,-7.19149,23.9018,-111.583,149.535,27.9235,-114.022,97.5634,89.3536,
		node -96.0183,-26.8122,-110.394,-29.5889,60.7096,56.4351,-115.03,272.127,-49.0135,130.414,-14.3823,-12.3931,-72.0432,-73.106,71.0159,212.765,-135.495,64.933,59.6067,-13.4396,261.391,-62.2363,-125.766,91.319,144.977,38.1303,
		node 97.4875,56.0274,-126.176,-37.6186,-33.3327,-89.7752,96.6408,39.2099,284.774,78.9641,205.863,-64.5477,85.7201,-79.2471,-80.1326,92.1978,-125.005,260.533,-54.345,-170.13,-80.812,216.364,90.1432,-30.3449,-105.044,82.2911,
	layer
		node 234.284,-40.4848,26.1651,-39.5313,-203.715,-36.4589,
endPlayer
