// Player4
stat 7
	layer
		node -49.3726,65.3054,68.6181,25.1403,-82.0184,56.2618,-2.74584,15.2327,72.8293,17.2156,-35.1605,-8.45051,61.635,63.1523,15.8566,-21.5465,88.6635,4.18999,-42.1935,-9.03645,28.982,60.1263,42.2934,17.0692,84.089,35.6993,
		node -31.141,-3.32721,6.38285,-42.0439,-67.7763,40.6324,-40.4874,62.2511,59.3137,-43.8081,-61.6501,-55.3662,-78.8913,54.979,-16.8912,17.8632,-9.80538,-94.3555,-15.3046,70.4258,-16.3235,5.97064,11.903,-36.8219,-91.0146,48.4415,
		node -34.1941,-12.8017,24.2584,-9.86051,51.0467,-102.68,21.2548,39.9297,1.61966,-119.731,-65.6093,-46.4926,23.7223,-24.2694,64.5999,95.4302,-62.2061,20.8995,-39.97,10.2,-123.65,-92.8198,27.7419,-57.2637,-99.6652,5.24211,
		node 15.7095,52.6294,-26.4094,9.71029,-35.3798,71.5245,28.3591,-43.5027,31.144,-34.5044,-109.408,99.7526,23.9422,-58.9876,-5.15857,18.1597,18.858,-35.0309,11.8851,26.9922,52.4668,27.8132,48.3785,-25.3375,-53.6886,26.5942,
		node -80.7785,-124.81,19.8195,26.8274,44.1426,-108.183,-26.0903,25.677,11.2227,-57.5865,7.96088,12.1732,-24.7479,-13.9673,-8.65665,-60.0503,-54.6472,-27.5912,-21.6996,-74.4424,-10.241,-59.4582,24.3844,13.8354,-12.3266,-92.6154,
	layer
		node -65.2859,-60.6026,-0.76263,44.1774,25.7864,-79.61,
endPlayer
