// Player63
stat 3
	layer
		node -47.3556,-103.921,-1.76514,-44.8145,-38.7561,24.5626,63.7036,5.99146,42.2909,-68.1893,-66.3203,50.4608,3.02833,-10.2587,-7.05456,-31.9615,5.68585,-46.6941,-73.6384,57.723,-65.376,-57.2414,-109.393,-37.858,43.0191,-44.2557,
		node -49.6554,-0.257033,-6.46502,-67.0098,48.0524,38.455,-30.4784,-87.7386,19.3477,5.41968,-115.249,0.941678,-11.9817,-94.908,-11.3923,-14.4188,42.8708,1.46863,-69.2823,-77.4575,-114.164,11.7445,-24.926,-31.5539,-35.9108,-6.67326,
		node 45.9554,-52.6672,36.3657,-84.9981,76.4333,15.8363,-132.337,-26.6974,16.7494,-44.3677,20.2545,-13.686,-25.7006,20.0698,-24.7595,-98.9048,13.7183,19.6182,-44.1831,-88.4545,-49.6241,17.555,-122.246,-44.5097,52.5576,-60.4224,
		node -4.40043,-17.7044,-72.2579,12.8273,-19.8274,-25.7376,-0.0576332,-8.3991,76.1179,25.06,35.0193,-50.4577,9.73025,-8.24764,15.8134,44.7341,-10.7783,-35.1936,20.1154,-113.567,-19.8661,48.8032,0.694603,-11.0384,-16.8103,-124.653,
		node 11.2736,-45.7002,1.38055,-51.083,-86.3058,-22.5606,-24.1008,-19.572,77.2282,-10.0956,29.8772,-15.2665,-115.531,-54.5912,25.4218,3.37584,-54.135,57.2908,3.62912,-21.7314,31.6743,42.8798,-2.11029,73.7904,-86.4841,-50.3558,
	layer
		node 52.4457,-31.4961,-92.1473,-24.8387,-133.322,-37.0451,
endPlayer
