// Player32
stat 6
	layer
		node 31.6176,-13.0393,-43.2035,63.9173,3.26909,16.64,54.0554,9.92753,-122.06,1.61061,2.47407,35.8125,-9.77238,2.95643,-51.5225,-43.7078,-19.045,-4.73667,-10.5737,60.1794,-67.8228,-27.2145,23.8,-74.6058,42.7871,-20.0384,
		node -100.145,-77.1734,-1.81729,30.5624,28.0825,-14.6167,-115.311,-30.6186,-27.1015,-25.5462,-136.452,13.5276,-3.821,-68.195,-34.6671,-80.8161,4.37007,26.8393,-5.80504,-84.3149,-113.945,7.89915,12.9722,-63.3615,23.0667,7.35831,
		node 34.9976,-138.91,34.1575,-149.228,62.9374,-101.559,-130.546,38.5109,19.8715,48.805,-1.67934,21.3396,-102.264,6.85638,-106.802,-114.426,-50.5295,5.35472,-22.5627,-89.6183,24.2421,-45.9204,111.728,71.9205,-6.55762,-43.6528,
		node -9.81496,3.18181,45.7821,-112.304,-42.592,-39.8303,-21.4346,4.7029,81.1854,32.4933,41.8796,-46.435,-55.0621,-16.8879,7.67652,37.4093,3.94941,-24.3678,27.2234,23.3297,-24.5473,54.9424,-133.253,-6.02226,-13.5729,54.8806,
		node 42.6081,-90.4896,43.2537,-30.2376,65.2798,9.26529,-24.331,-24.4977,-36.1109,-71.218,100.286,-153.402,-27.8653,14.8732,32.4639,5.4812,-37.1447,5.64861,44.0756,-30.4546,-32.7834,30.4577,57.0356,30.1985,23.4614,-55.7051,
	layer
		node 48.7973,39.0284,16.3356,-32.6063,11.586,14.0221,
endPlayer
