// Player0
stat 7
	layer
		node -121.091,61.2082,-41.5111,18.8411,-246.118,22.6061,2.6481,-63.786,39.3184,38.4455,55.4162,-260.779,95.4853,43.8293,46.3582,-26.3912,37.2958,48.6143,-74.2758,120.171,-182.306,-222.895,39.6052,28.2287,54.0751,41.9395,
		node 36.043,108.482,135.855,123.177,80.3617,-186.269,104.131,-34.2595,-228.701,-22.9239,36.1113,-138.684,17.7227,-8.83905,54.8602,-50.6213,55.7446,43.6752,-227.614,141.496,-116.267,-62.6854,40.4553,-62.4735,45.1726,-93.6501,
		node -69.6947,44.0924,-11.1497,137.736,-59.4992,30.8163,7.29245,-116.131,41.1282,-26.5682,19.4506,-11.9206,47.0571,12.9316,-169.881,99.2336,-133.971,30.5131,120.405,45.3077,49.2681,30.8614,-89.9536,-19.6969,22.0029,53.9849,
		node 108.953,-37.1405,106.072,-119.941,-232.601,11.3839,-51.0002,-186.965,82.0865,31.3781,36.9102,-212.193,-94.0056,-100.833,-78.3401,96.8763,133.544,42.6129,8.42018,-226.695,39.5877,20.1452,32.7846,-100.71,-60.1778,-9.04785,
		node -70.5043,-234.229,38.0712,-175.528,-193.793,-88.9263,-125.548,49.3537,-260.684,-218.532,-154.647,-14.4946,-86.1301,76.9433,19.3999,47.9287,17.0924,24.8396,-28.2246,116.776,-26.8142,3.37755,89.2095,-86.3127,-230.284,-187.464,
	layer
		node 24.9727,-156.242,-162.306,-26.3836,34.8536,-175.146,
endPlayer
