// Player33
stat 9
	layer
		node 77.5955,16.2717,-50.7057,95.3643,-227.783,37.0248,0.615678,129.426,-96.1859,73.3366,23.2597,19.4182,-63.6729,126.487,-76.6169,-41.6801,-205.077,50.2868,-243.823,-203.245,31.0413,37.5379,45.0319,-2.89584,51.8493,34.5287,
		node 1.18176,17.1767,131.689,-19.7717,-197.755,-263.261,-243.574,-118.424,-163.234,-215.901,15.1396,-21.0084,-59.2172,-124.637,-152.357,36.6596,44.6781,-140.042,-236.353,136.037,99.5619,50.5187,39.4454,-67.3492,147.51,115.192,
		node 0.952193,35.2904,14.5618,52.9303,-99.9695,-5.35619,92.5709,-75.5551,148.983,4.78615,-240.818,32.0868,-104.114,60.707,-94.3654,133.889,-52.2337,29.4012,163.497,38.3991,11.4981,41.9344,-90.4273,-31.0405,91.856,-236.734,
		node 144.515,-39.0363,-273.867,115.892,7.24818,-25.7091,-53.8175,53.0992,-111.796,98.8165,106.759,27.8413,-67.5621,-97.4068,35.5006,15.4616,-223.925,-35.1505,-264.582,34.3032,-28.4894,91.6308,-19.7439,-18.4063,-49.684,30.9839,
		node 48.869,-130.825,-29.656,100.024,60.2911,-75.3904,-118.321,-100.024,133.276,37.4287,-92.5268,-5.65716,38.1135,-37.0497,35.9445,-22.2896,-195.243,-219.314,-0.705464,1.28605,-185.851,7.05871,90.2717,40.2661,58.5408,-102.707,
	layer
		node -240.625,55.4188,-246.034,93.8051,88.1279,-109.782,
endPlayer
