// Player71
stat 9
	layer
		node -179.097,31.7697,-47.0607,34.2724,-227.845,19.8444,-6.25793,-69.3788,45.8258,-6.82727,-100.354,33.5995,47.9407,128.312,15.838,2.25127,35.6203,-237.734,-96.8926,41.4324,-185.517,45.8142,29.9428,1.9308,38.9821,-192.263,
		node 22.1443,-90.0454,-89.1608,-100.088,-90.9384,-107.62,76.4556,83.4369,29.5345,-78.3075,62.0744,-13.0895,-62.4506,-6.60965,-157.019,-0.163338,51.3377,-151.284,-9.03319,-299.45,116.634,60.0492,-194.572,-44.7081,54.7287,113.213,
		node -8.20072,36.8192,114.294,39.3191,-50.3225,39.9973,9.49172,-82.8782,105.792,40.6198,-247.708,-111.621,-97.8894,54.6766,-7.73525,101.728,-53.643,45.562,161.401,39.5061,42.9266,-179.245,49.5146,-16.5871,49.1298,32.2866,
		node 147.693,-176.899,-148.619,-97.5337,-49.3568,43.3809,95.9875,53.0839,74.9464,-38.5767,19.6777,-204.748,30.0624,-118.48,-54.0424,93.4119,132.777,-18.4028,-29.5498,33.789,-22.5427,75.6621,62.1857,-225.043,-26.0932,-71.9224,
		node -73.265,47.3671,103.887,-170.844,-28.3214,43.0092,-97.1899,51.6584,-86.9404,26.7763,102.738,96.1954,-211.038,-187.636,119.682,-50.9691,-190.416,21.3589,-169.58,-7.31904,13.1529,0.856502,52.8306,-254.266,-13.2962,80.885,
	layer
		node -99.3008,33.6483,-2.92476,51.441,33.555,-193.634,
endPlayer
