// Player35
stat 3
	layer
		node -5.31735,-53.2712,-1.25209,-179.38,50.5156,-6.67714,-4.09496,-132.294,-10.8594,-47.0149,-1.72246,50.9117,36.4156,-12.8439,-56.2518,-94.5984,-68.9846,61.0457,-28.4002,-171.829,-91.3378,26.6874,109.74,-170.919,-64.1255,-80.7874,
		node -129.362,-0.536235,-29.8321,-57.6225,-5.38427,-12.1988,-100.245,-32.9277,-131.738,-66.9871,-23.5549,-44.9971,-130.411,14.4858,9.44017,-21.779,27.6445,3.77026,-97.3219,-111.565,2.08409,-22.1646,78.5707,19.1173,39.1174,-124.728,
		node -158.18,-41.6501,22.938,-54.6553,4.08725,5.92984,-99.3531,-26.257,-82.3626,-35.5373,-76.3789,-128.271,16.9765,-3.1894,-90.0735,-50.841,-23.7017,33.4755,13.781,10.1719,-125.739,-75.5582,-4.29511,-141.395,-25.5672,-19.9815,
		node -80.295,-125.795,13.2497,30.3173,14.8908,12.3381,-36.8515,-13.6278,-99.7655,-20.9366,-137.548,-9.85692,3.0595,-14.8849,-62.7476,-118.158,-101.603,-110.986,-112.504,-5.6067,23.976,20.51,-34.2248,19.5966,42.8425,-30.2613,
		node -173.846,-110.631,4.27412,-75.8237,-105.49,-0.170254,12.5368,-115.085,-1.16942,-49.877,-49.5915,48.2452,-11.6478,-29.1002,-66.0021,-26.1656,20.8354,-67.3554,-19.3968,-73.9711,-29.0703,-128.501,18.152,-68.5573,-11.2401,-107.02,
	layer
		node -12.8057,-32.3826,15.2489,-61.5428,-61.7399,2.38076,
endPlayer
