// Player37
stat 5
	layer
		node -1.4128,-21.5588,-102.833,-178.74,-90.7787,-125.919,-112.428,-72.5603,-15.7444,-22.5023,67.3204,27.7956,-161.743,9.84601,-65.5816,-89.8213,-98.1215,-12.8114,-92.605,-169.522,-88.4729,-108.591,107.072,80.691,-111.077,-74.246,
		node -122.19,53.6771,13.7295,-44.6707,-6.59234,-128.097,-141.843,-28.9908,-122.447,-18.0154,23.4836,-105.07,-137.899,2.98879,20.1411,-145.791,15.6225,-95.5557,-97.3154,4.89902,3.7145,-28.3794,2.64774,15.0278,43.8155,-129.703,
		node -156.116,-40.9879,17.2887,-100.118,-1.06267,-94.3998,-49.0598,-122.047,15.3313,-106.013,14.552,-49.8351,-89.3542,19.4148,-89.5161,-49.5081,-44.8929,20.3898,11.8395,-132.457,3.32277,32.3583,-1.46858,-127.159,32.3645,-110.183,
		node 35.363,36.4461,13.7309,-96.4695,-78.7796,17.5503,-97.2345,-0.86168,-37.6907,-109.206,-133.845,5.29812,-29.8793,-75.9844,-136.437,-120.85,-115.193,-112.821,-115.477,-0.840053,25.5915,-33.5009,-7.15997,-103.797,-108.934,-32.0361,
		node 38.658,-119.343,-10.9314,-132.015,-103.603,-79.984,-42.2586,18.1961,14.6715,-31.4099,-50.696,22.8478,-12.8202,-94.9036,16.7438,-65.1638,31.0306,-61.2108,-23.2057,-63.9853,-28.9112,-117.823,16.1257,-39.6919,-116.397,-84.1417,
	layer
		node -113.668,54.8787,-64.1265,-89.1106,-37.5012,4.17601,
endPlayer
