// Player88
stat 5
	layer
		node -119.095,-2.27749,-45.6509,-27.0384,-100.693,-48.087,103.545,-17.7183,-70.4585,59.633,66.6841,-88.9546,116.432,-1.87923,-66.4364,33.3546,-74.4157,-93.2487,-10.5048,190.229,57.5907,-61.5195,-27.0523,-4.0438,116.148,23.2706,
		node 14.3917,-6.90602,-60.6656,-14.0376,9.98445,-1.20351,15.3501,-84.4401,-91.2104,-45.511,-11.3266,-13.3342,62.9296,-41.4597,91.9564,-58.2103,-38.0467,80.8441,-87.3955,-36.5418,200.479,-51.3107,-16.2868,68.6528,-56.3415,-12.6822,
		node 30.0494,1.36078,-86.1165,-53.8778,2.00616,-16.4217,129.409,77.9307,100.603,107.026,64.6742,-37.2392,-117.399,150.456,18.0316,18.5034,-77.767,-44.0495,-57.0315,-11.6339,-64.0048,101.447,-60.1121,134.726,-86.6584,14.9925,
		node 61.6054,-38.3253,-86.2765,-102.35,5.12703,74.4279,41.2697,-12.9959,44.6316,-37.5685,128.148,-24.1408,27.298,77.2754,-0.26794,5.82011,73.9546,-62.2801,-30.0613,63.4243,-70.6459,-44.9826,28.497,-75.1854,-28.881,-8.67255,
		node -46.7995,97.533,-88.0867,-104.272,-75.3985,-124.743,92.3679,-54.3145,166.651,-43.0387,-92.1577,0.951549,93.2184,72.4263,161.378,93.2904,44.6672,-46.328,-68.103,-17.6706,-49.3957,-34.5628,-55.2726,-41.6749,69.9724,-56.2436,
	layer
		node 101.344,-43.1692,-102.203,-56.5249,106.744,11.2666,
endPlayer
