// Player34
stat 9
	layer
		node -85.0137,-125.093,-1.41555,171.054,-134.899,-8.37598,-0.915437,-140.041,6.31042,107.854,-68.9422,53.4876,-50.436,-12.3141,154.221,18.3724,-40.644,114.289,71.4573,-28.4091,-14.235,-24.9105,-98.0192,-62.0814,-133.621,-97.8319,
		node 42.2378,14.9926,-64.979,49.2018,-77.8,-64.8073,-19.6548,-49.74,-97.7108,-64.374,258.12,-121.78,-84.7887,-61.968,3.42615,96.5996,26.3208,-160.226,-159.535,-240.197,31.9245,184.21,-40.0666,-65.4474,-104.76,122.984,
		node -163.082,-89.2423,-14.8907,179.414,49.3679,43.7396,-52.6624,-26.5098,-106.823,-76.3918,-15.7344,-107.823,71.7953,-176.403,-124.932,17.9216,-42.5795,-22.9159,-104.139,251.783,-102.485,69.183,42.95,19.9882,300.89,11.2588,
		node -113.043,54.9635,-48.7055,-151.253,-59.8153,-14.2539,-175.482,28.2491,102.743,-82.7294,-47.3517,-129.726,-219.138,53.3832,-127.869,-58.3691,41.0127,-188.513,-62.6413,-115.234,-52.232,-17.2227,-57.3392,-209.074,-51.3725,-202.157,
		node -81.929,58.869,9.77933,-30.5183,-44.2622,56.6023,-36.1573,-136.149,-118.899,-109.413,-21.2795,-79.2628,-131.431,20.0969,4.29423,-112.951,-0.0384708,-57.4794,2.17489,-46.3277,-79.1451,6.14772,-115.107,20.8543,260.567,-48.6796,
		node 68.7583,39.9125,-5.06155,38.7968,78.0814,107.657,-20.2684,205.963,-69.7514,-78.5656,-67.5759,15.3885,-47.985,166.139,-38.4097,-55.4548,-78.4796,-64.1597,-124.986,-56.6351,-136.254,-142.738,-99.8529,-52.3809,-0.474319,67.3254,
		node -137.065,-170.506,-111.697,-76.4924,-0.392815,103.064,-65.6469,-62.2025,-161.075,-4.73303,272.784,-101.374,-107.118,-46.4686,-3.83905,43.7335,-99.9989,-138.473,-83.863,-115.84,-95.9469,-118.44,-63.6736,-13.9903,-125.692,-33.806,
		node -1.3336,-50.1448,-55.9625,130.737,-170.772,282.663,-106.405,-14.2371,-103.751,120.713,-95.8613,-160.356,40.7059,225.272,27.8251,-59.4024,-1.50552,-58.7903,83.0454,-91.2872,83.4094,-109.168,-130.63,-200.292,-110.695,-177.224,
		node -36.9816,-114.95,0.106888,38.1298,56.7033,-36.6695,-80.9163,19.1356,-6.31988,-127.205,-162.729,62.4861,-55.4817,210.913,-99.3338,-130.076,59.8885,2.75958,-17.2598,2.05958,-174.97,-153.645,50.0223,-92.2415,-95.5515,-21.283,
		node -88.9901,-14.1922,103.603,-37.1512,31.1723,-7.56094,-30.7069,-99.6531,-39.408,29.4571,85.1925,-27.3579,76.2945,36.0756,29.212,-72.1561,108.584,2.0286,12.8762,182.017,-270.665,20.2433,-85.6192,41.3412,-8.57046,232.491,
	layer
		node 122.943,102.319,-86.3298,36.6036,-48.5906,-3.61843,-151.297,-104.326,-9.93074,-21.4554,-111.996,
endPlayer
