// Player57
stat 8
	layer
		node -0.0121703,16.4715,42.0954,-66.2907,1.52324,59.4649,17.6948,-14.1011,48.523,-26.3725,-72.297,68.0916,54.1551,26.8515,-144.202,-2.88255,18.6965,26.042,29.417,33.9186,-9.29965,-4.07957,43.9815,49.6107,60.7752,-117.439,
		node 48.266,10.1977,-13.5788,33.9205,53.7035,52.8778,23.6424,55.4771,-72.2541,48.2043,-24.6715,3.93548,46.0072,110.261,16.6647,6.838,-9.84156,51.2165,37.3042,32.5438,-9.47283,20.7506,-55.1706,-25.6917,-31.8241,91.9894,
		node -20.4974,-13.9892,-69.4063,52.5022,32.5516,-31.1685,10.7627,82.0028,69.6678,-4.11882,42.807,-11.841,32.973,-53.0762,28.4425,-16.8919,-4.28197,72.666,35.431,18.8156,50.9244,80.4875,-53.2505,37.0337,-2.30777,81.5194,
		node 67.8409,79.9995,-23.9552,-32.4195,-69.7323,15.1419,-49.0506,-118.537,-12.7905,-58.9771,-88.711,-43.6924,-39.3894,1.34234,11.4862,-3.616,-6.08976,12.7933,-64.1093,50.7418,54.387,-50.5958,-19.6451,57.281,83.0416,-9.78869,
		node 25.0724,-39.4487,-92.5309,87.4685,37.8049,-62.6381,-12.2382,74.4961,44.4731,79.6055,-40.3299,9.17996,-5.30293,49.4808,25.256,33.8808,-30.2823,-101.222,25.8866,58.6344,7.53004,-23.3097,34.9894,42.2353,-18.2426,-8.10374,
		node -38.8636,27.1236,-0.191567,36.8481,-34.228,10.1413,-118.356,29.013,-127.554,91.4681,37.3124,-18.4727,-10.695,-47.3166,87.8408,13.8302,55.6328,-12.8964,78.3667,58.6315,25.1691,12.4167,-28.3776,23.452,-20.7293,20.8881,
		node 35.1758,63.2939,8.05727,14.2687,24.1948,-57.6967,43.4553,26.3917,1.42597,102.535,26.2644,32.6798,-16.7743,57.4546,-1.4511,-28.7396,28.2072,4.28762,-37.0898,13.9252,-48.406,52.1936,43.5952,55.84,-19.8528,22.1714,
		node 38.6723,-29.2518,75.4835,-17.893,-37.5117,49.9353,-56.9535,18.4035,28.0716,49.7816,21.2983,-43.4636,1.14326,-15.1552,19.8304,53.1199,-89.3768,-14.8066,-75.1008,76.9741,8.51979,3.58948,-59.6095,-28.9086,20.4351,-6.38877,
		node -50.6661,28.2403,8.81755,35.7193,-17.3213,76.0276,41.6611,-36.2624,-14.765,3.71172,20.2206,-31.1252,-36.2355,-26.8838,-90.4609,46.2843,6.91214,20.9428,15.1565,-26.8417,76.411,29.1824,35.0035,-12.879,-48.0029,64.1667,
		node 56.0021,-14.8382,-11.7934,38.6327,29.0853,-66.029,18.4192,70.105,23.3238,-22.9359,-5.96108,-2.5512,-31.8006,-4.49454,13.763,-61.6924,26.1475,-15.5934,-4.42398,74.8278,-49.2164,-5.88204,-39.1489,79.6701,-2.35914,-36.5744,
	layer
		node -45.2985,-2.65334,-141.247,-129.707,-31.2121,22.2203,-75.0007,21.8607,53.3355,-22.3224,-14.896,
		node 8.1972,-25.059,36.1596,-22.9303,3.70517,-5.04543,7.70136,88.3448,-46.1986,46.9785,-56.3172,
		node 56.6237,-40.3462,32.0818,-17.7792,-37.6805,1.44329,10.9933,-32.793,11.9566,29.1432,-53.5016,
		node 47.125,45.7954,-23.5206,23.109,-81.8932,59.8476,21.389,-26.1411,-79.3587,35.6881,-60.0567,
		node 37.0826,-48.8377,61.0751,11.9346,14.7756,-45.1529,-22.6856,0.55261,59.7737,38.6654,-33.546,
	layer
		node 51.7199,-44.337,-44.7206,1.39295,16.5499,-57.0256,
endPlayer
