// Player34
stat 4
	layer
		node 22.7106,43.408,-29.5817,117.622,149.535,142.287,143.196,189.755,83.3337,11.9848,23.859,171.455,191.484,74.557,18.4586,187.777,23.3719,175.876,0.516931,152.822,90.711,-3.43302,112.826,168.519,124.026,127.836,
		node 153.296,192.58,142.923,-37.3917,44.3475,110.1,30.914,166.558,15.9912,-41.581,191.636,119.642,-33.8221,25.6387,147.442,-86.4012,128.858,-3.98642,128.674,-45.2424,128.364,181.955,34.1916,162.195,149.505,30.0853,
		node 194.068,89.5113,157.494,144.804,163.147,71.5788,113.305,-45.2902,85.5569,142.516,196.054,148.367,140.429,120.738,183.227,133.172,156.974,72.3678,179.865,150.613,21.3628,77.2588,164.001,107.348,127.926,100.507,
		node -60.2463,95.3403,156.777,167.864,181.007,-24.7859,110.767,145.443,182.192,-91.2495,-29.4789,0.963479,-48.3589,2.06696,122.499,148.263,153.769,-42.5431,-67.0876,284.652,159.616,112.882,-22.9348,179.39,143.676,134.32,
		node 192.479,2.88398,-96.0246,96.0657,152.796,130.806,-107.02,120.506,59.2035,67.286,34.9476,-73.8588,6.86771,-41.8944,46.4262,189.68,-71.7883,-68.5075,22.5326,-7.61464,7.84531,110.969,-101.907,7.90542,133.74,84.1977,
	layer
		node 16.8014,64.3473,51.0073,171.81,-58.1006,73.688,
endPlayer
