// Player65
stat 4
	layer
		node 34.758,41.0702,149.241,69.0875,149.644,-32.5861,-22.0976,152.311,153.433,20.9708,47.1433,-13.0992,182.491,154.125,15.8401,144.699,174.25,169.64,14.2839,142.179,90.4289,5.81638,118.823,-86.7278,161.935,4.92832,
		node 162.254,180.387,138.083,-21.714,23.161,-42.508,-32.7374,124.287,149.304,140.814,103.152,173.429,28.9336,1.64331,79.3481,200.062,148.457,157.042,128.823,87.6503,91.2748,68.7555,79.2182,73.6193,-103.674,24.4996,
		node 122.029,170.903,153.251,179.829,59.1294,108.761,145.289,-28.7942,164.006,142.948,1.74401,123.137,123.49,113.991,-85.8836,129.845,11.1427,76.0735,68.5713,0.950934,5.95221,181.764,29.7453,114.357,134.915,148.835,
		node 118.915,93.3457,170.131,14.8017,182.303,157.845,149.077,159.13,-66.0119,-71.2327,-30.9514,-77.1257,-101.999,83.0723,116.631,162.778,78.3174,-74.9605,109.438,271.946,159.005,-72.1486,-25.3409,188.02,192.871,152.512,
		node 117.911,-3.05045,160.795,36.8833,51.3194,63.0402,101.123,37.4008,133.517,-76.7455,43.2498,70.1285,146.461,-49.0133,134.04,127.294,167.842,155.289,172.776,-16.0727,70.8779,-0.709019,51.5067,65.425,-58.3936,121.366,
	layer
		node 171.391,152.773,143.172,167.6,18.3244,33.204,
endPlayer
