// Player54
stat 3
	layer
		node -111.72,22.6531,-7.92772,23.3062,-6.06288,-92.5711,-98.6339,-36.4558,-13.0756,21.3129,-52.9933,118.976,-50.837,84.1024,-28.8208,60.9262,13.4055,-45.1386,-70.0651,-110.969,2.05369,23.6806,-38.9634,-51.6728,0.693051,67.7466,
		node 43.4353,1.26258,70.4782,-37.4362,-6.7193,27.7778,49.1826,-4.60193,-84.7152,19.3635,-13.789,-18.5404,38.7453,60.6286,-44.1963,-12.4415,0.831825,116.328,26.4506,-12.8474,-23.8636,-89.3189,43.4464,4.75878,83.7569,-16.4312,
		node 58.9668,33.045,4.71995,-46.3671,-12.3078,-24.6904,-12.1522,123.427,52.9293,5.23221,-98.8315,20.9222,90.9551,-12.0171,50.7981,-60.3181,-16.3414,59.7654,3.33628,-51.6415,-9.22845,16.8944,78.4659,-68.5324,39.7076,17.8127,
		node -26.3774,-17.5524,-18.1145,5.31685,27.6622,-4.68216,48.1509,-35.7477,51.4755,24.4754,-59.7553,4.68883,72.5522,52.5883,36.2877,18.9721,21.313,-50.7603,60.5204,117.317,-9.53898,1.10806,75.8506,13.2078,8.73298,5.84271,
		node 41.413,-28.7229,-9.84482,-53.4657,-19.0475,72.6661,-30.8471,30.2024,17.7431,-33.5036,48.6165,-34.9971,25.2215,76.8764,45.788,-10.3974,28.3885,-38.6793,70.96,-38.6678,30.5297,59.6151,-20.8513,-28.3551,-54.7782,-19.2772,
	layer
		node -18.733,24.7944,22.223,64.3147,-65.4713,-57.4377,
endPlayer
