// Player32
stat 3
	layer
		node -119.855,-157.113,265.037,-121.577,204.058,-203.893,-222.358,343.812,318.595,-207.684,-210.142,-185.112,-155.51,240.543,-221.386,-181.028,-202.717,-131.074,-113.797,-191.625,284.639,-215.314,-164.054,-74.2225,52.7858,44.7036,
		node 302.858,62.6235,211.163,208.872,-158.331,-145.594,177.581,387.946,200.184,-88.3247,208.821,-197.139,-238.977,-135.355,211.774,-131.917,-151.665,-80.2319,-228.805,-147.909,-157.268,450.976,-178.816,-173.289,-165.282,185.987,
		node -193.323,-165.712,-180.647,-206.411,-107.832,-125.599,194.768,-259.472,212.012,241.004,215.287,222.944,78.9699,219.753,-126.878,-170.01,194.803,-74.4838,213.495,-83.6222,-187.666,-163.177,-90.3489,-156.373,-147.734,-129.992,
		node -98.5955,-201.567,-137.96,-106.78,236.28,-94.7995,-138.432,-125.338,289.055,-122.723,-258.226,-154.042,228.701,-151.167,-80.2477,276.568,189.029,-98.5231,-199.112,284.019,-159.544,-163.024,-128.773,-206.133,-180.196,60.3984,
		node 236.676,440.446,171.995,185.158,-151.903,289.435,159.009,-114.157,142.865,-156.233,-114.527,349.727,-187.892,-121.336,359.024,-55.6417,-139.183,-147.564,-137.251,-145.913,-219.798,211.833,436.754,-167.545,307.185,-193.609,
	layer
		node -222.174,154.075,211.13,-175.409,-96.4755,-210.462,
endPlayer
