// Player10
stat 7
	layer
		node 182.03,220.768,-151.452,-123.63,-172.04,-189.47,-127.724,-190.627,-207.815,-155.476,-203.513,175.321,57.1951,186.511,74.6203,-202.908,294.184,-272.563,48.662,-176.291,-128.509,-90.4471,-147.83,181.387,87.623,-232.624,
		node 52.4134,67.9793,228.659,346.184,-160.332,47.3717,189.313,389.02,-121.35,196.293,-113.83,-218.923,-237.643,-80.4974,227.444,-139.511,-228.002,-133.2,-221.059,-194.697,194.39,-150.817,-178.04,-174.229,235.88,224.031,
		node -136.305,-152.61,-171.822,60.6619,-119.957,-43.7193,205.627,436.454,-213.778,-193.59,214.32,246.482,365.65,-78.6569,-149.517,-168.034,-125.489,-167.521,-201.347,-83.0701,83.2325,181.346,149.158,-174.811,-149.257,-134.749,
		node 216.117,-152.2,36.7709,76.4345,346.142,-98.8896,-108.709,244.44,-112.364,-205.305,241.428,-149.287,-191.195,-199.269,-213.95,287.01,-197.266,326.96,179.182,-270.821,-216.677,-108.31,-122.155,-205.408,201.076,38.5036,
		node 18.1586,428.734,149.082,-263.697,-136.074,64.7442,-204.79,-202.482,-143.426,-161.578,470.02,463.751,430.878,-129.499,361.701,426.064,305.445,222.739,202.58,193.204,-199.619,35.0232,-162.418,-165.173,-157.448,180.273,
	layer
		node -111.5,-168.175,-113.588,-157.773,-100.745,-183.303,
endPlayer
