// Player0
stat 7
	layer
		node -8.55977,-29.153,-90.7634,-78.7963,-60.5265,-5.85489,-108.029,-80.5508,-117.05,-98.5658,-53.1134,-104.852,-71.7609,133.462,-125.184,-14.2239,-87.5399,-8.04542,3.8551,-94.2317,-9.97734,-24.9148,-96.265,-18.052,3.77851,-124.394,
endPlayer
// Player1
stat 9
	layer
		node -8.25614,-91.6833,6.38495,-64.5913,-7.97692,21.0798,58.9276,-78.9563,130.691,-1.77046,-57.0326,-105.443,-1.98209,131.831,5.42203,-4.05397,-88.0401,-9.9666,-17.761,-93.4126,-11.6752,-42.8911,-48.1494,15.3085,1.90836,-123.366,
endPlayer
// Player2
stat 6
	layer
		node -115.792,-91.3197,2.81128,-65.4342,-20.7984,-15.8356,129.658,1.68568,-117.035,-2.55288,-103.052,-69.4263,-56.965,120.324,-65.2319,-18.5453,-37.9314,-8.13502,-39.6191,-106.344,-12.2243,-100.07,-52.0742,1.09946,2.39591,-81.9711,
endPlayer
// Player3
stat 4
	layer
		node -54.7893,55.0437,3.67843,-63.8596,-14.9665,-132.486,3.84321,-4.23318,-14.0913,-3.24132,-80.3785,-5.90208,-57.4219,4.30317,-42.1878,-58.5363,-55.7408,-141.114,-30.9754,-105.395,-47.7283,-42.5117,-9.49442,134.077,-98.5473,141.218,
endPlayer
// Player4
stat 7
	layer
		node -63.1298,-52.265,-1.58716,-7.40858,-99.0664,-58.9908,-30.9297,-47.1817,-98.3301,1.04265,-3.17007,-4.49616,-3.92408,3.64085,-50.9452,56.988,-45.825,-70.209,-36.4191,-118.476,-39.3532,129.946,-113.278,-131.419,-97.5255,-90.246,
endPlayer
// Player5
stat 10
	layer
		node -15.3911,-104.087,-18.6486,-39.6831,-26.1027,-47.0939,-117.632,-48.4379,-15.3482,0.273395,-1.18825,-50.072,-50.1732,145.273,-39.9389,-44.8414,-47.0956,-1.60618,-33.9667,-64.0197,-40.0138,131.098,4.88563,-84.9647,-7.60699,-85.6009,
endPlayer
// Player6
stat 8
	layer
		node 11.7223,-101.895,-19.6572,-77.7045,-104.435,31.9625,-95.493,-31.853,-76.6524,-119.502,-95.5384,-51.8909,-2.87253,-14.07,-38.0466,-44.1506,-126.988,-55.633,-29.0549,-105.956,-41.4948,-7.98046,0.788406,-82.5175,-133.333,-98.8519,
endPlayer
// Player7
stat 9
	layer
		node -108.538,-62.138,117.924,-53.3704,-25.355,-41.5814,-20.169,-12.1943,-20.6811,-17.5542,-23.5817,-53.5255,-54.2719,133.724,-118.121,-23.419,-88.7955,-53.5685,-30.2323,-99.2889,-120.535,-71.8711,32.5551,-82.0358,-41.9297,-45.5695,
endPlayer
// Player8
stat 9
	layer
		node -96.5898,-54.4981,-46.7248,6.15406,-26.9677,2.45816,-73.6064,-41.9231,-7.65253,-92.88,-136.362,-24.8407,-3.70959,-33.3477,-30.7295,-39.3628,-28.0762,-53.6945,-22.3775,-15.0892,-118.686,-30.2694,-22.7791,124.603,-104.195,-45.3579,
endPlayer
// Player9
stat 7
	layer
		node -95.1516,-28.213,116.309,6.74584,-6.36292,-69.5462,-72.4891,-123.409,-10.7554,-98.8751,-7.39926,-23.793,-92.4546,3.71137,-32.5436,-19.6102,-87.7432,126.749,-98.4908,131.229,-115.734,-61.3988,-33.1587,-13.737,2.66886,-115.598,
endPlayer
// Player10
stat 4
	layer
		node -8.1065,137.321,-75.882,6.60571,-26.4962,63.4625,59.2528,-77.9206,-43.613,-100.481,-57.0523,-88.3037,-5.26252,-127.679,4.85204,-1.2177,-50.6829,128.583,-113.09,-104.5,-48.2193,-41.0364,-41.8367,-130.368,6.15989,-125.125,
endPlayer
// Player11
stat 3
	layer
		node -68.2741,137.562,3.80729,-79.6612,-20.0185,-45.7867,-36.196,6.60769,130.409,-29.7068,-57.1676,-85.7367,-27.1126,-18.2368,-77.0227,-70.3476,-47.2709,-8.2779,-4.44368,-37.7397,-12.9783,-117.586,-46.9811,16.1239,5.58849,12.0005,
endPlayer
// Player12
stat 4
	layer
		node -41.7492,-104.964,4.19718,-67.503,123.521,-46.1245,52.6098,-84.6369,-117.259,-4.5825,-82.643,-2.20505,137.052,5.68771,-132.84,-75.7693,-80.9745,-142.97,-35.095,-107.867,-47.7157,-75.7594,-130.525,-131.518,-82.435,-97.6801,
endPlayer
// Player13
stat 9
	layer
		node -50.7548,-55.5405,-44.9868,-71.0408,-44.1017,-59.8364,56.5222,-134.531,-11.0891,0.960341,54.8113,-1.78402,-58.4888,-111.948,140.184,57.9191,-77.5182,2.54664,-106.777,-102.515,-119.668,-43.3768,-8.10666,-61.898,-16.907,-89.299,
endPlayer
// Player14
stat 4
	layer
		node -12.578,-25.9868,1.32089,-39.7895,-99.8834,-38.9006,-118.108,-135.466,-13.0883,1.53681,-1.11746,-86.7202,-56.35,-15.8987,-12.9901,56.359,-40.4513,-38.931,-36.8691,-56.4782,-43.2806,-22.9055,11.1072,137.751,140.12,-10.961,
endPlayer
// Player15
stat 3
	layer
		node -16.6054,-131.533,-106.755,-61.6878,-103.427,-36.1733,-1.1736,-10.8367,-75.89,-117.314,2.62736,-44.9373,0.0571064,-15.149,-14.2823,-63.2776,-51.1751,-44.7525,-83.068,3.32875,55.2809,-74.3689,2.65703,-14.6426,136.772,3.4984,
endPlayer
// Player16
stat 2
	layer
		node -64.0748,-64.4979,119.971,20.0915,-26.4386,-130.447,-74.7273,40.2611,-14.7651,-18.4396,2.07198,-23.7856,0.168018,-74.0947,-118.077,-156.803,-17.0398,-33.9003,-85.1356,19.3168,-130.261,-75.82,-45.7355,-11.23,-46.8962,-45.5737,
endPlayer
// Player17
stat 9
	layer
		node -110.124,-1.668,119.632,-123.612,-51.7183,128.138,-72.3076,-51.7037,-6.39841,-93.4476,-133.678,-23.5796,-102.099,-34.4615,-31.6047,-3.50376,-72.1481,-38.339,-20.4933,-18.7168,-89.8276,-78.5117,-11.616,-41.1823,-55.9098,-114.31,
endPlayer
// Player18
stat 4
	layer
		node -26.3726,-0.837544,116.476,-83.7314,-24.1254,-69.6884,-71.7024,-124.221,-10.6224,2.08897,-49.6098,-24.5645,-96.0528,-75.908,-107.534,55.5655,-87.2748,-10.5941,-26.017,-32.8799,-96.8038,-30.0267,-107.514,-42.732,3.48753,-115.892,
endPlayer
// Player19
stat 11
	layer
		node -0.00299075,-28.2135,-102.609,-121.806,-28.5744,-67.3555,-75.7592,-82.6323,-9.09328,131.643,-119.257,-106.309,-93.8,-32.8851,6.0528,54.7969,-94.3164,-37.0975,3.65608,-47.6977,-11.5088,-29.9235,-45.1377,-0.629248,4.77004,-125.486,
endPlayer
// Player20
stat 8
	layer
		node 32.9591,-59.3066,131.48,-77.9377,-5.69722,17.7934,-8.43245,-1.96724,-118.203,-4.37512,-101.775,-75.9499,-10.5242,-127.701,21.3381,-71.8639,-49.5526,-66.3395,-111.77,-90.9437,-39.7699,-99.1387,-42.2392,-130.52,1.97494,13.0314,
endPlayer
// Player21
stat 7
	layer
		node -49.2255,-56.9775,-132.822,-66.8206,-3.90343,125.176,-107.518,-87.7689,-114.607,-53.806,-95.0072,126.557,-57.0735,10.6012,-132.31,58.9563,-78.3415,-11.1734,2.76374,11.7272,-39.4125,1.53557,-47.2911,-131.831,-48.538,56.9513,
endPlayer
// Player22
stat 3
	layer
		node -74.3683,-80.7661,2.85628,-70.2059,-2.37834,-82.6213,10.603,-91.1245,-118.775,-51.9116,-24.7573,0.803823,-0.640197,-118.627,-131.789,52.0424,-44.667,-0.779824,28.1841,-100.225,-33.1827,-76.2388,3.04582,-131.632,-49.6206,-82.9748,
endPlayer
// Player23
stat 11
	layer
		node -80.9808,-56.26,0.0340496,-42.3519,-3.73395,-39.4015,1.07241,-136.451,-95.1064,-3.64963,31.7353,-78.9378,-129.979,10.8282,-132.756,55.7661,-45.5131,-39.9124,-36.3331,-1.67561,-39.2737,-18.7037,-93.8515,-161.126,-81.3478,-7.64541,
endPlayer
// Player24
stat 6
	layer
		node -78.509,-3.1229,-21.6091,-85.4958,-43.9061,-37.0701,2.25282,-84.8976,-40.4042,-24.2897,-103.354,-51.722,0.0203833,-118.91,-124.95,54.839,-43.548,-4.96844,-39.1055,-3.08861,-94.4898,-73.3894,-48.0978,-11.0323,-94.5677,-27.2075,
endPlayer
// Player25
stat 5
	layer
		node -15.7081,-55.1611,-107.341,138.14,11.8639,-42.1285,1.04267,-19.9351,-62.5632,-4.75507,-4.4382,-52.3949,-158.655,-76.6222,-118.414,-89.1347,-13.5765,-34.147,-34.8494,21.3582,-89.019,-74.0707,-14.7632,-11.5484,-27.5235,-26.4386,
endPlayer
// Player26
stat 4
	layer
		node -33.6451,1.4713,-17.8288,-49.6134,-27.0272,-42.2771,55.1117,-6.90401,-32.8846,-15.0065,-114.782,-51.8981,-117.948,-75.8718,-76.5668,-52.7122,-55.8217,14.4312,-84.5987,23.704,-145.436,-76.5469,-90.1173,-94.6621,-53.2519,-70.8194,
endPlayer
// Player27
stat 2
	layer
		node -34.4986,-26.0357,-18.3313,-62.7574,-49.0424,120.749,-72.9521,-125.065,-9.6484,-95.0103,-24.9523,-4.07672,-24.715,-80.4644,-121.848,-6.20355,-74.5565,-34.4438,-18.0688,-156.254,-145.483,56.655,6.61302,-42.586,0.705141,-115.542,
endPlayer
// Player28
stat 3
	layer
		node -117.891,-29.1499,-38.5244,-84.2766,-51.6145,-54.8461,-72.2233,-5.76155,-45.5186,0.98852,-118.757,-23.7211,-155.565,-38.4019,-28.6259,13.0389,-81.509,-71.7851,-21.0583,-32.4491,-145.735,34.9835,-120.735,-11.3257,-59.5418,-33.9722,
endPlayer
// Player29
stat 5
	layer
		node 35.004,-27.3635,131.062,-122.062,-50.244,-3.90177,-8.62116,-2.14343,-43.854,0.329725,-9.24481,-24.3097,-68.6023,-79.0952,-47.5963,-76.5241,-79.3246,-113.834,3.75427,-93.6714,-28.6434,2.86469,-41.3067,-60.532,-122.863,0.726931,
endPlayer
// Player30
stat 2
	layer
		node -58.7645,-59.954,-159.161,-115.325,-4.81947,20.299,120.727,-3.88244,-117.96,-82.6215,-96.1025,126.565,-14.4541,-103.604,-130.462,-44.574,-25.3801,-12.7861,4.76069,-95.3788,-41.3022,-127.452,-5.66053,-131.608,-42.0231,59.28,
endPlayer
// Player31
stat 8
	layer
		node 2.69097,-58.4754,-132.641,-69.2843,-16.1503,-105.521,8.52379,-85.8894,-84.1627,-104.496,31.8011,-1.85792,-55.6679,-120.256,-2.34733,-19.3611,-39.0241,-0.335345,-20.8984,-92.25,-70.7769,-0.871018,-5.47025,-129.856,-49.7457,-78.9967,
endPlayer
// Player32
stat 7
	layer
		node -57.5873,-0.602543,0.0819349,-69.0643,-46.2673,129.709,15.1943,-85.3362,-79.3678,-103.891,30.3272,-76.6194,-58.3328,-117.8,-123.582,-20.4658,-75.7567,-0.128344,-80.9744,-94.1195,-44.5625,-16.4242,13.1842,-61.2368,-51.5636,-38.7335,
endPlayer
// Player33
stat 4
	layer
		node -80.4298,-80.7031,-3.66133,137.319,-24.6976,-40.8564,16.2906,-84.617,-36.5384,-21.8188,-101.259,103.132,-56.6586,-119.332,-5.31421,-60.5832,-48.8902,-43.8141,-4.11894,-124.28,-94.3074,-73.1019,-94.2854,-159.481,-22.7805,-31.1957,
endPlayer
// Player34
stat 5
	layer
		node -109.416,9.36094,-105.35,-79.8299,-50.2356,-36.9317,-73.8354,-35.4319,-39.6788,-76.1958,-104.468,-51.965,-89.7779,4.53281,-2.13352,-35.3354,-47.0774,-41.9261,-37.0568,-5.3062,-130.448,-74.0939,-92.844,-10.9022,-56.3698,-50.291,
endPlayer
// Player35
stat 9
	layer
		node -109.554,-55.6921,-119.368,-79.9832,17.1955,-36.3072,-73.653,-7.07775,1.91827,-76.2218,-42.5459,-91.0597,-24.8346,-7.53832,-3.65941,-89.9085,-55.454,-4.96945,-111.97,24.01,-88.2924,-72.2596,-90.2,-92.1201,-53.875,-26.2842,
endPlayer
// Player36
stat 5
	layer
		node -118.781,0.999446,-18.7734,-64.3688,-50.8195,-53.9864,-48.3944,-5.41121,0.530736,-97.9114,-54.9615,-103.047,-117.636,-72.658,-31.5257,-79.6984,-76.8221,-37.2007,-110.307,-112.467,-146.995,-76.7129,-16.819,-93.8115,-74.4509,-27.1748,
endPlayer
// Player37
stat 7
	layer
		node -117.664,-0.326421,-40.3759,-87.1958,-135.7,-69.8804,-55.2258,-12.4175,-38.0153,-106.098,-55.3692,-7.08696,-8.69248,-21.9469,-30.5491,13.7211,-72.7099,-37.1355,-62.3728,-31.7772,-145.768,-44.6758,-123.994,139.264,-45.604,-33.6695,
endPlayer
// Player38
stat 10
	layer
		node -119.253,-2.56836,128.95,-46.3838,-28.8091,-13.3514,-57.6552,-2.67906,-38.8056,134.229,-55.1833,-69.2112,-154.787,-21.7224,-120.67,-5.77677,53.5039,-38.0786,-19.4338,-34.3805,-51.1656,1.58183,-124.381,-38.7247,-84.3017,133.316,
endPlayer
// Player39
stat 4
	layer
		node -40.7158,-58.5904,-92.9145,-76.6131,-5.73263,-19.3864,-76.3402,4.33855,120.751,126.861,-159.65,-74.8015,-4.31292,-126.006,21.1271,58.4258,54.6828,-138.182,52.3424,-36.3517,-31.9766,-131.864,-110.588,-115.024,-24.3044,-42.2488,
endPlayer
// Player40
stat 7
	layer
		node -19.9691,-83.3301,-161.221,-86.2776,-3.18071,-134.107,12.7557,10.1489,-85.4814,-20.0759,-98.8442,-44.9544,-124.294,10.1781,21.7518,-43.0317,-41.6267,-65.248,-21.2938,-95.4904,-40.6007,-17.9354,-3.84722,10.4494,-41.0259,6.32028,
endPlayer
// Player41
stat 4
	layer
		node -18.7702,-64.4756,-2.78732,61.8402,29.0925,-133.925,12.6184,-22.554,-36.6766,-104.603,-107.988,-55.7962,-55.0778,-111.432,-129.635,-28.5498,-75.5396,-49.0196,-4.39921,-112.303,-44.6913,-63.2516,-19.1357,-60.4081,135.41,9.44646,
endPlayer
// Player42
stat 5
	layer
		node -17.0906,-83.2579,-4.90938,136.216,-4.58644,-40.7097,-103.028,-84.4883,0.89325,-3.94347,-121.71,101.971,-1.6274,-114.169,-125.932,-17.7529,-42.0338,-0.589482,-107.516,-130.358,-94.386,-73.956,-94.8167,-11.2724,-6.7435,10.3779,
endPlayer
// Player43
stat 8
	layer
		node -111.745,-53.248,-3.43071,29.9736,-87.451,-42.9492,-110.29,-83.6692,2.17901,-4.86256,-103.631,101.707,-0.704756,4.83786,-12.0815,-35.7104,-48.6678,-5.53026,-81.8829,-4.96247,-87.3945,-72.9431,-160.258,-44.8424,-23.6898,8.94098,
endPlayer
// Player44
stat 5
	layer
		node -72.6952,-52.8807,-120.653,-49.9301,18.5055,-77.5865,119.959,-16.6694,129.591,-116.93,-97.3641,-41.7059,-25.0834,-42.3312,-4.80027,-39.0578,-47.039,59.045,-85.48,-49.9324,-89.1623,-73.852,12.056,-95.3652,-6.52647,-26.8371,
endPlayer
// Player45
stat 12
	layer
		node -8.60019,127.091,-121.2,-85.0796,16.0099,-38.2478,-132.058,-16.6424,5.28703,-98.9188,-6.29254,-19.5617,-121.191,-4.33241,-29.8502,-50.576,56.9322,58.8551,-85.2516,-111.398,-8.0182,-61.9568,-69.6808,-12.165,-83.0279,-26.3065,
endPlayer
// Player46
stat 3
	layer
		node -131.407,0.378727,129.578,134.303,17.1924,-26.7146,-54.6219,-4.48708,-37.9363,-74.9378,-53.9549,-110.475,-6.81236,-12.1578,-28.3155,-98.3277,-72.7795,-37.2092,-35.0181,-124.103,-4.06618,-60.6263,-8.39383,-92.1554,-82.0677,135.781,
endPlayer
// Player47
stat 4
	layer
		node -118.513,-2.28643,-7.50218,-63.1145,-20.0259,137.654,138.908,-4.86277,-39.3719,-23.5189,-55.4278,-19.1196,-6.32696,-74.0529,-29.3172,-2.55987,-25.7619,-35.2434,-82.9173,-94.7804,-76.1374,-66.8311,-4.36878,137.589,-72.2736,133.971,
endPlayer
// Player48
stat 6
	layer
		node -116.64,-71.8842,-158.726,-78.6246,-4.19915,-21.3121,-73.5485,-4.11174,-65.5485,-83.4193,-93.6259,-19.9247,-13.0548,-136.804,-30.5566,-6.02564,-27.0988,-32.3241,-74.5617,-95.8367,-70.0101,-40.3592,-2.98548,136.791,-83.6471,-40.3637,
endPlayer
// Player49
stat 10
	layer
		node -41.5196,-60.6171,-156.948,-77.1926,-3.8432,-47.8004,-68.1091,-4.15645,-39.6068,-24.9612,-134.326,-19.2909,-15.6295,-138.716,-121.364,-3.96056,-26.4851,12.403,-24.188,-95.5745,-41.548,-39.3152,-3.76226,-10.1013,-42.9373,-154.878,
endPlayer
// Player50
stat 3
	layer
		node -19.4515,-64.4097,-52.5211,61.8379,29.5586,131.102,-118.872,-25.9842,-9.08306,-28.215,-59.0957,-103.91,-115.805,-113.167,-106.668,-19.0641,19.8632,-137.033,-47.691,-92.7042,-33.0971,-69.8211,-17.4082,-27.2141,-2.51667,-43.7907,
endPlayer
// Player51
stat 7
	layer
		node -18.6992,-6.19083,-56.1405,-132.522,133.018,-6.65126,-121.313,-27.0021,-0.553632,-156.565,-92.7657,0.449556,-91.5541,2.63821,-12.821,-42.7734,-42.8543,-57.1472,-80.735,-91.5066,-31.8034,-41.1926,-20.101,-56.9774,-7.49886,9.21445,
endPlayer
// Player52
stat 8
	layer
		node -67.4336,-6.39117,-55.5076,-53.2687,-24.1952,-4.1336,-118.938,-30.4835,0.465618,-114.087,-92.6879,103.959,-0.99611,8.03896,-10.7542,-55.5684,-56.2654,-57.4687,-83.0626,-76.5534,-88.9075,-44.3037,-160.29,-45.7947,28.8268,7.64313,
endPlayer
// Player53
stat 7
	layer
		node -68.5438,-23.6762,-5.47707,29.9376,-24.5401,-79.7873,-29.3406,-130.32,5.39307,-78.4032,-134.502,-103.963,-23.8184,-8.72141,-93.0306,-36.4525,-80.0024,2.59508,-61.8888,-117.735,-121.227,-44.3792,132.533,-9.76302,-96.5177,11.2008,
endPlayer
// Player54
stat 3
	layer
		node -7.65714,128.313,-28.7,-48.6781,-56.712,-22.1793,-37.5888,-18.6235,4.45171,-84.7445,-133.198,-111.049,-2.67917,3.13699,-94.5819,-2.66479,-46.8963,1.33989,-84.4239,-117.084,-120.019,-61.6084,-98.3826,59.5233,13.0607,129.203,
endPlayer
// Player55
stat 9
	layer
		node -6.30247,-28.3707,-15.4431,-63.0219,14.6933,-16.2699,-128.344,-112.542,5.37234,130.885,-6.02922,-104.015,-2.11262,-53.8117,128.627,-34.7797,-71.4528,-1.33123,127.134,-107.826,-4.05338,16.7715,-16.2335,141.026,-98.7021,133.847,
endPlayer
// Player56
stat 7
	layer
		node -116.297,1.40217,-118.272,134.41,-76.1244,-19.8796,-132.139,-112.12,-38.5702,127.091,-64.4455,-13.1581,-17.3362,-14.5387,-32.1075,-50.5417,-140.602,-35.4889,-40.4402,-123.125,-96.7904,128.594,140.319,-5.40284,-70.9862,-52.9915,
endPlayer
// Player57
stat 5
	layer
		node -56.9709,-73.4948,-119.999,-14.5881,-76.7197,-115.494,117.407,-111.678,-88.6808,139.072,-64.581,-21.6193,-7.75244,-4.90397,-24.6829,-4.51049,-71.074,-65.0077,-83.6893,-120.166,-68.7481,-23.3058,-6.9414,135.744,-71.0739,-51.8178,
endPlayer
// Player58
stat 5
	layer
		node -44.3089,-73.9331,-7.45427,-77.0304,-73.3514,-17.7676,12.6959,-134.738,-21.1401,-25.4528,-135.656,-46.0611,-150.795,-6.07378,20.3315,-4.76271,-30.2084,-65.0208,-119.895,-117.224,135.271,-100.366,-113.517,-8.67663,-72.6642,-123.381,
endPlayer
// Player59
stat 3
	layer
		node -20.0112,-83.4077,-18.2982,-85.0215,-74.7307,-48.826,-118.049,-27.5125,-7.18004,-117.009,-57.2278,-44.2013,-19.4756,-51.5299,20.6424,-3.31096,-116.35,-66.1443,-46.9552,-116.821,-35.2814,-19.5451,-114.302,-28.229,-70.1315,6.1494,
endPlayer
// Player60
stat 11
	layer
		node -109.106,-112.485,-54.0603,-84.5341,-4.2255,-6.53162,-78.5085,-137.34,-2.71836,-155.127,-56.7469,-1.00038,138.539,0.945951,28.6821,-21.1483,-106.547,131.42,-50.1901,-120.053,-60.9732,-40.6107,-87.5804,-1.82697,-1.55397,10.0317,
endPlayer
// Player61
stat 6
	layer
		node -113.057,-35.5614,12.0906,-60.6568,-43.1872,-3.82521,25.1434,-85.018,-1.46468,-105.269,-18.9052,104.153,-0.584613,120.122,-9.14834,-29.3635,-39.7687,132.439,-62.6709,-118.306,-7.39747,-40.7248,-20.0386,-45.5635,-1.37631,10.3792,
endPlayer
// Player62
stat 5
	layer
		node -67.0066,-9.1528,-26.8138,32.5357,129.977,-79.584,-28.7936,-33.1705,-38.9572,-105.046,-18.8702,-102.061,-0.83427,7.6322,125.783,-10.0456,-54.6065,4.15642,-61.5339,-55.6073,10.6294,-41.8693,-18.761,-20.9438,-14.4874,-34.2174,
endPlayer
// Player63
stat 6
	layer
		node -66.5784,128.142,-29.8318,-50.729,-57.7133,-55.4419,-115.927,-33.8362,-88.0128,-79.1838,-16.9855,-21.7764,-94.9899,-8.11275,-95.9344,-96.7609,-47.4989,-33.0086,-62.4066,-118.245,-47.3591,-117.172,9.56525,-40.0361,-13.6308,-22.826,
endPlayer
// Player64
stat 6
	layer
		node -7.22233,128.435,-25.1356,-90.8225,-68.1248,-55.3912,-131.786,-134.55,6.31269,129.787,-63.8978,-18.3874,132.349,-40.9392,54.3216,-36.5057,56.116,3.18482,-26.9501,-107.8,-121.427,-78.1378,-58.9909,-40.2887,-15.4081,129.96,
endPlayer
// Player65
stat 10
	layer
		node -49.678,-18.7812,20.3634,-47.548,-65.8952,-20.8625,-12.3122,-133.971,5.62233,-37.1026,-135.124,-13.2423,-0.0434422,135.974,-121.566,-12.3011,-89.8721,-36.1678,59.287,-109.644,-97.9752,128.736,-6.88623,141.886,-96.4783,-99.8307,
endPlayer
// Player66
stat 5
	layer
		node 53.8711,19.5469,-5.76478,135.909,-76.3343,-44.544,-131.573,-80.8244,-84.6318,-4.08867,-68.9635,-49.4051,0.45146,-22.724,16.1786,-119.837,-28.3211,-33.0119,-141.071,-118.809,-97.8472,-2.75114,-8.32624,140.161,-73.8192,139.145,
endPlayer
// Player67
stat 2
	layer
		node -7.14006,-53.3424,-74.0136,-113.935,-77.3132,127.16,-15.4166,-119.53,-38.9196,-34.3756,-132.741,-49.457,-7.4073,135.692,-83.1288,25.0911,-28.3644,-57.6712,-116.973,-121.475,-5.54539,-44.037,-21.4905,-12.3559,-71.3522,-78.7841,
endPlayer
// Player68
stat 11
	layer
		node -43.4638,-136.229,-135.636,-83.4771,-74.5848,-16.0192,-118.972,-21.6846,-14.035,-21.9769,-56.2525,-51.0715,-124.133,-51.1471,15.5372,-30.6187,-28.5944,-66.1662,121.441,-13.6332,-35.2073,-44.9654,-103.137,-29.1196,12.2295,8.24141,
endPlayer
// Player69
stat 5
	layer
		node -97.8266,-1.74656,-54.8167,62.9699,-4.39359,-16.4527,-24.0114,-46.8245,-13.1389,-24.7199,-74.1763,-84.5895,-23.7803,1.41468,-31.0006,29.5168,-105.538,-65.7773,-56.5318,-13.8935,-37.8429,-67.5497,-17.4155,-78.9997,-73.6231,7.19029,
endPlayer
// Player70
stat 5
	layer
		node -109.958,-2.1833,-21.1863,-32.5725,-39.7713,-43.2697,-41.4098,-106.407,-7.34222,-54.918,-101.603,-96.6213,-88.1261,8.66493,28.4831,-31.973,-10.9358,-65.2909,-54.3542,-91.3986,-59.8972,-55.2554,-19.0779,-41.4719,-2.40217,-32.8961,
endPlayer
// Player71
stat 2
	layer
		node -68.2235,-115.183,-27.846,12.3563,130.903,-32.5447,-44.0696,-106.367,-8.6621,-101.853,-31.3489,-100.998,-40.9297,-66.088,27.9245,-95.9056,-49.7336,-55.9351,-81.2887,-120.07,-32.4956,-76.8394,-18.6053,-19.3543,4.36092,-7.40811,
endPlayer
// Player72
stat 9
	layer
		node -11.0694,-87.7142,-26.7865,-71.3563,-37.1396,-5.59739,23.816,-130.571,127.811,-77.8258,-29.6788,-23.1583,-5.87839,128.976,-40.8225,126.73,-50.5449,2.78164,-85.4477,-89.9268,-46.9787,11.4913,-99.0426,-39.5622,-64.2309,10.6044,
endPlayer
// Player73
stat 4
	layer
		node -4.08101,-16.6004,-30.721,-53.5708,-19.77,-54.9218,121.679,-108.216,-3.18572,-94.7299,-23.9698,-4.9212,129.201,-64.7526,-11.3721,125.296,-70.8676,-34.4541,-25.6532,-115.64,10.3892,-98.9121,-20.9997,-37.9082,-15.7834,-30.0267,
endPlayer
// Player74
stat 2
	layer
		node -9.13957,-94.9008,-44.0245,-62.3096,-20.8167,-54.0622,-14.121,-136.014,-14.3639,-56.8923,-107.056,-88.5945,-91.2153,-55.0984,-8.63709,-37.6658,-36.3848,-13.4368,-24.2567,-124.372,-45.6482,-9.36803,-39.4702,-37.309,-14.3743,136.327,
endPlayer
// Player75
stat 9
	layer
		node -8.69492,-18.79,0.241783,138.274,-107.305,-44.5428,-12.1579,-79.798,-38.5815,-123.561,-70.5468,-91.2122,0.0733059,-53.6408,-78.527,-51.8845,-37.506,-13.5284,-138.719,-129.12,-96.517,-3.0722,-5.21211,-84.7815,-67.0072,138.089,
endPlayer
// Player76
stat 9
	layer
		node -10.3916,-19.8535,-8.71363,-113.634,-95.8987,129.637,56.2059,-79.523,-11.1326,0.649157,-16.3959,24.708,-3.14391,-138.647,-8.38925,49.0821,-96.7647,-58.4716,-16.7679,-27.7938,-12.6711,-1.12961,-37.9033,-55.9291,-30.7491,139.575,
endPlayer
// Player77
stat 2
	layer
		node -76.3446,-137.606,-24.1707,132.256,-74.6898,-18.6843,123.691,-139.205,-100.951,-51.9369,-131.248,-54.0522,-113.904,-21.6786,-14.4092,51.9701,-19.8586,-63.3471,-118.777,-117.202,-12.7984,-129.127,-5.2441,-78.5905,-71.6824,-4.13987,
endPlayer
// Player78
stat 8
	layer
		node -6.8241,-55.4768,-20.625,-57.7704,-6.14611,-15.1643,-25.4615,-26.2118,-4.49877,-110.771,-57.0107,-52.5222,-23.8997,-124.653,18.4874,-30.6127,-98.6872,-62.6416,-74.4388,-5.46147,-14.574,-102.849,-19.6709,1.0899,-71.9791,-51.355,
endPlayer
// Player79
stat 6
	layer
		node -20.1204,-48.7883,-21.8931,-32.3131,-111.127,-49.249,-43.1854,-46.9766,-4.544,-55.1975,-135.521,-98.0813,-30.7728,-102.28,-3.74738,-31.0344,-105.88,-84.9294,-23.9733,-6.78474,-38.959,-66.1819,-21.7824,-0.179806,-33.8408,-43.4541,
endPlayer
// Player80
stat 4
	layer
		node -105.888,-116.61,-7.5194,-32.5093,-111.372,-5.88873,-122.315,-124.08,-48.7166,-99.829,-48.5296,-102.162,3.05948,-0.290882,-13.206,-31.8729,-7.8392,-88.9492,-80.0886,-45.48,-116.796,-56.3382,-10.9834,-20.4386,-42.0666,14.8332,
endPlayer
// Player81
stat 7
	layer
		node -110.859,-23.8512,6.72771,-69.7889,-41.393,-7.02576,-123.244,135.977,4.31014,-76.594,-9.8508,65.2464,-96.1438,4.3186,-50.5342,124.7,-64.1088,-5.0864,-82.2234,-117.666,-48.5647,10.0206,-9.89947,-19.7481,5.10886,-98.3245,
endPlayer
// Player82
stat 5
	layer
		node -67.3225,-92.0603,8.27566,3.77,-19.6869,-42.9469,-18.8973,-73.562,5.02682,-79.5241,-22.3945,-5.19039,65.554,127.318,-125.337,-114.535,55.9138,-3.61296,-25.1857,-4.93818,-47.9594,-97.8355,-63.3934,-40.7285,3.03558,15.2284,
endPlayer
// Player83
stat 8
	layer
		node -10.6933,-96.0616,-41.1761,50.0119,-8.63756,-29.5089,-20.3598,-80.2894,-14.9962,-35.294,-107.263,-86.7634,-1.7011,-64.5557,-33.6364,-44.623,-23.3791,-14.7176,-114.824,-114.265,-120.933,-100.529,-22.1192,-39.5193,-13.9802,-33.1721,
endPlayer
// Player84
stat 2
	layer
		node -9.28209,-54.2151,-2.10545,-67.3839,-96.3518,-43.1325,140.191,-39.0543,-87.325,-58.8143,-107.788,-89.2875,126.608,-51.4519,-74.5998,-121.241,-38.396,-59.6354,-28.9373,-105.832,-18.9993,-49.3561,-40.6839,132.635,-96.6912,-43.8702,
endPlayer
// Player85
stat 2
	layer
		node -45.449,-55.4308,-14.2487,-9.08192,-27.5182,127.475,135.552,-82.2681,-8.29884,-58.5019,-27.999,-53.5708,-1.48721,-10.4419,-65.3621,-42.9581,-48.7594,-59.3754,-28.6715,-85.0754,-50.2695,-65.1154,-71.0446,-57.2801,-94.2664,137.874,
endPlayer
// Player86
stat 10
	layer
		node -68.367,-54.9545,-18.2788,-79.9203,-24.0712,-17.9782,-26.4159,-22.552,-99.7706,0.680744,-24.5093,-52.8661,-3.36166,124.569,-13.0442,59.5538,-101.87,-63.567,113.22,-87.9948,-14.9981,133.571,-41.9202,-131.963,63.0542,-87.3635,
endPlayer
// Player87
stat 5
	layer
		node -71.2387,-1.73283,-20.5667,-83.4845,-23.6838,-48.1222,124.857,-26.9855,-101.034,-7.38586,-130.159,-53.4749,-86.0706,-85.0993,-37.2789,-130.281,-103.529,-64.3465,-54.0314,-5.95611,-104.661,132.414,-22.8176,-79.8791,-21.4175,-52.655,
endPlayer
// Player88
stat 1
	layer
		node -24.267,-46.6521,58.0215,-84.8393,-5.23526,-14.0435,-16.6376,-31.5406,0.0075259,-8.64912,-132.115,-98.7113,-84.1859,-106.064,-42.1334,-29.8676,-93.5516,-46.6427,-101.233,-100.508,-61.3454,-40.5753,-54.0595,-18.3856,-71.3696,-36.0416,
endPlayer
// Player89
stat 11
	layer
		node -22.0398,-54.0409,-51.8111,-121.154,-43.6724,-43.9104,-42.607,-124.556,-84.5701,-82.3707,-136.54,-98.7548,-115.072,-0.957915,-24.5647,-31.9541,-94.3376,-44.7576,-25.1409,-90.9654,-114.206,-35.6005,-41.2,-52.7722,-51.695,-34.6486,
endPlayer
// Player90
stat 7
	layer
		node -69.1965,-53.4502,7.48728,7.4128,-4.76492,2.93252,-160.77,136.647,-82.9165,-22.8537,-27.2797,135.903,-93.0789,2.69226,-123.176,-25.9994,-62.8029,125.698,-100.238,-34.9353,-20.1461,-63.7087,-43.8153,124.809,-4.70178,-124.544,
endPlayer
// Player91
stat 2
	layer
		node -67.1402,-17.9457,4.74954,5.5912,-9.36155,-8.49854,56.6201,130.69,-86.6354,-94.9685,-50.6052,-137.31,-4.78999,-125.53,-124.01,-8.17141,-96.4269,-4.35481,0.613286,-117.789,-9.56006,-117.724,-75.1474,-18.4596,0.319576,-126.506,
endPlayer
// Player92
stat 5
	layer
		node -9.95834,-92.3541,5.91789,6.21191,-9.4067,-5.44464,-106.216,-123.216,-18.1394,-1.82811,-51.8833,-136.653,-3.09315,-6.46038,-79.8712,-15.1936,-7.00141,23.3209,-113.774,-116.747,-47.5951,-99.5843,-21.4484,139.608,-96.7272,-58.867,
endPlayer
// Player93
stat 8
	layer
		node -70.7393,-26.9156,-59.8251,-74.2403,-65.1714,19.7404,-2.31012,-4.28246,-15.7552,-4.26334,-25.6581,-88.7126,-2.90766,-17.8566,-66.8221,3.11047,-26.2649,-15.9819,-39.5491,-105.84,-122.343,-48.3199,-25.5211,131.723,-65.6485,-81.059,
endPlayer
// Player94
stat 9
	layer
		node -67.2527,-26.7951,-26.7584,-46.0244,-98.4161,-15.8707,131.061,-39.3193,-19.9233,-58.9413,-72.2924,-8.47055,-2.09327,30.3336,-41.602,-57.6845,-92.4285,-6.83579,-134.417,-106.446,-45.5521,-73.1212,-13.3934,-94.84,-96.9307,-90.0177,
endPlayer
// Player95
stat 7
	layer
		node -64.2623,-103.001,-41.8833,-80.9077,-24.5693,126.655,-44.1701,-46.289,-86.6233,-3.11726,-0.618338,-18.3463,-0.590926,123.187,-64.9005,58.6636,-92.1443,-3.94352,-35.5045,-102.183,-41.8334,132.842,-43.1183,-83.944,131.122,-88.7338,
endPlayer
// Player96
stat 7
	layer
		node -17.302,-56.6296,141.032,-52.7709,-4.47066,-43.8804,-26.5319,-25.4744,-58.0861,0.233846,-87.4285,-51.9778,-45.7577,123.068,-50.3604,-130.991,-102.955,-64.3744,-33.7259,-54.0373,-40.1615,132.275,-44.3801,-81.7845,61.7301,-85.8399,
endPlayer
// Player97
stat 3
	layer
		node -81.2383,-2.96253,-17.9305,-52.7283,-6.11065,-45.5849,-15.7027,-40.3566,-59.1367,-118.362,0.548454,-54.1007,-106.046,-102.924,-40.0388,-99.8227,-121.672,-50.3993,-28.6285,-24.0986,-86.6781,-42.0139,-55.7573,-17.4322,-33.2325,-46.8579,
endPlayer
// Player98
stat 5
	layer
		node 35.3419,-61.5353,-20.3604,-83.0022,-25.9392,-43.8971,114.826,-45.1786,-20.0105,-119.595,-31.0095,-53.5695,-57.2121,132.669,-30.701,-0.446625,-25.8847,-55.8393,32.7656,-4.54663,-117.316,-5.16771,-38.5022,127.906,-41.6114,-40.1361,
endPlayer
// Player99
stat 4
	layer
		node 35.5938,-25.6098,-22.6882,-116.808,125.815,-42.1728,-159.251,-45.9439,-85.3568,-101.241,-46.184,-112.161,-4.52801,2.50695,-48.5695,2.48182,-26.1473,-64.9478,-99.2242,-15.6216,-114.24,-76.9186,-40.737,-26.8746,5.68986,-37.4864,
endPlayer
