// Player97
stat 6
	layer
		node 119.331,76.6331,-102.524,-22.1272,94.3118,-51.5603,-120.884,-154.393,76.4721,-41.227,62.127,89.2357,44.8495,79.8178,-126.864,78.5097,-53.1767,71.8155,51.1755,3.45304,-6.59148,45.9481,70.6975,98.3661,26.2891,104.655,
		node -34.1725,94.425,73.0117,42.5732,56.9445,-102.178,53.8297,129.556,42.4212,35.1378,-70.7735,-95.6303,-94.0528,-47.0693,62.4803,56.8652,5.71121,62.7486,68.3255,27.3722,85.7486,-106.197,-68.1206,-20.4175,-125.229,91.4836,
		node -30.3671,69.2969,-47.9129,-61.8521,-160.893,-35.0539,112.794,-120.676,108.752,-60.0443,-47.9645,-142.142,-47.191,-183.932,-34.2886,88.9293,118.233,0.0840471,31.4604,-43.2546,-40.152,65.8873,-6.66393,107.132,84.3093,-81.0974,
		node 60.1536,-169.135,-33.0144,10.502,-145.749,-98.1327,-150.029,-95.7885,-124.673,-38.221,91.5944,-43.3367,50.8492,-11.0936,-183.443,87.5801,-41.1829,-120.808,-132.026,-108.287,22.5662,116.091,-52.8435,-43.3427,-53.2487,44.136,
		node 44.5303,-1.58887,-118.625,96.8746,-46.1299,-108.671,-51.3621,11.9918,-137.211,-49.9485,56.8721,62.8147,-69.1166,-36.8446,39.99,-112.657,-70.3132,-51.4821,-15.0537,82.0774,-58.1425,75.7169,-6.97823,55.4507,-55.5773,109.578,
	layer
		node 69.6221,113.982,-67.1177,-113.387,-134.725,-141.177,
endPlayer
