// Player17
stat 8
	layer
		node 99.5415,-172.771,-104.622,-22.2461,57.0632,97.9021,6.28189,-68.4825,86.1762,-47.4425,46.8879,89.9764,47.2649,105.93,-124.404,34.9123,58.8838,4.10332,71.0819,-144.197,-0.132363,-140.854,-70.3117,-107.003,48.5284,-157.272,
		node 62.9271,95.2516,78.0889,-125.834,-71.2248,-103.131,-16.7671,-61.1684,-144.698,26.6101,48.7374,-90.6403,-90.786,-18.4678,-105.188,-18.9726,-75.0245,-35.633,68.1102,79.1578,128.395,-150.073,79.7749,-22.3513,-119.82,-4.94466,
		node -23.5113,-136.321,-46.7494,-59.0464,4.23641,144.893,-63.2548,83.1434,109.147,-108.07,122.945,81.5597,21.2262,-166.906,13.1325,-21.058,66.5059,-34.7991,-13.3911,-47.9674,-136.569,66.6796,102.772,-33.7837,86.5706,55.5624,
		node -138.666,-147.138,-47.1396,-49.2689,-137.17,26.8355,-138.588,-109.98,-69.9597,107.509,-3.93418,-55.2699,53.9983,104.268,-180.512,-89.8406,-168.45,-127.663,113.857,112.379,28.2034,70.8747,-51.1398,42.1621,-61.3388,97.4778,
		node 38.7197,-0.852682,-119.505,20.0857,-100.379,-17.113,72.1745,25.0908,-136.246,-0.811129,60.7768,-50.7133,-65.8409,-33.2081,44.1619,-92.8348,-121.411,-53.2172,-152.889,-66.3639,20.6312,72.6336,-14.1448,55.4772,-53.9057,-31.7512,
	layer
		node 46.2725,1.39598,-68.0872,125.822,-36.1328,-113.01,
endPlayer
