// Player43
stat 6
	layer
		node -82.2712,50.088,75.7655,-40.5595,-150.294,-125.916,17.9779,-26.4962,55.9511,-72.8213,-134.494,82.3916,-73.8198,-19.514,-175.43,-15.7835,-175.715,-5.70811,0.177066,-42.7377,-59.7924,-41.9842,-80.3099,-11.0463,33.7467,-126.826,
		node 108.227,-128.855,-26.6794,-132.172,-44.968,-26.4681,-54.4262,-22.9513,8.90596,73.926,38.2621,-51.2339,-71.8861,-138.12,-80.3067,19.4809,78.0922,-98.6654,-18.0545,-58.43,-27.8627,22.3968,-20.3687,-20.5964,7.48549,93.9927,
		node -16.1713,6.34408,-30.787,-8.47127,-109.751,-38.3994,-38.237,19.2494,54.4834,-117.332,3.83611,-90.8395,-115.083,-8.14371,-124.515,-62.5592,46.0471,36.201,-59.2299,-14.9844,-28.601,-58.3805,-39.7307,-74.7783,-31.6546,72.5715,
		node -55.5595,-11.792,-3.80972,-23.1079,-116.205,-16.6098,-135.266,-126.576,41.3065,-34.6847,55.114,79.8186,10.5383,13.0041,-106.951,-75.1675,74.8284,58.6504,31.0199,51.2845,-8.18661,-35.8518,-18.6273,-14.1099,-25.2157,-59.0579,
		node -12.6288,-4.98767,-9.0786,-90.2232,-11.0248,8.09371,125.585,-100.934,-72.5743,-2.73423,136.943,107.408,16.1533,53.4503,-31.7044,22.801,-124.375,-1.31634,-10.6402,-79.6026,114.784,-1.09705,-138.254,78.1299,-85.4487,-71.3125,
		node -4.34898,74.5132,-2.70646,-14.4781,-42.6583,-74.6752,-23.4586,-84.7789,-50.9621,-17.9813,130.005,-103.187,101.652,59.7175,21.71,29.8639,103.555,-22.4267,-24.3362,-18.581,-41.1614,-56.2735,32.7802,111.048,-58.8521,90.9171,
		node -49.4637,-118.275,90.1981,67.4444,-47.4443,-7.51572,0.830681,24.4512,-47.5832,-96.3224,-95.6038,104.537,29.7308,-29.4528,-42.8132,-111.561,56.3992,-156.754,13.4292,86.2382,-16.3163,32.689,-49.4202,-44.0677,7.27123,6.08899,
		node 17.4194,-102.791,57.2779,3.09103,15.1695,66.5288,110.584,124.874,78.6494,-85.0176,-111.872,-107.187,107.679,-90.6426,-174.346,-97.3919,87.9223,-53.1498,-29.4615,-52.7019,-137.125,-16.6491,-11.614,-64.6664,118.319,-35.1205,
		node -25.008,-6.82436,-12.1898,-3.14095,67.4476,-124.742,30.0806,-56.3956,-56.7956,-79.3748,22.2476,-50.9361,-136.825,-6.00433,-84.3935,-196.104,-55.1659,-32.8221,-93.6801,12.9953,143.245,66.1349,60.6125,-84.1055,-5.07775,-146.193,
		node 8.14706,-132.212,-26.0984,-32.398,132.282,-26.4771,60.1189,-23.4331,-62.0209,-0.753346,-29.1574,-33.7512,-127.538,-22.0622,48.8969,67.6319,-54.075,-128.574,22.3644,-17.7551,-12.6921,5.68109,69.7593,-59.3962,72.4357,10.4825,
	layer
		node -51.7156,-192.584,27.3089,0.00738963,122.151,31.7798,34.677,86.9579,-58.1045,5.81653,-10.7413,
		node -125.583,-104.062,-47.6672,4.5254,15.8241,107.281,-23.6781,-5.877,-28.855,-50.5153,69.743,
		node 117.447,-75.3994,-66.9238,-138.174,-66.8528,-3.28686,2.41377,-74.7803,33.5954,-36.8798,-37.241,
		node 51.0285,31.6497,56.3307,96.6124,54.038,-56.839,-88.5347,-163.717,-85.257,-132.237,-142.326,
		node 1.08806,-38.2208,-160.921,-172.787,-0.0701119,-120.365,63.5187,-26.523,39.9507,138.027,-74.8261,
	layer
		node -68.9346,129.998,10.2972,-18.9244,-59.6141,-126.468,
endPlayer
