// Player83
stat 2
	layer
		node -94.3638,58.7873,-170.064,-48.5363,-67.8555,-103.673,96.6982,5.44566,65.2795,-55.8822,-106.764,-2.13519,-35.0505,8.08576,-5.12383,-139.287,50.8155,-157.3,47.6307,31.3439,24.3692,-40.5374,-1.39297,-24.5055,34.0311,-117.036,
		node 113.909,-140.082,-162.688,-147.345,-37.2654,-44.64,-54.8173,-83.9633,0.44789,5.50134,51.3969,-21.7276,112.547,-13.112,-69.8279,6.78908,-80.2713,-102.85,85.1526,28.481,-25.6566,11.9921,-30.9165,-22.0865,20.842,23.3254,
		node -13.0274,-31.104,-30.3112,21.8106,20.1324,-41.9392,-47.3796,25.8386,-22.6536,31.1292,26.5953,-99.9077,-133.532,-18.2218,-122.481,-81.2455,-51.635,43.0834,66.9836,-2.78952,-76.2145,-87.5511,-40.5114,147.38,-34.6796,-17.0879,
		node -49.6198,44.6969,33.8035,-18.9349,7.11264,-1.02889,-5.28897,34.2719,22.4179,13.6521,54.6652,86.6136,-3.13956,-22.7518,242.693,-74.0538,9.52426,69.6951,9.50792,-24.2567,-94.6219,-58.9074,-48.7906,-31.9721,-30.8771,36.9926,
		node -65.6141,23.448,-47.4899,-80.0897,-12.7752,52.7526,-136.219,-34.5464,92.162,3.75616,-82.7441,111.183,-62.1962,36.7345,-43.5833,24.1927,-190.07,-26.5306,-106.156,-41.2688,-34.029,-4.37333,-132.352,81.8609,-86.2818,-17.2842,
		node -149.642,82.6476,-200.123,-47.3933,-46.4703,-216.8,28.1476,-76.3812,-74.6698,-12.828,11.3151,-61.0599,105.649,41.0776,24.8374,26.1747,129.492,-16.1853,-48.7673,-17.7753,-27.3609,-107.762,40.1346,117.162,-101.349,86.2921,
		node -45.7505,-87.4492,37.9689,35.6335,-48.5163,-82.6173,-110.425,51.0331,22.112,63.0536,-48.3502,-127.398,43.4555,-172.847,-38.0451,-2.24399,-19.4098,-181.476,27.8374,80.7305,-59.5274,-12.4926,-41.0633,-61.3177,-11.8678,127.092,
		node 9.10397,-58.1537,-7.95672,4.12233,14.2251,103.155,103.454,55.4568,71.0586,-15.4596,-104.417,-98.2709,-11.6586,-3.19574,33.048,-109.836,42.6205,-65.9298,-29.3187,-58.2352,77.9611,29.4169,-7.93186,-37.6651,108.782,-37.332,
		node -22.2223,23.4987,-20.8304,0.0624516,-222.626,101.031,31.6583,-229.431,129.985,-83.733,11.6103,-40.9172,-132.327,-5.98026,30.0814,-8.20152,-66.2361,-75.2538,50.5254,-66.8023,-21.0439,-10.4324,61.8637,-29.4178,-20.5003,37.9192,
		node 9.54364,-110.023,-155.378,-29.8247,133.955,-30.6108,55.5253,29.6309,-51.433,-3.64436,-121.355,37.526,-125.353,-38.885,80.1676,-78.9926,-68.8775,-132.423,-28.9066,-19.9833,-18.8836,-136.366,71.3539,-72.7031,-152.17,11.1757,
	layer
		node -43.8453,-179.835,28.7873,-15.0708,-33.2138,25.3508,-18.9436,43.1808,-125.507,-6.46615,-32.5763,
		node 56.1984,-112.822,-84.0075,26.1624,-46.7126,-23.9427,-33.4468,4.50228,-88.8699,-48.7864,99.1502,
		node -62.0995,-95.9648,118.229,101.245,-32.2019,-3.06121,0.119318,75.9425,-20.0536,-35.5247,-13.7166,
		node -40.1376,-55.1381,-6.61427,24.9733,-119.522,32.5282,-88.1827,-70.6824,-89.9388,-22.5151,108.047,
		node -2.17186,-2.98104,-158.792,-91.2209,-70.4156,-114.398,56.4185,-19.5524,-74.1827,-20.3785,-68.3612,
	layer
		node 22.4672,-18.673,-34.2738,-132.807,33.3639,-54.2485,
endPlayer
