// Player2
stat 3
	layer
		node -96.657,57.1468,-171.53,-50.1835,39.1532,-104.053,-16.2053,-8.8199,64.4623,-51.3005,-126.931,109.054,-5.32837,-19.6376,-0.509901,-22.6819,-10.1972,-69.4295,6.12028,-6.62516,-62.9073,-39.6735,-91.5502,-14.6061,21.09,-113.18,
		node 120.045,-122.958,30.1874,-136.19,-90.2386,-74.3308,-47.7396,-86.423,-1.60153,18.1037,49.4089,-53.8679,112.79,-73.5246,35.1511,58.6562,81.2437,-101.846,86.2396,-53.8645,-25.0446,-37.3576,-34.2091,-4.66516,18.1086,90.4115,
		node -20.364,9.31605,-31.1219,-69.9795,21.8874,-40.1923,-56.2854,33.349,40.1751,31.0014,76.7611,43.8042,-116.622,-20.9896,-121.97,-82.4142,-69.381,52.7415,75.5516,-12.8767,-22.4719,-82.5021,-62.0668,36.658,-36.7183,-16.7873,
		node -53.0903,40.9424,122.402,-28.6534,-11.2675,9.62694,41.197,30.2169,31.5924,37.1272,73.2216,88.5267,-13.6414,-21.2616,264.215,-40.8747,5.79652,66.4969,29.2131,-29.1987,-86.3292,-62.5238,-39.0899,-34.8748,-42.5957,37.9624,
		node 13.6759,-4.82581,-188.274,-77.9852,-114.925,-117.687,50.8232,2.64135,-63.409,11.3539,140.869,107.299,-33.6223,35.1173,77.5056,-29.7995,-123.295,-23.108,48.5766,-80.8421,99.3421,-0.800155,-159.504,-92.5722,-85.5474,-16.46,
		node -121.372,70.6484,-200.951,-45.7337,-59.2527,-101.701,-87.5321,-96.7595,-66.1564,-16.9545,124.13,-70.4797,126.431,52.7029,24.0671,33.3645,131.06,-33.3424,-50.0531,-20.3977,-50.127,12.3364,14.6404,108.824,112.158,-91.2964,
		node -47.4657,-116.138,43.6821,-139.624,-11.1608,72.7913,2.90391,-128.161,23.8765,-116.578,-88.6022,104.122,20.9697,-172.109,-39.4304,-100.137,-19.2571,-183.186,-120.184,117.808,-11.0124,-12.0991,-41.1483,-61.4279,17.3309,-5.30671,
		node -5.30147,-103.427,51.4127,3.30598,-91.6379,-42.2692,108.495,54.7475,86.7258,-97.4003,-118.608,-112.645,106.891,-4.2798,-174.49,-111.059,39.3275,-61.9334,-135.181,-23.1199,6.94971,26.4777,-2.11076,-39.2962,108.829,-15.84,
		node -51.8036,-23.063,-5.98132,22.7732,-4.88597,-128.19,30.9095,-222.053,128.913,-18.9117,24.8863,-44.4089,-147.367,-7.04144,-79.0851,12.4732,-60.0102,-51.1951,40.942,-83.8995,130.866,-14.5629,59.2114,24.5873,-18.055,31.7239,
		node 3.91752,-129.976,-150.958,-25.5785,120.805,-26.4876,-4.67269,17.8771,-64.2192,-5.62315,-124.604,-30.5779,-126.497,-23.1098,27.4227,-78.8869,-62.0032,-131.564,-24.1299,-67.2213,-10.2755,0.835086,93.0558,-72.7008,-161.696,6.43147,
	layer
		node -13.1598,-171.128,24.3679,-43.0795,9.69873,-26.4508,-68.1719,-12.3471,-178.614,-7.604,34.7045,
		node 6.82209,-86.524,-18.1568,13.6195,-21.2097,-123.838,-35.1414,-11.0455,-29.2181,-15.4236,98.8222,
		node 118.267,-86.7843,-72.2915,-129.591,-83.2978,6.57586,-140.863,146.136,64.8083,-2.49406,-42.3037,
		node -4.45517,-18.5382,36.4049,95.5257,-124.528,-130.47,-20.4296,-70.0456,-92.7824,-69.0106,-41.9816,
		node -177.88,-41.2091,-155.569,43.2095,-4.28463,-54.3047,-115.043,-30.9956,-22.3089,-23.5988,-6.0855,
	layer
		node -93.0376,-72.0955,-69.995,-126.79,17.7705,-72.4912,
endPlayer
