// Player58
stat 7
	layer
		node -127.778,-64.91,37.3051,8.24293,-149.805,33.064,-281.782,-65.7492,22.5564,-4.93157,33.151,-35.4496,-100.752,36.1642,17.4552,68.0721,-269.622,45.5137,-152.002,113.101,37.6403,46.547,-57.8944,35.7068,79.5954,136.67,
		node -3.98428,-155.421,23.6444,-4.28851,-8.28436,29.7185,-39.617,7.3732,47.8747,-6.89242,-167.636,-173.952,23.3997,-4.65796,20.6599,55.1872,63.1137,10.3742,-8.23864,10.4909,-175.101,37.4694,-34.379,-200.354,22.8098,-171.071,
		node 45.6845,-212.624,3.09408,-273.261,-1.12122,-214.056,31.8999,76.944,-1.5973,-188.505,-36.4561,-169.595,62.6229,20.8532,-21.0721,53.6418,-46.194,-66.2415,-213.558,26.5374,-39.2548,27.1439,-82.3264,82.0577,-126.596,-240.605,
		node 55.6902,91.4633,-169,10.5193,0.524745,-165.124,31.9355,19.1117,61.0406,37.441,16.2351,53.0265,-9.78877,86.4081,-292.594,-13.4397,-137.287,59.1665,-131.881,110.684,-219.685,13.3714,-17.1146,2.46652,32.2997,-267.024,
		node -163.376,-9.96417,1.36663,31.0561,-203.054,-156.825,-203.153,65.6884,9.45146,-27.9667,-198.594,-233.123,-159.767,-60.0468,30.5699,-211.536,89.7907,-271.151,-0.259768,-14.2439,2.58434,124.183,-6.72996,43.5192,-170.016,-207.705,
	layer
		node 40.8771,4.87974,-62.1714,-26.9133,109.093,59.0773,
endPlayer
