// Player7
stat 4
	layer
		node -36.5519,-128.785,-191.577,-50.9982,-85.7714,229.474,-186.126,-255.434,-153.339,-102.878,21.1065,-45.9401,-211.012,-210.374,-60.8229,-217.136,-36.5768,-38.173,283.21,-36.4189,-163.537,-36.1784,-73.4548,-70.8132,105.515,-80.0573,
		node 15.1362,-173.014,-210.235,-265.197,-138.632,-156.502,-205.241,-76.384,-209.026,-84.9766,-236.879,272.83,-284.042,-172.931,-233.307,-153.741,278.104,-210.63,-81.3947,155.413,-161.852,-234.033,-160.121,-118.132,106.799,-205.254,
		node -42.9691,-222.659,215.852,-110.801,-130.62,-3.12428,55.6263,158.719,270.246,12.0763,69.5085,-57.3572,-131.722,-68.7733,23.071,214.39,-163.563,25.5555,-36.6354,-84.3725,-199.82,-224.715,114.389,-22.1521,-2.47331,-238.93,
		node 248.483,-61.2543,138.332,-25.6963,-55.017,-73.8177,228.925,-258.978,-221.022,-60.8836,-4.82012,252.289,-76.258,5.53475,-149.826,-187.883,-220.045,-138.403,-114.099,-78.9014,-71.4309,96.3134,-171.602,-71.2499,-18.1644,-123.981,
		node -33.2025,286.215,-247.381,-32.5918,-44.813,274.579,5.98158,-229.046,-266.524,168.271,249.037,-166.035,238.155,239.36,212.141,-95.2745,-135.854,70.9803,-156.308,-210.849,-90.7415,-24.9842,-142.292,-38.6761,-141.917,284.124,
	layer
		node -240.864,-66.2433,-163.379,-126.478,289.736,-55.7916,
endPlayer
