// Player63
stat 10
	layer
		node -24.3342,22.3909,-200.259,231.536,-41.1229,-230.985,1.83543,-255.225,-104.733,-107.448,1.90399,-35.5112,198.423,-229.895,164.963,19.398,-199.236,-91.3483,282.778,13.2617,-254.852,-26.6368,-142.369,-104.248,-88.1643,84.8979,
		node -239.742,284.392,239.763,-28.5987,-132.155,-148.65,-166.094,190.07,-202.603,-62.8944,260.853,-162.191,-32.8841,231.118,84.7326,117.616,279.45,-87.584,-225.979,196.058,-163.071,-232.119,37.4886,-7.68482,-184.783,-189.918,
		node -34.9115,146.606,-250.501,-142.908,-130.641,-107.454,276.482,157.405,-142.296,-239.174,108.272,-43.4307,25.746,-212.962,12.5152,-88.74,-246.534,-217.142,-34.9705,-84.0945,-220.675,-242.697,68.6084,-66.0693,-2.33839,-153.93,
		node -152.093,-225.613,-164.36,-80.6875,-86.5655,-31.6748,-76.8946,-257.855,69.9674,22.0145,-204.382,250.791,-43.7524,-239.824,-219.911,-41.8832,-206.833,-19.073,-106.665,-107.136,-63.3258,-224.469,-29.9588,-60.9775,-85.734,-93.3045,
		node 52.6737,-37.549,-62.5867,-171.641,84.1145,-99.2206,-9.34783,-249.203,-93.048,151.645,267.246,214.489,-63.5029,316.126,-53.3263,-100.77,-125.729,86.6419,-62.6083,-215.142,-116.405,-240.848,-146.621,-40.118,59.447,-18.4194,
	layer
		node -259.317,-177.235,-283.251,-188.602,-28.4382,-53.786,
endPlayer
