// Player55
stat 8
	layer
		node -29.9567,-129.781,-151.956,234.328,-44.1131,-227.775,0.205078,-245.686,-105.57,-116.422,38.4472,-163.123,-93.8905,-124.023,-225.947,-22.7476,150.436,-108.215,-53.3633,-276.931,-175.036,-26.6861,-44.8825,-230.312,-129.297,1.93314,
		node -245.153,-169.687,25.4333,-11.9965,-143.087,-65.1312,-164.814,-28.3037,-249.185,86.2196,-243.572,-2.05552,-29.4183,-126.307,92.0449,201.195,-107.867,-225.802,-219.193,90.4949,-166.771,-244.416,-114.779,204.122,-163.216,-188.081,
		node 1.35366,-64.4626,-253.953,152.852,-118.025,-99.4478,34.8918,154.556,263.555,-235.991,104.094,-57.9841,-134.689,-157.332,-191.679,-174.208,55.0315,-237.579,-23.6106,-76.6775,-283.464,-211.463,-85.7797,-74.5661,-3.64811,-149.325,
		node 192.782,109.356,142.279,-55.3867,-173.946,-61.3777,-171.586,227.826,67.6177,-52.9192,-208.002,59.6395,-47.2544,-167.13,-49.1624,-31.2136,-226.037,-134.187,-106.135,-103.752,-7.22414,-221.128,-34.6351,66.8167,226.234,-116.281,
		node 55.4891,-56.0348,-168.578,-173.026,83.485,-96.9241,-5.97624,-230.546,-151.522,166.357,197.842,-150.368,267.115,-237.771,-4.4498,-276.364,223.822,75.2665,-32.1859,-214.321,-117.389,-166.639,-225.895,-38.6612,7.34594,-19.2536,
	layer
		node -209.278,-36.4979,-89.893,-25.3081,106.852,-39.4299,
endPlayer
