// Player19
stat 5
	layer
		node -116.886,-52.9366,-15.4326,211.392,-11.6432,87.9062,-73.9302,77.8286,238.791,-76.6638,4.51335,-23.3386,126.187,102.313,117.286,-55.6098,-206.812,-16.4554,-19.7391,101.971,-23.7768,-110.684,31.6449,11.3315,-129.488,9.21113,
		node -108.525,71.4424,12.3926,-107.55,135.998,69.945,14.9351,21.8629,-233.645,-190.802,-53.9673,-103.035,-239.436,149.802,-144.312,142.072,-161.109,-229.6,-37.0902,-245.54,-85.5964,-51.7972,-46.0104,-6.34044,7.29988,59.846,
		node 122.657,35.4386,-13.5666,102.272,-51.4872,14.8886,-131.802,-57.3747,51.9429,-3.84144,-4.0935,61.8306,89.5714,-85.4237,22.2369,11.2367,45.3646,130.306,-52.724,-206.287,45.2448,-17.3363,-70.581,77.1012,-75.3473,2.15348,
		node 74.1398,55.7473,10.6873,3.3144,84.317,87.0607,-42.9089,127.902,42.4959,-58.2026,36.7913,-4.36938,19.0971,129.606,138.826,-14.0844,-76.4152,-2.01081,-12.3635,-13.9815,-8.51083,40.5395,-51.1471,-8.57527,62.0556,-49.6102,
		node 179.01,33.3179,73.0796,-11.1343,-138.12,-85.4968,-29.0598,152.946,42.0331,40.0682,-93.8018,25.7884,-38.9732,32.6763,39.0655,136.07,91.1589,24.6534,22.0714,75.2446,32.0042,47.1196,-119.773,-36.8994,-31.0892,-6.70461,
		node -191.582,94.9496,33.989,-92.5546,-109.013,-4.75331,78.1493,59.0883,-20.4171,-13.2562,31.4353,-22.3613,147.538,-26.086,120.974,-67.141,59.5583,144.915,66.8172,80.385,-82.2562,72.442,-85.6541,97.2487,116.524,-67.8533,
		node 28.8829,72.8923,222.366,-53.8383,16.6261,-89.4287,-31.0044,58.5163,122.338,-18.4744,212.481,10.04,234.2,-2.44828,-19.8323,128.396,97.0452,79.0317,-9.39211,-83.964,38.5987,30.2272,89.4996,-51.4877,-108.349,-15.7867,
		node 23.9539,119.949,-85.7826,-71.6078,37.7932,-44.827,6.68186,63.7498,-104.954,66.7137,35.1806,-87.4583,-40.0158,5.0512,-60.4455,101.484,124.102,1.44814,-25.8106,112.995,-13.0166,-26.0554,41.0431,35.1731,-5.33744,24.3968,
		node -3.66918,-24.4031,32.2442,33.3198,55.1613,121.248,-26.9347,-34.4894,-44.1223,10.2651,1.64106,37.0144,6.24404,59.165,-228.765,-67.4508,-233.388,175.168,-83.5613,189.13,114.903,100.472,-91.4954,39.7538,75.2368,61.5932,
		node -49.7575,62.5055,-11.4572,159.514,-75.8273,30.7639,-71.2894,59.7013,65.0193,-86.31,69.0488,107.013,77.6327,85.4995,238.829,71.3912,98.5573,57.7991,-64.5804,31.4943,121.745,-236.501,-14.2796,-10.4886,-101.503,-70.2796,
	layer
		node -42.2711,73.8,7.05024,61.7145,7.12566,73.9484,-65.8003,15.6567,223.333,-48.2975,-15.1808,
		node -106.812,22.9679,125.535,59.4298,79.1303,115.256,27.5824,53.0942,-122.137,-237.212,-61.9396,
		node 113.308,128.41,-44.6435,16.9201,30.9514,2.69423,-136.276,-18.4097,5.09621,8.8441,-76.1852,
		node 39.0651,-40.2361,223.382,168.021,56.9569,-14.5086,-22.6716,60.4655,27.2982,-6.72735,-7.94079,
		node 8.27728,-231.794,-90.7835,59.4038,28.8537,172.801,153.177,-42.4021,90.8164,28.1659,-52.8235,
	layer
		node -203.383,26.2661,64.5467,41.4248,-58.6807,-76.0441,
endPlayer
