// Player59
stat 6
	layer
		node -28.8461,-4.70234,-23.7039,-29.5433,2.46956,-14.2779,50.2658,23.0832,3.11008,34.7782,-69.9038,-79.6658,-59.1079,50.3662,49.3233,-17.5915,5.78845,-5.97796,-11.0504,4.21372,34.6855,35.271,13.9616,-47.1975,13.5911,-29.7818,
		node 18.3755,0.346343,-46.1425,8.16127,-2.89493,-43.782,29.4222,1.04319,-7.32714,57.7963,30.5719,-31.6429,-22.7355,14.9237,16.4471,33.1018,-22.9946,-53.2387,-13.7291,-12.2378,61.0876,11.7884,-81.6642,3.74192,-46.3379,12.577,
		node 24.8526,16.8826,9.74515,45.3091,-28.8631,-9.58398,-16.8602,36.0018,7.05782,-77.052,44.6713,-24.2376,21.0424,35.2476,-36.8317,23.3545,6.1276,-13.6397,-2.72293,16.9796,-30.118,-25.5322,-38.1781,43.3712,21.2306,-33.2911,
		node -27.3258,18.5391,-1.8087,23.4079,76.3217,27.0773,17.5041,-37.9496,26.0374,25.1,-20.6634,14.486,31.7412,-18.8896,31.5776,10.7996,10.9515,23.6915,-2.97166,20.4609,-65.546,-60.838,-52.8653,8.42928,3.18708,10.2049,
		node -6.7194,16.8738,6.76929,16.3558,-33.2268,17.1201,-37.2517,-30.1722,-20.5103,-25.521,-11.6545,-20.5957,8.41273,7.7253,70.7368,113.096,-44.1589,-72.6881,3.16139,-34.8904,5.71057,-17.172,-40.7096,-42.285,8.04533,17.873,
	layer
		node -15.563,7.31657,-33.325,-20.8428,31.7581,-4.21223,
endPlayer
