// Player80
stat 5
	layer
		node 29.0795,89.894,-22.9402,20.0018,70.7769,39.1248,47.2953,6.3165,25.096,19.784,-26.2724,-28.3039,15.5646,63.0416,13.7664,-72.2791,8.17789,-4.64854,2.16293,12.0037,13.7136,20.7119,9.24783,-79.6571,9.22755,-28.7252,
		node -9.94793,-21.6473,-54.3924,-23.8224,7.73163,-55.5452,3.91425,3.25564,9.60347,-4.38919,26.3623,2.35903,0.419955,16.8097,-6.24049,21.9904,13.4159,-58.6151,-6.19904,-45.718,60.2496,17.4655,-31.0923,27.5048,-51.7669,7.76266,
		node -23.3201,29.9438,10.8953,-7.67528,30.9748,37.7116,15.1063,18.2854,10.8844,-6.75103,8.62578,-3.83094,-36.1915,4.97239,65.255,-9.13179,21.9974,68.594,4.3828,20.2586,-74.56,-18.7391,3.71403,4.6318,23.5645,-43.9987,
		node -26.6209,-4.87649,-1.88225,-11.8636,56.8567,23.3756,21.9904,0.122171,47.9986,17.7804,6.69223,-28.3885,14.1048,47.1862,31.7288,72.6593,11.346,-25.9473,26.2162,-17.4153,-50.3836,-19.2355,4.51214,60.7848,2.20832,32.5752,
		node -18.9023,27.302,7.02878,31.266,28.6105,19.2166,-37.7937,14.4154,-22.0185,-19.7279,-18.461,20.61,52.1147,8.97107,44.3858,-1.52907,-33.2731,21.1872,-2.2467,-1.56623,-2.20964,-14.0207,-48.7918,-3.78835,-0.0186402,-67.6119,
	layer
		node 12.8195,-32.4484,13.3373,4.50173,6.08439,-46.1184,
endPlayer
