// Player24
stat 5
	layer
		node -69.1281,15.2765,-61.4205,75.4615,273.895,-1.88426,33.8903,213.565,-43.5634,192.358,-90.7195,50.0008,200.923,284.782,0.498338,-42.754,-18.6356,-37.6227,-5.86415,-65.103,20.7167,-58.9521,84.4611,-35.5507,-3.46621,-16.5884,
		node -55.5818,5.45957,7.42733,-65.3638,133.021,-24.9928,271.586,93.986,-77.9859,33.8682,195.965,-43.168,-70.898,-22.7542,307.357,-70.692,-22.2425,7.65776,222.714,-7.42568,-62.6825,-63.1689,-47.5715,5.52025,-52.8573,55.6177,
		node 29.3079,-105.64,-30.0818,-85.3797,-17.9021,-46.3567,216.089,144.485,210.076,-2.19606,10.2354,-2.20444,291.813,4.93245,-36.4816,186.665,67.2822,8.34493,67.1358,-18.7006,-20.1192,-75.21,60.2478,-41.3168,-79.0913,-0.37692,
		node -50.2943,0.304124,254.677,118.664,53.6376,-77.6591,282.76,-23.4114,-22.7715,-41.3649,-44.2635,11.0983,-55.2869,64.6007,127.176,55.6616,-35.2583,225.651,61.6618,196.745,-57.2774,2.6325,-8.95988,-42.4617,83.0169,190.05,
		node 23.0951,-22.6668,-103.602,74.8714,63.1993,-35.1513,73.2055,6.25494,-49.8844,195.542,-25.4628,-28.4038,-60.7518,5.16738,65.3774,47.2544,-24.7457,70.3136,3.01894,-52.2935,-68.1333,13.5681,23.3889,98.9043,-56.176,-18.1747,
	layer
		node 6.2745,-22.9002,-64.0688,71.6486,0.39281,-6.93917,
endPlayer
