// Player5
stat 6
	layer
		node -79.4155,39.4693,-4.66773,77.1298,-66.7148,45.4431,31.6839,12.6239,-43.8234,11.473,-38.6381,-117.837,15.6742,-33.2872,63.0561,61.2017,-16.9664,197.14,-4.59458,-66.8044,-23.1527,-55.4538,-61.183,-24.507,5.188,190.422,
		node -39.6594,-63.9092,12.2526,-63.0394,122.653,-28.5218,70.5686,64.0412,-70.5425,62.9938,197.421,209.878,312.591,204.627,-89.8341,-35.5952,-29.4318,64.0061,279.314,8.66264,-56.8915,-32.4943,146.922,15.1356,-53.8603,26.4573,
		node 0.0980025,-24.4655,-30.8529,43.9064,8.02051,19.4842,23.3377,146.704,-51.605,8.93379,9.61405,23.3062,291.743,-14.9547,284.563,-117.271,67.6345,-10.2214,-56.1719,-97.0711,176.756,-49.825,64.0365,-39.8149,228.631,-30.4377,
		node -80.3155,269.498,268.071,120.398,226.196,-69.6201,17.0272,299.852,-8.69685,-26.8417,-40.7123,11.7785,-56.3934,-2.93652,15.8009,68.9835,88.1279,239.398,-92.8774,83.4884,-78.1544,1.67744,-80.7013,-48.3149,7.80871,-124.156,
		node 2.87965,-17.4227,-0.0316061,70.4598,61.3979,-35.6331,-45.2821,-11.9436,-52.4659,198.627,-62.4904,77.5039,-15.8204,239.546,124.163,43.078,-78.1913,-104.451,29.9412,327.471,-58.2295,-46.143,-66.8773,78.2384,-12.3358,-28.5961,
	layer
		node -124.964,-32.1732,-8.9051,-3.14045,3.96412,-127.406,
endPlayer
