// Player42
stat 5
	layer
		node -79.2466,10.1068,231.149,67.7196,35.2066,11.0829,-34.1861,183.704,-29.018,-23.7827,88.2246,-34.5385,-40.4368,43.7291,-58.7551,-44.5348,25.9231,206.616,1.96491,296.95,7.72302,-41.1918,-6.51256,-24.5244,-10.5828,-14.9666,
		node -26.8078,-30.1119,21.6069,1.36956,130.97,-48.6015,-67.5824,95.6167,-34.6264,59.4715,-22.8483,213.782,-71.0883,18.3159,307.406,-57.0837,-86.6357,60.644,219.004,86.058,201.962,-60.5801,-54.9942,94.9781,-60.91,17.0039,
		node -87.7436,-43.2792,15.2011,-140.89,-2.19357,-58.2673,-31.8619,213.857,45.5727,-4.05328,11.2741,2.1141,-55.7051,-18.9131,288.559,191.834,68.0408,8.15674,-37.4513,217.987,-55.1396,-34.4734,54.137,-23.2252,230.469,185.779,
		node 214.457,290.009,202.114,-35.4142,10.2315,-80.0984,282.494,304.079,79.6009,-28.006,-19.1764,15.7241,57.8871,-120.382,127.171,58.9077,-32.0207,32.3618,78.3077,-91.4094,-68.1168,1.97269,-7.87891,-46.4615,85.4213,46.1802,
		node 18.7164,184.64,129.389,-30.3275,-74.193,-53.5637,4.67814,-2.4457,15.8819,273.683,-29.5599,-51.9252,-60.0859,5.06282,64.2978,45.7057,-34.8537,-102.181,2.63874,327.521,72.6009,-1.2219,23.1028,12.6199,-50.2626,-41.0117,
	layer
		node -55.3146,85.2789,-44.1888,10.1558,43.0436,-8.37535,
endPlayer
