// Player35
stat 7
	layer
		node 12.503,5.76907,-49.8543,-29.0569,42.4314,-61.2941,-21.3692,54.4622,7.64979,14.9928,-49.445,-35.299,10.3362,-47.6471,24.696,-32.154,-34.7486,15.769,11.4191,7.79171,1.91551,82.3072,-70.0073,25.404,-71.1905,-11.1625,
		node -66.5561,18.983,4.84478,-38.785,-47.582,1.8247,59.7275,28.3551,-43.3106,61.6542,-43.8325,-74.3874,-0.943767,28.8421,43.1899,41.2285,44.6192,-0.446954,45.6891,-70.1823,33.2947,9.11642,13.8366,82.8089,-61.3036,-1.09883,
		node -9.6949,-73.751,-38.6194,-49.841,-4.93198,23.471,31.5913,13.4684,-23.5343,-53.5625,19.9464,15.0025,33.5513,-15.0033,-11.0903,-15.7773,-28.6942,63.5369,19.5898,-33.8455,121.003,-14.2511,47.9345,0.498798,91.9202,42.653,
		node 43.2797,33.2076,32.8052,-37.9308,-49.1558,-50.8251,34.1457,-44.1365,-105.788,-56.1259,-130.011,-45.9699,-33.5859,50.6422,18.5257,35.2001,-51.6048,-56.4287,31.5157,-45.2185,-51.4113,-4.40094,67.3317,-26.4819,42.2005,58.7071,
		node 43.5536,12.7806,10.1846,133.905,0.351157,-32.4402,22.6748,-29.0996,-54.8434,22.9837,6.69596,-51.7986,-20.8343,-102.463,-51.9722,-38.655,2.50852,20.1409,35.9741,39.7561,5.8242,-21.1718,33.6665,-96.907,-2.74151,37.1719,
	layer
		node -8.66643,29.8405,33.6978,2.38522,-16.275,40.6144,
endPlayer
