// Player9
stat 5
	layer
		node -26.5528,-156.53,82.1941,15.222,-9.41252,5.84296,-90.3658,-123.549,126.509,11.3015,17.7946,17.3454,-62.0697,131.834,-109.078,70.4827,-6.67225,141.154,-83.2059,-43.6929,-80.4977,20.1898,-67.7541,-0.900901,132.839,-28.9744,
		node -83.7702,-40.273,20.9371,-113.375,-1.26768,145.281,8.79956,93.7278,111.886,94.5707,14.5724,62.7711,-48.6023,-52.2483,2.95644,-22.9243,-12.7648,37.2732,-2.44477,-84.2578,-59.2781,29.5857,-47.1018,-26.5044,20.8271,-79.3954,
		node 16.5351,-42.6685,100.174,-13.8111,93.0202,103.73,-155.147,124.381,-72.4002,-2.31696,-39.322,61.1178,97.8436,-0.51446,87.5757,-52.5825,-109.969,62.8734,-213.858,-72.2648,-51.5215,-35.3676,-79.7718,-102.897,-6.71191,-38.8044,
		node 4.54232,-36.4162,-48.2587,81.8683,-198.297,-62.7269,24.424,-52.9564,-52.4864,3.42286,-86.3987,109.729,-40.9421,-18.7843,76.4375,6.16082,31.2968,48.8284,27.8036,11.228,-90.3223,69.4831,-141.169,-131.035,66.3036,-30.4433,
		node 105.837,-64.9693,186.645,-110.222,72.0539,-64.3786,132.267,-217.286,183.638,-61.5174,-105.42,115.574,-49.7848,141.804,124.227,-64.0658,-3.98526,-83.6333,-102.858,-66.9976,73.8753,-72.6802,177.105,-209.468,44.4796,26.0076,
		node 31.7182,-38.5783,39.6586,-111.442,-53.1388,-31.9649,52.3108,-79.161,-60.4444,-157.901,98.9834,-105.097,-198.421,-108.969,-13.3603,59.4295,43.9377,-154.419,-60.2048,115.363,-19.8516,75.2488,7.53922,-98.1324,53.7004,-110.112,
		node 69.7873,13.9394,-29.4502,-41.2628,18.7484,38.3611,-93.0164,-47.6025,-57.746,26.5463,-122.817,22.0826,33.7573,-69.8494,-37.7174,13.7418,72.0039,-39.4749,114.126,-186.265,12.7989,99.3676,-1.34983,-27.1106,9.05623,-7.63696,
		node -13.742,36.7812,31.884,112.09,11.0689,-71.1909,111.66,84.467,-20.1403,-23.404,-88.0963,-84.1399,7.25954,26.2064,-16.6015,17.3556,-16.9162,-30.1677,70.2197,120.051,-26.2891,0.0118601,-126.278,-41.4648,61.2674,146.529,
		node 46.8615,-44.9897,-50.5231,144.972,-45.1144,-42.1795,-93.0447,-62.137,-56.4875,-60.4001,276.404,-64.8138,162.977,-176.561,55.4762,-38.036,122.023,-21.9191,-84.7315,109.487,106.054,-108.644,118.476,-11.3929,29.3717,-74.5616,
		node 29.9151,150.142,205.7,-14.1103,-47.2936,-228.156,-28.901,-26.1181,-230.262,-64.082,-39.3471,-20.4016,-33.0176,-27.586,65.8299,-137.126,14.7077,40.147,-57.6137,-98.1596,270.048,73.8931,77.8513,-126.903,125.229,27.643,
		node 4.90778,4.62695,-36.6931,76.1604,76.7493,-87.4899,-39.8319,88.8187,-139.982,-35.9487,-15.3298,-89.7946,-55.4819,61.9171,142.199,-165.606,12.801,14.9508,-81.5337,-51.1315,-56.7279,62.1836,35.8043,165.032,-73.9433,67.7918,
		node 33.2063,-111.063,-160.398,-72.0107,7.90672,212.463,-77.2964,-81.6607,-76.398,127.339,52.025,25.9051,-49.6473,-16.5381,263.468,91.1693,160.369,4.61399,47.4665,-5.98008,-160.035,-213.149,-47.6676,-8.52961,-22.205,-94.5995,
		node -8.75123,77.5548,-212.013,-5.24804,-67.8305,88.4972,-8.44981,-149.529,-134.963,-33.7805,-52.5916,-109.093,-90.9579,11.1468,56.6009,9.42715,-53.908,-34.6825,-112.437,-7.85934,-29.5874,-105.447,-117.842,-99.6465,-89.063,-33.4737,
		node -78.2089,15.7661,62.3167,21.4332,3.81055,-25.6715,-55.0991,-6.25514,-58.542,-2.03005,81.2554,81.4035,-27.0942,51.2832,41.8659,169.191,-97.4447,43.9047,61.4369,-32.6543,-10.2633,-27.8139,-46.0241,-12.042,137.543,80.7872,
		node 33.1155,105.987,71.3281,100.299,-46.4728,-33.6414,-3.90854,-42.8807,56.612,-59.8275,36.1504,5.69069,6.92842,76.2558,-243.95,-81.0664,-138.487,-59.724,178.921,-3.66799,-108.681,96.5669,-133.143,-46.8352,127.241,79.1061,
		node 48.1592,-10.5949,105.635,12.9219,53.5981,13.358,-17.9015,-85.1257,-12.5781,54.1612,-10.2541,58.095,-49.4728,-163.777,-25.3994,82.9052,-214.041,-120.703,-24.533,-68.3889,-29.2679,-36.9275,172.497,240.553,40.1761,-38.5773,
		node -35.5269,64.0394,52.0915,86.9178,154.155,65.817,-43.338,-40.6453,26.7839,-85.508,-27.9025,-184.494,43.596,-40.4472,-127.677,8.02488,-55.9599,60.9009,-93.7908,-206.464,-173.129,89.7648,194.833,-27.5708,63.665,215.494,
		node -39.5396,-66.4569,62.3742,-188.894,97.7954,45.7313,-38.7126,9.43881,22.3141,147.65,-35.9181,93.2791,36.289,-32.8111,-46.3804,5.22528,-6.68151,-62.3085,22.4478,55.0251,27.4172,-33.5023,-89.7541,-61.9187,-29.3322,-75.1894,
		node 77.8961,-38.4687,118.417,-36.4598,-130.292,-1.15153,-21.9084,-100.631,-47.9139,59.6935,-82.7234,-131.86,-56.3654,-72.6054,-35.9626,-74.7965,-9.87384,-11.978,52.185,-99.5107,-1.09319,-39.1904,91.918,24.8122,-23.7151,152.681,
		node -46.0252,-4.42941,3.36475,-74.1841,-49.8667,52.7649,-78.3338,59.4149,16.7617,-64.0605,-85.0752,131.92,80.1907,20.6007,-95.9905,93.0385,68.0335,116.407,39.6408,83.068,-58.3709,66.5969,-16.1393,-114.378,-14.4934,-32.2723,
		node -130.6,6.77858,15.6369,-37.9711,-134.468,91.7688,-12.4589,49.4391,-94.9116,2.87049,-16.556,-145.005,-85.274,100.335,-30.6497,139.404,-48.9673,30.8469,-39.0627,-106.243,-101.03,-5.01838,-44.4529,7.44354,213.887,62.6983,
		node 37.829,125.958,23.9184,-23.1837,28.3745,-33.676,128.645,34.1297,127.931,-69.3376,-64.7068,-60.879,-26.4173,45.9599,-48.4199,-141.619,-55.5471,-77.1077,-115.03,-60.9068,45.3472,-73.5948,37.1066,20.7236,-113.034,-191.438,
		node 201.98,88.6707,96.9161,36.6148,63.716,-92.1122,59.3377,-85.421,-39.6192,-92.0677,-41.0938,66.842,139.039,-65.8316,-66.0736,33.6336,36.7725,-55.6839,-197.146,139.468,22.3984,-51.0124,-134.715,-118.228,-103.617,156.895,
		node 60.202,-95.0748,-40.4715,-49.6138,-142.533,-11.8207,89.8169,192.763,83.3687,34.07,69.9608,108.611,-54.2663,-56.4174,-115.94,-26.5753,-120.181,21.4223,24.5714,-154.423,-104.682,16.1297,-37.8713,24.5795,-94.6495,-4.1685,
		node -22.7302,-78.6385,-49.3086,-208.226,-51.0113,38.8144,-189.19,-16.5494,116.933,99.2421,-1.0567,-83.0422,-141.461,65.6354,-188.149,96.6358,95.4359,69.6587,102.787,180.042,-55.3531,-223.789,100.654,-68.9159,-49.1882,-71.9937,
	layer
		node -71.833,47.3876,-105.081,129.84,-2.55125,93.9405,-83.9763,-54.8187,-72.6357,69.8597,-70.8972,-153.833,-77.315,6.45883,-38.4935,26.9245,-71.2564,-64.9628,119.392,-233.829,53.8986,-70.6896,32.4364,53.1297,-63.9928,108.377,
		node 7.12331,119.265,-175.145,-89.0399,65.7472,14.4168,-82.5313,-62.0567,50.8142,82.9203,-49.6258,-101.368,-11.1722,35.7658,-41.2,-22.3142,-70.165,-6.9576,59.1236,-127.847,-52.4649,175.929,-79.0897,31.2344,90.8826,215.59,
		node -17.3765,28.8463,-69.8688,7.65098,30.4829,-74.0803,-11.246,-17.9866,-78.5878,99.3567,9.98645,148.261,-77.6044,21.0606,-109.756,-9.55609,-13.4213,27.9571,21.543,-87.9784,-180.3,46.9534,-43.1597,-49.6856,98.5441,-32.4317,
		node -114.769,-87.8403,81.1508,63.2093,-37.3158,-2.56992,9.94882,94.7911,-47.2152,66.0914,-103.59,-219.472,28.1173,-113.467,-129.299,1.57937,22.5557,73.5991,-54.6461,31.4398,46.7716,65.1001,-100.492,16.2984,-151.652,-65.4133,
		node -6.7076,-123.435,-144.54,11.8989,-40.8394,-44.5148,-67.7934,101.802,-19.9899,-33.2821,-60.28,111.969,-189.941,77.7399,117.057,-1.8201,131.931,-79.6123,109.959,96.7303,73.454,51.0611,-178.017,-3.58899,-223.141,41.4652,
	layer
		node 107.912,17.8748,-16.7821,-26.9868,-73.2447,-41.9059,
endPlayer
