// Player8
stat 7
	layer
		node -11.8367,-39.9331,89.3232,3.69929,-15.7584,9.44411,-101.449,-107.434,147.703,-61.2634,11.1385,19.1638,-71.3258,-71.393,-108.753,72.8087,-7.39855,-30.0769,-77.4179,-43.9967,-82.4031,21.6411,-77.4333,-1.1449,131.741,-28.3472,
		node -84.925,-42.0351,8.70964,-109.186,-0.703169,148.173,-12.369,68.6688,123.672,94.5439,8.96726,55.0268,-45.9851,-42.2123,8.34776,-45.5242,2.38712,49.6425,-25.8663,-74.8398,-53.6478,30.3603,-45.7303,-27.5996,-30.8217,-80.2329,
		node 15.7709,-37.5209,113.36,53.4022,101.803,103.238,-176.713,39.4962,-69.8957,-2.90594,71.8076,58.8713,96.9011,-16.7672,85.4224,-73.0702,-85.8426,62.3263,-214.382,77.1603,-43.7756,-30.1271,-6.53136,-96.9068,-5.91758,-36.677,
		node 6.83557,-57.7776,-39.8592,73.5446,-202.505,-66.4811,37.1037,-49.8813,-86.9044,6.28214,-61.2028,120.072,-39.3963,12.8789,67.1852,5.40391,29.0225,46.1908,27.6824,14.7433,-94.2519,69.6912,-120.491,-118.455,67.1524,-32.7567,
		node 103.728,-69.3619,193.279,-103.328,5.76472,-65.7701,141.487,-220.693,154.887,-28.014,-76.5784,111.557,-30.5493,143.259,55.3891,-62.592,-19.7858,-83.1466,-97.7003,-79.9397,98.0509,14.562,173.46,-195.784,58.7486,55.3602,
		node 40.9773,-23.6097,40.8706,-117.035,43.0243,-31.0069,54.0325,-82.2273,-68.8733,-152.644,100.216,-103.286,-198.096,-113.771,-5.60428,64.4871,41.6566,-154.631,-58.3572,117.137,-18.2672,-201.858,-173.56,-67.4785,-6.97451,-109.552,
		node 69.9801,-63.2871,-49.0921,69.0749,76.8589,35.4371,-93.6711,-40.0301,207.329,13.4491,-142.529,28.4773,30.5817,57.1306,-49.5304,12.6292,65.4419,-40.4013,-87.7947,-176.671,-17.2767,45.5018,-6.79133,54.9761,9.45524,-29.9235,
		node -31.052,35.6921,42.1533,93.3793,9.93451,-36.3641,81.6236,86.9276,-37.0057,-18.4844,-91.9214,-49.7648,-12.4299,35.0474,-21.8132,13.3052,-21.4235,-70.0554,67.5941,119.801,-23.6779,20.9494,-135.764,-55.0521,67.5331,146.4,
		node 49.8459,-26.788,255.039,132.329,-44.4373,-25.1112,-92.1488,-73.7189,-39.1616,-77.1186,264.68,-67.7433,164.545,-183.333,52.6005,-33.8448,-108.837,-23.3489,-84.7581,110.428,101.714,72.5072,118.982,-12.4051,32.1931,-84.6359,
		node 28.4626,169.656,204.711,-93.4482,49.2562,-221.436,-21.2856,-18.2489,-229.216,5.9248,-46.4638,-45.4637,63.5993,8.08377,63.0211,-147.843,13.8344,27.5011,-58.9097,-94.9275,268.047,76.8476,66.0312,-74.9271,-37.5019,43.9335,
		node 14.5339,4.88797,85.6878,64.0159,37.2546,-83.7046,-35.1581,75.1854,81.9602,40.2282,-14.7212,-88.8772,-57.8013,59.0895,146.619,-171.31,-15.0941,7.58658,27.9907,-52.1515,-63.8325,59.9799,36.7743,163.17,11.9321,-66.2088,
		node 28.1723,-127.714,-163.733,-77.8776,-9.94399,215.314,-75.0516,-76.6826,-55.2333,146.637,40.5136,8.3536,-46.3331,2.97578,252.571,91.0248,167.235,-99.7987,-185.296,-14.269,-156.318,-238.261,-86.9302,-5.47788,-24.8603,-92.0265,
		node -6.67021,89.5877,-20.8318,-5.52984,-73.0563,-7.64621,-18.3724,-137.424,-128.983,-11.6393,-47.1264,-116.904,-104.128,11.9929,77.6858,28.4765,-28.2788,-22.7522,142.493,-13.6835,-24.9394,-103.334,-120.896,-98.1503,-85.7277,-38.1718,
		node -86.3493,16.3312,99.2884,20.4732,-11.6534,-86.0481,-48.7709,-2.62144,-29.1135,151.74,72.0465,48.7248,-27.2495,64.0319,40.1427,164.035,-105.96,39.6877,70.3341,-34.8708,2.5583,-10.1227,-53.4498,-50.1467,141.171,80.7445,
		node 22.6348,111.713,66.9612,101.022,-61.352,-30.8858,-0.903045,-44.4494,66.1772,-9.66726,40.3195,-34.1605,34.8021,-35.2344,-241.619,-71.7259,-138.223,-166.65,181.312,1.32544,-130.146,110.629,-121.285,-43.9861,116.375,83.5517,
		node -157.955,-9.78458,107.744,13.099,-46.9984,-29.4984,-4.19911,-109.967,-11.0295,7.50315,0.993866,66.0849,-50.8489,-217.419,-28.8825,69.9317,-213.66,-117.564,-44.9843,-67.8634,92.1872,-38.4593,182.575,251.265,34.6544,-25.6776,
		node -44.7403,66.9676,15.5696,87.8179,116.8,27.719,-44.4837,-16.6998,11.7144,-77.4775,-32.3326,-182.145,45.7007,-30.5943,-124.713,3.9283,-57.8208,59.6114,-88.8725,-198.642,-171.957,-15.799,119.309,-39.6604,-28.9041,97.8606,
		node -20.8285,-80.9531,-119.054,-184.203,97.5431,31.3242,-44.0234,-25.8047,18.2043,110.314,-17.263,90.0198,38.5614,-36.6544,-50.4526,-27.9589,22.784,-53.4462,100.347,44.9575,26.2733,-32.7658,-86.9806,-46.8869,-3.54593,6.0094,
		node 77.811,-45.4641,101.623,-50.2744,-4.09033,-7.86545,-31.8138,-105.528,-66.0039,53.6099,-66.6087,-153.54,-55.8241,-65.5124,-44.3876,-78.035,-25.6063,-17.1948,51.0662,-92.7935,2.69541,-37.111,90.9379,31.5891,-25.8007,-65.0563,
		node -116.813,-28.6555,7.18116,-74.4341,-47.8823,57.7516,-72.9552,76.7948,4.63,-77.1428,-86.5063,139.811,80.1924,21.5264,-135.902,99.8464,69.2159,119.654,39.25,-70.6096,-150.739,61.0007,-6.7348,-116.609,-23.596,-40.1127,
		node -126.821,5.06499,17.6499,-34.3273,-166.792,78.5204,1.23537,58.4337,-48.4451,-1.66134,-54.7489,-143.348,-84.0362,-10.9227,-32.7751,135.276,-24.1856,25.5459,-39.2531,-107.28,-131.617,-5.35281,-61.8601,-8.27114,205.692,62.7353,
		node 36.1659,-42.4313,23.6766,-19.9042,25.0815,-35.2158,120.01,-1.04126,118.796,-22.3838,-79.2534,-60.4719,-4.06489,9.02426,-49.5476,-142.577,-73.0998,-59.9436,-119.046,-19.1142,45.2368,-70.2233,38.6422,20.4234,-64.694,-167.067,
		node 114.748,95.4986,89.1107,40.5726,38.9616,-63.9976,-102.307,79.2494,-56.5845,129.534,-48.9457,57.2432,141.08,-63.3823,-67.2371,24.7999,30.8323,-8.70539,-224.229,157.702,31.4258,-71.8274,-133.989,-114.563,-83.4102,191.601,
		node 59.9052,-97.3705,-43.6832,-48.8606,-144.026,0.450666,93.5487,21.1064,15.6587,30.8621,69.356,99.6066,-57.6283,-58.6252,-124.913,-26.49,-126.43,-105.098,12.4153,-153.51,-95.7846,-52.5549,-10.6686,-66.3851,-96.5794,-14.9468,
		node -20.2186,-79.7715,-43.761,-90.1565,-44.1653,37.6687,-189.869,-17.2038,-108.965,124.813,-3.09415,-58.7712,-47.8638,31.0731,-185.84,105.009,88.045,80.2125,99.2755,162.622,-52.4711,-35.1827,102.937,73.7276,-29.5443,-55.1231,
	layer
		node 82.3799,53.2215,-42.5137,160.097,66.8013,-158.544,-87.6027,33.5491,-69.7203,66.8497,98.8123,-76.5755,-95.6129,-103.539,20.307,26.3785,-181.73,-65.432,122.406,-212.582,-111.173,-72.6991,10.5073,56.3201,-80.3067,108.931,
		node 4.21564,113.642,-180.668,-91.9459,69.0265,42.8926,-83.4166,-63.7088,19.1287,4.59374,-78.2784,-103.79,-7.73975,17.8368,-36.3544,-25.3486,10.764,-131.246,60.698,15.5046,-199.618,21.8742,-182.586,140.105,118.005,215.788,
		node -15.8166,30.0849,-67.6399,93.2144,-72.0752,-112.171,-6.50335,-16.8753,94.1349,121.603,9.99494,147.012,-32.5509,24.8704,-82.6603,-13.664,-11.0211,28.5724,25.548,-88.2927,-179.062,111.974,-42.4049,-78.208,-3.09646,54.8882,
		node -125.623,-86.4715,107.059,-5.19612,20.1825,0.189646,13.4152,94.3791,-47.8007,69.3753,-97.6287,31.2435,-125.125,186.824,-91.4143,1.34431,24.4267,71.575,-51.2379,139.012,37.3022,53.6262,-186.246,-176.195,-195.091,-63.1121,
		node -9.46392,-138.604,-11.3412,14.809,-43.0763,-38.1353,-68.9132,118.687,-82.8241,-112.421,-63.7323,111.69,-171.945,78.8108,17.3323,-132.695,-119.094,-85.3527,118.672,162.074,0.211597,153.993,3.44211,-94.3745,-226.715,39.0116,
	layer
		node 106.795,20.2559,-31.1659,-106.769,139.531,-94.0522,
endPlayer
