// Player83
stat 6
	layer
		node -28.7152,-161.951,84.1421,24.0768,-17.5988,-12.8034,-72.5726,-117.854,127.126,16.766,14.1913,19.6177,-65.0288,31.6814,-108.772,27.1165,-22.7427,139.435,-75.5795,-46.3584,-82.4128,46.2243,-81.8276,4.65108,121.736,-60.2285,
		node -86.691,-34.1188,20.8648,-112.499,-2.31701,174.435,6.29958,72.677,126.61,89.2514,27.5403,53.7729,-231.47,-60.2146,6.42504,-24.5504,-12.2867,51.169,-59.0989,-82.8212,-60.7039,22.8646,-44.2728,-21.8737,16.0286,-73.1039,
		node 20.4574,-42.6196,94.0105,-9.71132,80.0686,-2.83194,-153.502,131.898,-82.9827,-4.50991,71.5107,57.6223,84.3166,-9.24615,87.3853,-56.0446,-87.1491,63.3248,-218.616,85.279,-35.2328,-14.0799,-72.36,-103.672,-10.2314,-17.3526,
		node 14.8339,-52.3178,-94.64,79.7026,-202.983,-77.5316,18.5259,-31.1418,-51.6638,3.88753,-44.3325,99.1985,-26.8952,11.047,70.0685,25.8245,24.2932,44.2275,-148.906,102.067,-90.5864,92.5397,-130.633,-86.8497,26.4805,-29.1931,
		node -94.9297,-61.3309,182.205,-104.482,81.5578,-58.1538,0.531424,38.189,158.921,-66.7158,-51.1953,122.423,-41.5884,154.444,112.209,-83.6556,-8.01024,-102.1,2.28246,-64.2918,83.8193,-115.251,182.394,-202.245,65.5625,62.6979,
		node 29.1838,-35.4133,33.4398,-121.413,38.0987,-29.2977,77.9398,-77.8821,-146.259,-129.901,99.8066,-95.9564,-204.713,-16.014,0.556495,64.3799,66.6483,-162.266,-51.1284,127.73,-30.0695,66.1699,-167.464,-98.7235,54.1614,-111.249,
		node 73.4427,-68.7935,-41.4658,77.1222,65.521,33.7534,-19.0757,-40.59,215.927,19.9686,-37.8755,85.7053,-150.482,-73.527,-51.4577,25.3954,73.2685,-11.6035,-89.0762,-166.316,79.2531,103.287,-3.92215,51.7892,7.56957,-5.61717,
		node -9.40801,37.9231,36.1153,125.367,12.0306,-53.1645,78.4142,110.286,-26.0712,-8.45663,-89.9971,-66.1564,9.99377,12.1492,-21.9493,11.9699,-26.515,-74.2357,54.273,-28.2731,-11.9292,1.7618,-139.916,-44.7949,-92.4598,139.081,
		node 51.563,-33.6337,-63.1786,143.569,-48.8474,-21.16,-90.8345,-70.4364,-57.0819,-49.2724,273.944,-53.374,155.25,-178.72,62.4347,-44.4234,-106.298,-12.6059,-90.8712,119.336,111.741,-108.949,115.472,-15.8787,-2.26614,73.7794,
		node 23.2011,176.264,73.3228,-43.9455,-66.9445,-205.727,-21.9575,-16.1697,-231.193,-45.4818,-40.471,-20.6876,66.5464,7.3837,52.0457,-147.712,16.2636,37.3659,-36.5231,-90.2806,-10.6179,96.925,73.1841,17.4422,128.487,50.6732,
		node 29.1715,1.37439,95.0631,81.8471,34.8576,-81.002,-45.7828,81.7627,-152.581,-30.1515,-19.9991,-105.394,-46.8535,67.6304,152.92,-170.214,-38.1271,7.26186,-97.8022,-77.5997,-57.7733,64.6523,29.9198,148.344,28.4194,-87.1791,
		node 27.6435,-121.335,55.9289,-72.8799,-9.69323,-29.9659,-69.4942,-83.5848,-78.1261,140.982,34.697,7.0976,-33.0084,-4.43456,262.321,90.911,165.863,106.201,-1.60892,-24.4073,-152.829,-208.099,34.0184,-8.49159,-28.1265,-89.24,
		node -9.50872,76.3884,-76.2911,-45.4491,-72.1201,80.7243,-6.21327,-156.789,-145.222,-37.197,-50.1495,-122.71,-90.8326,-2.14547,51.7572,6.35158,-51.0583,-20.5632,-124.395,-5.0748,-32.3806,-95.9578,-120.642,-98.7284,-78.3257,-40.4287,
		node -76.4749,29.7297,59.4244,22.1466,-5.12152,-17.9122,-35.352,31.2745,-62.6783,157.421,84.9863,81.3855,-22.8803,50.5962,43.6969,162.63,-73.8091,50.6064,55.2316,-22.8636,-8.5557,-21.1908,-41.1124,-53.7975,138.091,85.3168,
		node 3.34501,120.07,57.043,-128.733,-63.0283,-29.5367,-2.04725,-37.688,66.6957,-63.8331,38.0416,-4.58712,27.8805,76.7835,-242.13,-79.2831,-133.663,-62.259,174.292,-7.62188,-118.374,98.7535,-136.266,-29.5149,111.577,88.9959,
		node -174.163,-21.7679,92.4768,17.0277,-46.9403,7.20751,164.138,-111.752,-15.2263,61.9542,-3.187,61.6781,-71.8877,-201.158,-23.0108,85.8108,-213.57,-119.65,-24.5598,-66.1524,83.9979,-41.6788,165.371,12.3867,35.539,-20.4171,
		node -52.2953,72.3694,56.3791,88.9279,115.301,-29.4824,-33.4331,-36.7753,192.053,-80.7699,-37.7483,-173.398,62.2568,-34.1904,-130.404,20.0203,-46.3597,87.4683,-70.9997,-227.497,-182.38,-18.5786,-70.546,-42.9242,-29.3751,211.322,
		node -43.6762,-88.6144,-107.394,-223.996,97.9214,22.4014,152.495,-33.421,61.318,197.151,-32.3612,85.4552,32.48,-47.9128,-40.1386,-24.9613,-0.722531,-56.5143,-38.0213,31.1823,-0.868375,-4.77168,-71.9499,-110.65,-16.2188,-59.621,
		node 38.4859,-51.0844,140.471,-27.0553,-122.772,-12.4157,-15.1543,-101.833,-64.3643,-167.711,-83.8114,-135.693,-54.0279,-71.9224,-33.6961,82.839,-37.5122,-26.3213,47.971,-104.902,7.76326,-34.1665,85.8916,25.5902,-21.9893,-75.5078,
		node -114.767,-18.8931,3.05573,25.745,-38.1912,155.263,-61.5198,-30.7167,7.25119,21.1551,-84.6228,183.431,75.1724,-0.245609,-110.678,95.9545,70.3683,122.378,38.5532,82.6762,-51.9878,59.5686,-12.6352,-128.963,-14.8745,-36.2795,
		node -119.669,-0.832481,14.6758,-49.317,-137.534,115.338,-32.5458,20.8691,-82.1844,-1.86505,-46.4073,-40.9289,-70.5509,-16.977,-31.8375,143.348,137.077,27.6348,-25.8871,-101.979,-100.907,50.1513,-65.9433,-6.03519,205.805,80.2087,
		node 35.7796,117.69,26.9225,-26.3137,13.4305,-77.7952,126.91,128.075,136.227,-43.2897,-64.7616,-55.0214,-30.3085,16.8759,-60.2691,-163.942,-59.3487,-68.3674,-84.7762,-40.7282,39.6813,122.066,40.0172,0.777798,-68.9862,-188.524,
		node 77.7517,88.7498,96.7012,-68.0986,79.4469,-56.4407,27.284,-89.7148,-37.3123,126.984,-89.8464,67.5949,140.016,-66.4397,-80.6788,40.712,44.9231,59.5179,-209.328,141.858,28.5848,-91.5508,-113.766,-116.418,-75.9675,198.549,
		node 58.4079,52.5971,-71.7032,-53.1469,-76.3401,-16.2436,92.9156,185.037,15.4245,14.9019,66.8688,92.5105,-62.5056,4.80723,-68.9163,-25.5064,-144.38,25.0005,11.1255,-153.535,-118.976,-62.251,-24.3421,47.5485,-16.9378,3.31587,
		node 104.254,-89.6344,-46.7525,-88.4057,-37.3099,51.5531,-189.992,-29.0092,112.89,108.059,4.46294,-82.4444,-143.525,58.7435,-181.839,114.152,-123.925,87.8148,100.525,182.711,-59.6642,-56.2066,98.7545,57.915,-29.8017,-62.6949,
	layer
		node 87.0571,51.0817,-106.068,164.702,74.3004,-163.183,-15.5701,-52.1817,-70.4516,-3.05467,118.569,-167.734,144.415,184.537,1.51502,-178.942,40.4619,-56.8982,-90.7314,-220.012,-65.3885,-131.123,-9.37271,56.5215,-59.4697,118.714,
		node -9.97319,102.689,118.45,-24.6054,62.8957,34.2932,81.8188,6.50719,20.0058,186.605,-43.2494,-108.094,-13.3517,33.5205,-44.607,-29.0861,-152.741,47.297,64.269,-126.008,-222.818,-201.738,-182.382,135.843,113.361,-9.03818,
		node -22.8965,-125.635,-65.2479,8.66669,30.5351,-86.098,30.0987,108.153,100.088,109.213,14.5961,-46.0136,-84.183,15.2039,-90.992,127.673,-15.4211,131.593,17.6914,-64.3906,-36.8826,-126.66,-56.2125,-55.387,-47.4604,-89.8828,
		node -117.629,-85.1878,-198.426,-105.367,-38.8114,-64.0858,14.199,92.7022,-69.5743,34.3317,-91.5101,14.4763,-198.728,-107.037,-15.8538,-125.121,37.4569,62.0647,-61.9269,36.0209,-211.291,64.4465,39.9549,-141.214,-195.695,-191.999,
		node -43.3816,-122.295,-150.038,-5.27064,-18.8718,-45.9918,-82.4639,110.87,-70.2755,171.221,-66.9291,98.2569,55.2163,30.336,18.8404,-85.9892,-129.21,-89.0896,115.684,171.457,88.7071,147.563,48.5431,-187.674,-230.828,47.5097,
	layer
		node 33.5987,13.7418,-50.8879,-53.5297,-49.1827,18.5279,
endPlayer
