// Player9
stat 4
	layer
		node 73.2853,-203.361,7.64867,-65.4079,314.55,64.9325,-3.86905,46.9721,203.649,216.608,12.8238,-40.6643,14.5891,-33.9138,122.642,85.4919,184.789,-11.1931,-14.5101,159.243,-23.9791,51.6336,-99.8548,-5.17533,44.5778,-107.853,
		node 46.8634,24.3395,68.4225,65.2679,-47.4906,-25.9368,72.5529,-131.294,-106.3,61.1181,98.7023,90.345,-198.74,-167.277,-105.11,-2.78632,-89.272,-45.1463,-139.444,-65.2987,9.21785,26.4051,189.384,19.6177,66.6634,-142.991,
		node -60.9696,-98.7095,-33.2491,-232.599,-141.722,20.5157,-47.0695,-11.5898,-17.8113,124.808,12.8153,-107.436,-66.2151,-18.4465,124.623,9.54915,-13.2506,21.476,-184.084,170.035,107.89,139.181,-91.2006,-53.4428,76.1665,-115.153,
		node -91.0154,79.0598,-69.38,-167.396,104.338,120.689,59.7475,58.0009,13.0561,108.582,-136.757,-50.994,59.7063,-8.97401,99.9356,5.19118,26.0261,23.1934,-62.7616,47.2814,-101.042,16.1122,56.2221,-103.761,-67.2989,-135.812,
		node -31.193,56.2404,79.6994,-71.3059,-65.7157,-180.668,-21.0175,40.2689,121.028,-26.3884,121.089,-33.7857,-41.0507,13.5577,52.5251,57.4973,-85.9776,26.8267,127.626,-130.294,58.4429,26.7305,105.728,81.0112,195.28,124.308,
	layer
		node 29.9914,125.727,-5.38696,-130.208,114.764,-222.476,
endPlayer
