// Player51
stat 5
	layer
		node 72.7832,-214.906,14.5509,-60.9004,294.078,39.85,-6.17673,42.1499,190.107,200.434,19.6052,-39.1061,25.5716,-34.0156,116.923,88.4245,174.271,-13.4591,-17.651,130.546,-25.7391,75.8055,-88.2555,-5.7804,35.7937,-98.5437,
		node 39.134,13.3184,43.5557,55.2065,-40.5026,-32.2035,81.058,-127.364,-102.466,38.7732,95.1624,104.692,-176.634,-163.552,-93.2099,-13.6437,-28.8827,-18.9679,-132.157,-80.5478,-22.7573,33.6701,167.413,26.9375,62.9454,-144.398,
		node -60.0905,-94.6206,-39.1225,-219.791,-123.247,7.86675,-39.5802,-7.4676,11.1724,108.989,36.9317,-109.561,-62.7037,-4.66418,121.242,20.8332,-5.7755,71.6817,-181.533,168.865,119.693,145.726,-77.0273,-56.8704,65.2091,-112.283,
		node -70.6659,77.9686,-66.5578,-164.969,113.673,130.06,60.8509,45.3535,17.9078,108.518,-166.616,-52.4215,69.186,-2.15702,115.967,-16.3784,21.6037,32.936,-69.7578,38.2928,-61.6348,15.6467,62.2565,-99.0207,-54.689,-139.445,
		node -30.7809,41.6649,61.5914,-63.6238,-90.4762,-192.349,20.1861,33.5776,122.189,-25.9502,115.194,-65.9504,-48.0032,23.4733,53.1352,20.4489,-107.451,13.5888,117.977,-168.32,29.2439,1.06764,132.145,75.8011,174.835,114.28,
	layer
		node 41.6388,95.3793,-5.24098,-130.065,167.985,-191.749,
endPlayer
