// Player37
stat 5
	layer
		node 12.9509,-190.144,8.34701,-54.6411,318.559,48.0508,-8.48156,61.4863,206.871,194.049,24.1329,-32.7107,17.398,-52.1159,112.646,89.1397,172.325,-8.13853,-18.5623,122.96,-25.0903,62.6878,-98.2691,-7.16968,32.3494,-130.331,
		node 41.8444,11.0277,37.7976,60.0064,-37.5113,-22.0839,58.3202,-130.582,-103.927,36.2944,86.1576,98.8417,-193.516,-186.884,-95.1853,-20.4232,-39.5439,-26.9693,-135.611,-100.76,-28.9098,37.3095,159.139,24.1814,59.3606,-134.228,
		node -45.9908,-108.2,-12.0056,-211.122,-144.934,6.72545,-30.1129,-14.3171,-21.5528,123.424,19.4322,-135.936,-68.5157,-19.5169,162.202,19.2409,-5.84724,32.3177,-166.955,178.906,115.407,155.849,-114.759,-45.3421,56.3701,-105.728,
		node -91.6095,77.7868,-72.925,-168.173,107.458,115.975,95.4352,56.2611,-6.58407,98.5569,-142.189,-60.1304,61.1674,-20.5985,89.5968,6.84301,19.4139,29.8377,-63.2385,41.134,-80.7086,5.30033,54.4636,-88.0037,-75.8136,-120.564,
		node -37.2817,56.6957,69.3911,-59.6563,-82.5888,-186.722,-16.0213,8.70697,119.899,-35.1319,120.52,-9.80357,-68.6956,24.7915,47.6489,22.5799,-112.579,27.2008,137.738,-133.362,40.2954,33.5987,128.864,84.1582,186.58,106.836,
	layer
		node 53.0313,89.529,1.4847,-125.469,111.428,-225.248,
endPlayer
