// Player14
stat 6
	layer
		node 71.2074,-213.652,2.77627,-66.5583,323.108,53.6004,-6.96637,42.4463,207.221,195.927,-5.75477,-32.2737,18.2409,-45.1881,119.029,75.2461,168.38,-6.33429,-14.4713,155.24,-21.5754,83.59,-88.9448,-7.21119,25.1326,-98.7808,
		node 40.0799,18.4455,77.9008,65.5963,-46.751,-40.7514,58.9183,-132.43,-104.863,34.4793,88.5337,79.0694,-173.185,-151.399,-90.8212,7.52213,-25.5178,-22.9913,-139.296,-67.7453,-2.61968,27.7398,180.534,18.6259,70.9602,-143.727,
		node -87.6529,-125.755,-21.6978,-223.228,-138.525,9.55261,-20.8023,-12.2374,1.29571,108.026,24.0718,-110.287,-68.9405,-22.4046,125.626,12.5307,0.267709,85.0536,-164.016,177.087,104.247,142.411,-121.837,-64.6148,61.3195,-91.1748,
		node -103.472,75.4081,-67.2053,-163.363,95.6915,146.834,60.0161,42.9658,14.5765,118.072,-173.582,-65.3632,80.4225,-15.2883,112.911,0.0705293,27.5579,34.6891,-64.9413,59.7494,-93.2163,15.7316,70.913,-122.579,-83.5016,-117.511,
		node -40.6738,28.4437,78.2098,-58.5828,-84.0681,-168.578,-17.5744,24.7775,118.339,-36.5381,132.81,-63.1194,-66.9953,24.5288,50.6292,53.5822,-115.7,27.7715,123.188,-155.869,27.8846,18.2313,131.8,71.5418,173.469,100.15,
	layer
		node 32.5092,95.3909,-35.5797,-140.47,164.539,-205.88,
endPlayer
