// Player93
stat 3
	layer
		node -78.0462,54.9003,-40.5077,66.4264,2.23275,18.5977,-66.9628,4.89452,92.7024,40.8279,20.0312,-161.136,7.44859,17.8102,46.1331,-210.379,56.0542,41.2193,6.65768,-126.792,29.8713,-71.4309,-10.3107,21.2384,43.4528,5.81822,
		node 22.9096,-133.741,-0.625974,3.64807,-124.883,2.06036,-197.145,30.7987,-33.116,-12.0676,-34.4783,-183.39,41.0455,-140.599,-169.408,-127.62,-140.616,-137.883,37.1043,-0.270354,-78.5222,-151.083,-168.212,1.32837,52.4915,-16.2153,
		node -47.3647,59.0298,0.842611,20.9618,81.2343,-38.3478,6.31785,-84.2883,43.3777,-22.2005,-181.804,-65.8155,4.10614,16.0139,-32.8211,-20.2399,125.69,-90.1102,2.81992,48.6365,-90.0625,-124.097,-95.0884,-16.154,-47.8252,17.4498,
		node 14.8114,-113.193,10.0473,-19.5759,-101.287,62.8066,-10.6294,-80.908,18.8246,3.93651,58.5404,-108.268,20.2372,-214.171,71.0933,21.1607,-40.0037,-82.2803,33.7452,44.8058,-14.8365,44.7676,-143.489,-3.13405,-131.214,-54.4922,
		node 3.44808,-13.9563,-167.02,32.2098,57.9702,51.6785,48.5328,11.3382,-183.499,24.3904,-43.2791,73.7637,9.18796,6.26239,-11.2441,70.0204,-112.733,-108.127,-59.6417,-48.862,-11.3228,72.8415,36.216,-4.42301,-80.5707,28.8778,
	layer
		node -20.7398,0.535836,-45.1963,-185.675,-121.46,11.9229,
endPlayer
