// Player6
stat 6
	layer
		node 37.286,57.0437,-40.9114,59.4176,11.28,8.2211,12.9808,-33.0787,42.1441,43.2526,3.09809,-141.414,-28.348,-24.5776,47.522,-189.51,-105.058,0.703317,-121.737,14.074,45.3462,4.09025,-1.11392,-81.5381,40.1765,-90.7335,
		node 33.9865,34.1189,-3.0968,-120.851,-124.576,17.1111,-88.0868,-71.1359,53.1732,-18.033,-34.2358,-101.739,22.2894,-104.024,26.7683,72.8162,-170.057,29.2123,-139.069,-46.7123,-86.9129,-1.61938,-89.435,-2.27251,19.2476,-14.5558,
		node -133.807,-114.941,7.22383,21.9063,43.7996,-27.4274,7.17716,-15.6543,-17.3396,-146.769,40.3487,-144.063,39.0453,9.98283,-53.5776,26.3934,-126.411,11.6003,-94.6718,-104.89,-99.2841,-126.223,44.5266,-13.71,25.2406,15.5768,
		node 84.6841,-152.422,-22.092,-13.0786,20.3999,60.6111,28.2837,-3.78651,17.526,57.8254,56.0368,58.8657,67.7641,52.892,-2.93541,20.5516,24.7784,39.6506,-123.131,-70.8131,-5.57492,41.0373,-154.686,-95.8157,-9.99034,54.1438,
		node -6.02793,-10.4284,-34.5565,35.376,79.269,41.0927,-28.5748,20.1148,3.51921,-10.3409,36.4356,-160.686,23.5075,-12.126,35.7837,69.7173,37.8434,38.3833,-98.2213,29.7381,-7.71568,-22.909,36.3902,-12.4768,-133.33,-74.5911,
	layer
		node 28.3926,-101.338,19.1253,-172.724,30.4988,-100.433,
endPlayer
