// Player2
stat 5
	layer
		node 35.994,-145.431,-36.7823,65.4417,-5.98889,-14.6652,-212.971,57.0598,66.6106,30.9836,21.202,-165.695,-9.32833,15.6021,71.7159,-211.012,74.8067,105.457,3.88918,86.532,28.9727,2.812,-36.752,48.3334,-80.5825,4.2159,
		node 23.5333,40.657,5.94906,5.9786,-76.3256,18.5865,-198.962,41.8629,59.5887,-89.3039,-82.0069,-182.849,42.3766,-38.4579,-7.43987,-124.219,-150.422,-139.965,-11.9077,-77.8233,-76.1211,50.7938,-103.478,3.54415,52.7971,-18.8701,
		node -50.0354,-119.074,43.8832,2.21793,-56.4532,77.5464,-6.53477,-86.8585,-22.9668,-27.5142,-161.386,-65.3723,4.33958,-0.718739,-30.9405,74.3682,124.429,15.6315,-103.022,49.7797,-3.38529,-124.345,-90.3669,-21.0177,-47.7069,29.5354,
		node 77.9841,2.31496,43.6826,-20.1794,-103.902,65.1439,-153.786,-81.0189,18.2923,66.4858,51.8531,-89.163,-34.5274,-213.199,58.6422,19.9552,20.3014,28.8798,34.2797,38.7395,54.6059,47.3992,14.9664,-1.32494,-131.881,-50.1621,
		node 7.38986,-8.72111,-168.983,25.849,7.61643,50.8292,47.8461,7.23542,-181.943,23.0301,-40.1045,19.1648,8.32922,70.3933,-9.20021,51.0183,-108.747,-109.896,2.7635,-37.455,-7.5888,56.5011,28.5225,-5.76305,10.2027,-25.3176,
	layer
		node 69.7134,-0.589925,-47.6977,49.7695,-10.8475,-83.4317,
endPlayer
