// Player77
stat 9
	layer
		node 2.91485,35.4263,102.222,33.9277,2.5089,61.2561,220.864,76.1285,-78.9348,-41.955,73.7866,21.8651,53.595,-72.7115,-35.2584,38.0065,-8.10379,87.5693,-56.1149,179.73,111.025,-17.5366,114.064,-14.2649,-13.907,52.6813,
		node 63.1223,-11.1129,-17.232,79.7175,151.098,42.5621,148.035,-22.1461,-40.0419,163.066,79.9777,-75.2929,-66.0955,96.2415,-6.11773,88.3889,-122.251,54.2891,115.874,-116.01,38.117,73.8309,-84.551,-50.6129,-4.03087,10.4561,
		node -69.3529,78.8275,13.544,-23.0201,-50.114,81.1695,44.5633,-53.5464,11.5529,-36.5662,-31.633,55.8578,-59.886,158.841,11.0054,-3.99224,15.1473,34.1603,-25.9694,-108.878,-15.8783,77.8933,-102.123,-122.652,-47.1479,-9.63688,
		node 94.4247,48.1127,25.3516,57.4394,109.388,124.783,23.8822,130.585,22.3707,-5.71622,61.5115,-94.2514,108.032,12.4933,-42.7494,86.5595,60.5494,-119.016,112.288,50.7133,-49.816,90.7765,-100.256,-48.7527,-20.6589,108.058,
		node -61.7577,47.9004,1.79279,-200.548,-55.0115,-33.6061,-129.78,-56.7659,-2.37423,49.232,-74.4232,2.40047,-11.6421,54.8451,-11.4796,-83.0308,54.0455,1.42214,37.1011,65.7502,-23.0955,42.3098,41.022,-31.2212,141.025,-60.3977,
	layer
		node 148.081,-38.7122,52.1277,55.3359,99.6272,-83.6362,
endPlayer
