// Player64
stat 5
	layer
		node 213.105,114.865,161.747,163.801,69.7564,123.341,106.001,11.541,28.8658,-7.97705,97.6049,1.23736,107.101,49.9038,70.9803,35.8068,120.755,178.633,-39.6064,-49.9252,-50.4723,97.2833,98.9538,-65.8872,25.3858,4.07215,
		node 26.6854,109.803,-48.093,102.968,177.813,28.3256,-5.9167,84.7668,108.256,-108.163,100.459,-67.9401,162.53,300.796,-92.8547,200.02,164.472,65.1869,28.19,192.965,82.3916,111.115,64.5302,225.642,131.319,119.66,
		node 80.2976,-30.4171,24.8237,137.108,204.624,-53.7565,155.28,34.6542,49.0038,109.561,156.963,-4.85214,95.5065,193.97,15.0391,119.651,86.303,130.448,74.2626,142.916,201.174,101.621,18.9521,-37.3318,-16.2198,14.3242,
		node 20.689,207.55,20.5366,110.144,10.6738,76.1452,68.5641,-51.8672,28.9291,153.704,143.378,96.6961,102.733,3.5156,14.6287,278.345,9.23498,24.9401,82.5726,-61.7039,93.7505,-15.115,171.476,172.949,37.3403,-38.8851,
		node 95.0281,39.882,-4.3581,132.271,99.3755,165.36,114.006,53.1043,26.8972,153.772,56.6972,154.217,132.471,85.5219,28.2258,0.792925,78.8815,118.684,-4.71774,174.174,9.15469,4.70001,24.8559,56.6506,174.572,153.662,
	layer
		node 186.004,228.993,17.5371,124.159,148.889,-65.485,
endPlayer
