// Player88
stat 9
	layer
		node 31.9277,4.49074,49.8703,163.634,8.52768,-210.031,-159.483,0.770193,-8.59331,10.8511,170.316,187.445,192.161,114.996,-33.7977,44.4305,170.453,174.983,-7.2935,-46.0177,-22.6,79.8556,20.7298,194.627,93.531,40.4076,
		node 14.137,-33.8724,10.7608,24.7096,-140.945,168.859,163.268,192.856,117.182,128.59,167.065,-2.42404,-11.7475,3.43021,28.3309,150.604,184.611,73.8231,94.6201,12.3283,152.976,107.336,-171.526,232.353,42.0412,117.538,
		node 174.454,-20.5061,22.3817,6.05659,206.152,113.851,157.403,61.9812,-48.6686,-203.725,160.784,1.65238,-23.502,83.7632,-0.97431,28.2455,102.715,104.245,174.3,80.4522,103.032,5.88089,72.2187,64.2379,152.091,44.3892,
		node 137.465,-2.47793,135.458,149.061,12.056,71.512,16.1303,-48.9115,57.5336,60.0272,24.6467,16.7213,59.6518,55.1791,27.6001,6.37327,151.876,50.2293,20.428,-0.391876,159.603,142.136,15.6847,82.4167,20.2252,54.625,
		node 5.77796,-196.19,96.2098,113.579,-16.6605,-47.4806,1.49244,58.81,19.9745,138.793,187.97,137.198,43.8664,72.6357,34.2579,87.0201,68.4323,-36.0327,134.261,179.947,184.732,-2.52164,101.542,62.3084,105.802,150.073,
	layer
		node 8.44796,149.996,-155.447,96.2617,198.933,23.1403,
endPlayer
