// Player3
stat 5
	layer
		node -31.2226,-14.9082,-43.9242,-3.08086,-13.6487,-47.9321,-134.816,101.229,50.8507,-76.0827,14.2497,-44.7562,8.44412,82.2713,74.3428,-94.6637,-78.7981,4.62015,-150.983,0.847752,41.858,51.7631,-39.2033,-40.8164,7.74983,72.3572,
		node -144.924,-87.3004,6.81897,-152.752,-17.8846,-107.009,-154.471,79.0178,-80.4226,-170.599,-124.582,19.4107,64.1133,-14.7762,-99.4524,5.89141,-28.2345,-13.3321,93.1559,-207.638,84.0467,84.1937,111.391,-164.387,58.896,-20.6575,
		node 10.3638,19.1539,-157.098,-1.17986,-26.4266,-158.077,-105.105,-63.1148,-1.5972,-32.0934,56.6918,-112.575,-57.9463,-154.049,-2.00025,-143.933,-69.3761,-162.504,-151.698,63.5142,42.056,-139.438,-64.5462,-16.681,33.1798,-60.6304,
		node -32.7029,105.514,90.0841,-11.2157,-156.665,-62.3269,98.9922,-159.371,-32.7845,-9.36617,75.7939,-7.97206,-30.2072,48.6535,79.0719,-16.9603,-51.4145,32.8378,43.3708,57.6116,88.8443,-16.0408,-121.761,-130.067,-68.7018,-26.7988,
		node -116.368,-52.3471,-132.954,-103.381,88.1037,-65.8852,-142.707,87.6556,-63.0438,3.91432,-152.532,-36.0571,-24.8663,82.694,129.617,4.75919,-72.898,-162.295,-159.374,-69.5518,-14.7759,-63.8036,43.6682,-24.2657,-38.2403,-21.4634,
	layer
		node -4.06709,-9.07407,-135.279,-74.1538,51.2487,-68.9807,
endPlayer
