// Player2
stat 5
	layer
		node 19.2344,-138.197,-165.799,67.4506,-52.3694,-177.647,-141.715,98.9481,-29.7853,7.45181,-146.701,69.6888,66.7991,-101.141,-164.552,142.907,44.2718,25.8297,-24.6601,-78.2375,-85.663,-200.642,-75.2809,100.22,54.2065,16.111,
		node 18.6882,27.7673,64.712,-87.5529,-146.874,37.7119,1.405,-14.4236,-60.8207,-87.8837,-195.642,-69.652,-137.544,-33.1072,0.144716,-107.293,1.83419,132.579,-70.8943,-2.29994,27.9869,-17.8459,-93.9055,-116.872,67.3422,-176.998,
		node 50.7146,-89.3547,19.0443,4.31379,-147.875,80.1721,-207.812,-63.0617,-143.563,-82.9713,-97.4264,6.46837,-54.9522,-181.396,1.73262,-69.0096,34.9125,-150.261,-29.0181,9.75809,107.613,46.4534,12.6009,121.849,17.6633,-102.271,
		node -33.4695,-161.961,44.0256,-34.9816,-58.0281,59.7271,-24.8077,-22.3634,101.512,-61.6029,64.9526,19.5389,-161.57,-111.197,68.5877,81.6235,-141.581,101.153,4.13742,45.5294,-177.029,-172.596,51.504,-173.811,-16.4826,11.4457,
		node 109.253,-26.8765,-166.497,-41.9334,-111.536,-100.787,12.0191,-45.32,35.799,-11.7607,111.78,90.7855,-151.762,11.5355,-103.652,-17.6888,34.7997,-191.458,-17.5852,-61.2053,-23.9769,37.0598,38.5079,4.78315,-172.773,34.9388,
	layer
		node -90.9839,8.26913,-174.326,39.5779,-137.504,40.9009,
endPlayer
