// Player15
stat 6
	layer
		node -26.4225,151.113,39.3457,180.649,-11.1126,16.6361,8.3966,-6.07978,215.422,1.04224,25.192,19.6894,-47.4756,36.4756,-12.4771,164.103,12.6393,-11.8922,209.42,245.176,9.96402,-0.642828,225.295,-118.885,19.9115,264.079,
		node 134.601,3.78668,-27.0307,270.92,23.3903,-58.7062,46.2032,-35.5752,197.35,65.4373,-37.192,-25.6712,34.4335,23.9446,237.088,-13.052,24.87,-131.511,-56.8199,-42.4749,-119.235,51.9473,49.539,48.9577,-38.1493,-107.22,
		node -63.4913,211.07,-23.4844,50.2741,0.845535,41.6801,-104.954,270.627,-2.52024,-27.4179,201.145,-82.2894,53.1868,-38.8388,51.7638,-68.0917,-37.2956,-70.3457,-33.3932,-7.73185,45.0733,5.82306,211.992,-67.305,21.5158,12.3124,
		node 189.74,14.7899,-81.5756,21.8253,91.4894,268.994,-7.09468,-107.28,148.585,-86.8378,-56.3929,208.703,192.242,-47.6977,43.5594,-55.3788,177.95,-20.6999,-103.368,222.447,24.0559,219.038,13.1845,229.985,-31.9576,7.35142,
		node 183.43,72.3346,-49.7381,57.0854,30.5267,76.8982,318.407,138.158,284.756,213.663,-76.1762,-32.1936,-29.1291,264.62,40.1194,-41.9922,169.689,161.731,-108.305,107.138,-30.4821,238.385,37.7202,-178.128,-173.958,42.6085,
	layer
		node 41.1683,215.44,72.1036,-41.3865,6.86921,-14.097,
endPlayer
