// Player64
stat 6
	layer
		node 291.625,18.8672,187.518,28.9759,-39.7084,-63.5528,-14.2583,1.39073,-30.0211,-3.07036,44.6212,-61.2508,62.8713,43.0183,23.0679,-13.7171,142.408,36.4167,-6.3912,36.1215,268.758,1.91006,1.80257,49.76,-24.5673,255.021,
		node 137.996,2.59049,-163.639,-124.771,278.953,-27.5931,212.921,211.454,48.5988,140.358,-102.873,37.7618,32.4089,156.715,189.115,-12.5035,-4.42602,162.394,178.556,-35.7702,-32.5324,4.65188,48.581,110.243,246.989,-56.2554,
		node -17.4316,216.718,193.936,4.95027,6.17717,17.2714,226.733,-12.9928,26.2116,-55.5938,-53.4055,-88.1697,-79.6295,-39.6712,19.2082,16.3253,-47.5925,39.7851,-41.527,295.429,43.0699,-173.734,9.52394,50.1871,-68.1895,3.07963,
		node 209.551,5.7598,-28.1602,-12.0264,224.381,128.053,-1.68696,-111.867,241.041,158.693,-86.5557,216.589,18.8009,157.998,15.583,-70.0457,219.474,4.47895,-55.6549,61.734,20.5061,-1.11627,17.4405,243.804,-98.3144,34.9861,
		node 184.676,82.3445,148.468,14.8229,-5.45581,-94.5317,241.515,165.646,-43.9354,-38.3869,214.89,133.84,-29.8313,-52.1705,-53.233,7.38322,-11.997,162.8,23.4114,-107.717,45.2826,-137.659,17.3195,256.71,-95.2375,203.708,
	layer
		node 21.9357,206.519,142.848,31.5642,-30.3709,-55.2481,
endPlayer
