// Player9
stat 7
	layer
		node -17.8069,38.3108,101.467,-87.0476,-13.6449,-135.161,-185.788,101.164,58.4875,3.87338,-2.74383,-63.5422,-12.6369,-45.2055,-52.5974,-101.319,134.887,18.9868,109.294,171.557,17.6426,-8.41616,46.4723,114.698,-142.916,24.7831,
		node -45.9428,-217.584,-21.37,-82.8435,5.68653,65.1961,-90.8147,-25.5182,-177.765,-97.6561,-119.738,-25.9539,-198.017,-98.0122,68.6293,107.543,-91.4724,17.9397,24.744,60.1163,-76.549,115.684,27.5767,-80.4518,-27.1195,-4.73924,
		node -28.6999,36.6668,93.4946,21.4685,-18.3388,39.0523,-217.383,-8.45431,13.3149,1.17455,157.061,18.3314,-183.238,-9.13492,17.7858,-78.9957,93.4489,141.999,0.645768,-12.1172,83.0211,-1.44032,39.1778,115.1,89.4461,127.154,
		node 18.535,124.793,-11.6579,-7.64154,-0.776392,3.66376,95.1401,61.6222,125.322,54.4663,4.38547,84.4249,80.4272,-91.09,117.451,38.6161,69.4854,-102.788,-22.379,103.744,32.1665,103.239,155.105,29.9529,105.538,-140.657,
		node -8.28421,-17.2268,-12.4432,-14.9503,-132.72,128.789,41.4685,-13.1711,19.1901,86.8587,-12.4155,94.5168,8.50656,-25.9002,71.7656,39.936,110.227,-18.5185,53.6952,22.5265,-88.1094,-66.7365,-50.4699,158.937,96.2067,91.1191,
		node 96.6631,158.492,-2.55544,-23.1901,135.097,1.02621,-205.479,47.099,-23.8127,27.0861,23.3684,-31.2468,35.8615,47.607,73.0142,-17.3704,-108.146,-9.41142,-2.30706,-24.5447,-8.17047,49.6478,-34.801,70.7131,43.7463,54.5651,
		node 83.5561,95.3239,23.1106,53.2361,8.25669,-134.32,0.0591836,-30.503,-12.5677,-58.4137,123.224,45.2219,59.3391,-14.9155,-93.4063,117.937,66.0788,6.82147,68.8532,36.4876,121.977,12.0987,60.5201,70.1002,-162.02,-87.0014,
		node 113.379,76.8527,75.2519,-72.8331,145.975,66.7509,16.3937,5.48555,27.9251,-166.04,26.283,-60.5012,6.28734,165.744,-46.1555,141.076,34.0885,-100.289,134.792,20.8915,34.2116,-22.059,-16.8861,53.708,-98.5249,10.2554,
		node 74.1055,-3.92419,77.4704,-110.957,18.9286,-75.9984,-23.5471,78.3345,-14.7987,101.419,26.3447,5.30915,-149.838,34.4194,-46.076,100.954,-1.09835,148.013,-64.2738,104.926,-63.675,18.9377,15.2294,-70.9294,-82.2494,71.3723,
		node 38.8938,20.3052,40.7554,-13.8787,38.806,90.1352,130.283,63.8251,24.8866,-54.0272,66.4686,67.5311,-16.6317,33.8081,127.659,-6.14461,93.6933,95.9264,12.0194,-64.3257,80.1414,33.9928,184.805,125.846,1.80615,4.01634,
	layer
		node 72.443,55.0061,83.9421,39.4837,95.0402,126.36,104.67,190.126,159.184,108.996,74.8986,
		node 15.6582,-91.0269,119.524,-12.5541,-43.7305,-154.648,-13.2291,165.898,94.4412,66.8406,-5.26279,
		node -75.8127,73.3922,32.2053,61.1919,6.08899,67.1057,-62.3027,4.30005,64.8019,29.1608,16.4545,
		node 104.332,-20.0147,42.9625,88.1141,60.8835,-9.64028,-58.1128,-5.54061,17.8654,125.543,101.145,
		node 26.5624,34.8897,31.6115,-22.3263,-48.1176,-30.6919,-41.756,43.2585,-60.6705,-22.0948,-46.4092,
	layer
		node -126.268,69.4079,-28.5992,30.7003,-13.7165,24.1357,
endPlayer
