// Player10
stat 6
	layer
		node -93.5636,-95.8343,-23.2051,33.4659,44.9394,59.1324,130.45,27.6476,-97.7942,-158.188,92.123,-2.95589,-74.0912,40.2565,23.9456,57.5901,62.54,88.7166,0.395619,-85.2,-89.0432,11.482,63.8992,22.719,-36.7806,-4.85326,
		node -112.729,126.232,60.4252,-51.9697,-166.547,-85.96,-87.961,55.9219,-49.1802,-120.261,-49.5724,-69.5503,42.1845,22.9726,-39.9572,-73.51,6.56341,-97.2211,83.3436,12.7017,3.71533,-99.5941,-32.8907,-99.1499,-23.23,-66.6396,
		node 25.0496,-72.6204,-74.3878,-65.4896,-49.0513,-90.0935,80.4943,-39.2311,-82.2621,-35.571,56.1108,-9.47036,61.352,45.6456,-11.7477,60.627,7.9273,4.0359,-94.2552,-91.1957,79.7819,46.3967,-14.2503,78.661,-94.0552,-17.0825,
		node 38.4738,-115.852,48.3768,-64.1814,56.3306,-49.7694,45.6124,-61.915,-11.2893,-46.9182,-34.9374,-27.2672,-33.2005,20.0545,-164.86,-27.1057,17.549,-35.3263,79.5338,-23.5353,-106.072,-43.4045,-70.3528,16.3871,0.509218,-36.7817,
		node 56.4017,31.0653,82.6455,-60.8324,-61.938,-135.612,-87.883,-56.5009,12.1612,-98.3396,12.2134,60.1123,0.950312,-42.2595,41.3297,-30.6027,53.5093,1.61839,45.473,55.0568,-61.8528,-28.7778,68.3641,-89.4623,-56.8489,-18.424,
	layer
		node 1.9247,-85.5923,90.893,71.8204,-40.7194,41.8031,
endPlayer
