// Player13
stat 4
	layer
		node -134.836,-154.669,-89.4247,28.0087,15.1247,4.47223,-45.443,151.246,25.9824,-47.8602,21.8533,48.1258,41.6351,45.4796,109.482,-27.0739,95.2159,18.8261,76.48,58.8035,11.6469,-115.859,58.803,67.2701,48.8431,1.62081,
		node 134.52,46.1012,14.6468,104.618,15.7331,54.0562,72.227,36.8193,70.4753,29.7223,134.413,-40.3434,-8.73867,-159.922,-93.4868,54.0934,45.727,9.7918,69.0322,40.4042,21.9352,34.3045,37.2834,110.255,27.9343,-0.764183,
		node 13.6758,35.9273,96.028,100.77,41.4434,-14.2235,140.796,-103.005,98.6248,-118.548,-21.5527,13.3407,31.1407,85.9396,-97.5679,-61.0241,-62.0595,29.442,134.796,33.1885,57.4135,37.6555,6.04056,-103.51,50.5843,102.265,
		node -13.1593,-2.99866,33.5299,5.13315,-9.01452,145.101,48.0362,16.2121,-51.7352,-125.745,-45.2285,51.0809,49.8221,30.2658,-59.2957,59.9675,-99.652,137.456,-168.664,46.469,27.5446,136.017,8.78248,-42.3643,65.3679,33.9636,
		node -127.712,-145.423,34.3409,-46.7965,-55.7406,28.057,-39.0202,-157.298,66.7819,142.985,24.3658,62.8782,-1.64449,30.4122,-57.7349,18.0538,27.8661,-111.909,88.878,35.1265,-117.139,19.8634,51.9071,-170.605,6.90778,49.8028,
	layer
		node 2.75468,-5.2837,34.4342,6.75778,66.9068,32.7363,
endPlayer
