// Player48
stat 4
	layer
		node -132.683,-158.595,72.8198,75.0057,7.63775,7.01066,-65.9317,154.486,54.8082,72.6732,50.915,51.4276,58.0066,65.7759,11.0251,57.6321,84.0214,-50.5589,41.4393,54.0837,120.76,-11.2719,-123.124,18.3419,54.1196,7.51773,
		node 36.5685,40.3727,10.8704,128.136,30.2091,-54.0442,-164.614,-90.5894,-45.2078,67.4723,14.2311,-24.6335,-73.5548,-107.892,-87.2353,27.5702,57.3178,-21.6949,62.3999,-15.739,88.9455,-31.431,-1.97609,115.671,-10.9023,3.01541,
		node 25.9371,-46.0569,107.852,31.664,55.561,29.5524,-97.9739,-96.2594,98.3553,69.6141,29.8528,-2.33349,37.9314,23.7817,-81.7733,-48.0116,-139.185,42.4445,9.22648,84.7925,18.467,28.0365,37.4636,44.5413,29.813,100.601,
		node -28.9115,-11.8682,-1.249,10.5078,20.1665,138.022,113.672,-35.763,-79.8397,35.8744,137.143,9.45799,73.785,-9.83422,-72.7179,157.795,111.872,55.6744,48.2253,54.8799,25.1127,-42.4209,99.621,143.891,0.160338,33.9979,
		node -139.103,-56.4161,34.754,-94.8293,49.9829,24.4862,106.602,-162.066,9.37691,-45.0197,2.78073,52.5196,-9.18009,38.6404,93.9483,24.6322,37.6687,36.1858,79.1638,67.0997,-14.3162,25.8803,52.7667,6.10506,11.166,33.2815,
	layer
		node 0.999433,32.0841,28.3104,-19.6622,-170.961,25.5154,
endPlayer
