// Player30
stat 7
	layer
		node 92.1398,-156.361,71.3036,27.0116,8.0774,7.1606,-68.0858,19.8866,-43.9448,-53.521,-125.106,128.297,-49.7522,43.7335,13.5281,4.61601,0.938313,-50.9139,15.5563,5.73909,-7.7269,-121.198,-132.827,59.602,58.6071,62.5397,
		node 36.6432,32.5819,23.4988,134.413,18.7647,-53.8043,-155.723,-94.319,-43.721,12.0342,137.044,41.2988,157.803,-115.824,-91.564,54.3547,-123.777,-31.5095,53.6395,29.802,93.0358,-38.0557,29.1178,107.925,78.4311,153.263,
		node 27.2459,-46.9388,94.384,35.1575,52.1683,58.2836,-104.159,66.6652,37.7716,-123.766,28.0918,51.1215,55.1357,86.9742,-8.93002,-55.6416,-61.9043,32.0915,78.6381,36.8171,18.3831,-25.0988,10.7492,-98.7852,22.8083,93.4636,
		node -17.4024,-2.28785,48.9525,9.39339,17.6803,138.731,115.162,41.772,-43.5785,25.1575,-29.9216,48.922,52.3301,74.173,-62.5735,81.3109,60.6438,51.3364,-175.186,49.3174,25.6501,-20.4453,106.235,-30.5471,74.8241,32.9344,
		node -139.484,-147.353,28.4473,-51.4539,-56.6035,31.008,66.5497,33.5753,10.0882,32.5405,1.43321,41.9371,-3.80905,32.7248,95.2768,14.1451,-44.4211,83.8724,75.7504,70.7303,-114.271,-27.1788,51.2424,-39.0008,-55.9846,32.0047,
	layer
		node -36.7789,73.6766,-0.262403,39.2735,11.8637,11.1443,
endPlayer
