// Player27
stat 5
	layer
		node 33.0434,72.7892,9.38272,-48.4315,-53.4902,-52.3819,-4.43932,-18.7066,12.0903,36.5978,40.083,-17.4226,-21.8536,-20.7339,-146.577,-20.4786,-27.3321,44.6536,7.77569,-57.2209,-84.8473,2.7184,44.287,-18.6321,74.2885,39.4491,
		node -113.633,17.554,81.9861,-27.9257,-0.368006,54.3781,24.0386,-16.0161,12.0674,129.709,-39.9345,-33.2499,0.749,9.41342,-7.84957,48.8563,30.3848,3.51051,-15.6071,-19.4874,24.611,49.933,85.1371,-83.2782,-52.1994,113.095,
		node 19.7614,54.3711,-25.8438,108.367,46.528,35.8274,-18.2696,-30.3569,-24.3873,-46.1465,1.56107,46.7936,-67.6461,20.9114,-121.659,1.94991,131.06,-12.0043,76.7667,12.0912,14.5237,0.179149,-127.903,35.3409,-81.302,3.11398,
		node 5.78097,-23.7527,6.21274,28.3988,-49.3373,-41.4587,39.6437,10.3515,-96.4119,-20.6787,20.5373,-19.8224,27.5093,-11.0589,113.353,-43.1458,-0.464657,123.426,48.8296,-91.0461,55.9805,48.9322,50.178,0.508195,70.7615,-4.612,
		node 139.357,66.4654,21.3822,-4.39129,-1.07254,15.8011,-70.3349,-85.906,-126.24,99.0383,-9.15862,36.6451,26.6614,6.39855,103.052,74.2014,-11.5036,28.9175,-40.8557,43.5253,51.7304,65.6271,45.9651,12.3361,-0.146721,-28.3393,
	layer
		node 51.312,11.7457,100.261,4.6327,-38.7757,129.406,
endPlayer
