// Player87
stat 6
	layer
		node 95.6881,-4.49466,-33.6539,57.0575,89.3029,-217.232,-14.7535,-16.2318,27.2854,92.6671,23.5483,-127.75,89.7073,22.2619,238.996,123.762,-190.085,-5.15956,95.15,-291.547,-15.094,-214.997,76.2974,-198.093,-160.25,40.131,
		node -162.691,-46.3409,-139.578,241.555,-95.6529,-90.2837,-81.3176,198.778,88.8859,-50.2099,215.469,60.2219,-114.87,-39.5565,140.717,-66.978,49.2648,-30.1508,-26.5424,129.132,18.1949,110.719,212.731,30.0926,-132.697,-102.874,
		node -60.7764,-155.783,-25.8895,84.8443,-66.6882,-3.04966,59.5385,1.7449,57.3388,25.8186,-47.1202,23.9275,36.1962,-57.2066,-19.7408,18.8609,89.2441,-50.8458,29.8849,123.141,90.3302,-90.0556,-86.9106,-54.4388,-37.8167,104.444,
		node -197.721,-144.841,-26.7593,-138.319,-15.2242,-68.6605,-62.4623,-123.12,107.199,-105.005,-4.22455,-133.346,12.7041,33.2178,-27.0362,83.9669,119.026,161.704,50.1135,31.0006,-177.544,-31.7034,-31.9303,68.3134,1.13995,61.6043,
		node 37.5008,-213.015,-67.0338,-31.2465,88.8599,26.9249,56.2288,32.7654,-76.8748,-15.1863,97.8579,-64.1696,145.575,-264.965,-43.9617,-136.846,-125.59,-14.5201,-42.7147,-169.904,-20.0519,73.7415,-8.8696,-24.91,-69.5874,120.532,
		node 115.093,-28.0491,162.436,-32.5326,-48.7564,-248.939,-167.374,-52.2988,20.6474,44.1229,-211.89,-46.2172,-34.9105,-48.2311,4.68179,15.2711,-71.1848,-8.1972,202.305,132.156,19.0779,32.4288,-106.731,108.283,57.0828,-31.3659,
		node 139.415,-113.475,-33.4179,-191.664,40.9672,-51.2176,81.3588,-71.9724,-41.8047,-83.6253,53.5792,-28.0477,256.837,-49.9848,-76.1211,80.327,-60.9416,-94.3095,-18.3877,-92.4643,-96.9642,119.529,164.869,-24.1219,-16.3053,-195.059,
		node 53.8937,-123.435,163.888,-66.3101,136.616,-36.8135,133.965,-293.895,17.9839,-157.367,25.0611,18.1725,-22.2493,25.167,-44.3675,-214.679,27.3417,-5.45085,-39.3898,148.767,85.4822,55.6878,55.6889,-34.1072,-6.00707,-40.7973,
		node -23.063,-271.38,24.3646,-28.9793,-100.211,16.1646,-46.3445,52.3914,-7.74559,34.7953,50.1586,-24.0779,-19.8066,22.9802,145.363,99.5482,6.7104,104.17,-83.1987,124.151,-175.903,12.9957,-83.4556,143.253,111.346,25.3984,
		node 26.5105,-62.9978,9.97744,27.5095,25.5822,-64.8888,-99.9718,20.1116,-97.3112,30.568,15.3001,-47.0491,-58.5265,51.7098,21.2127,163.316,-36.8624,-75.9763,-83.1158,-33.4523,116.754,97.9591,-10.6891,-78.518,-165.613,-78.0801,
		node -19.37,149.845,-69.153,-148.596,146.451,-5.97608,94.41,-9.25553,-4.0985,-39.7715,-18.3745,19.1039,69.8472,23.5484,51.2762,-114.089,73.0957,70.5502,111.415,-15.8868,24.9631,-19.4248,-45.1197,-32.7221,-102.443,96.9153,
		node -146.825,153.962,-8.2128,-173.188,134.352,-21.6986,-111.746,-190.603,-41.3341,28.4895,-24.9034,61.6323,-153.555,-12.0187,-186.684,-31.1406,-32.3101,-14.0329,130.884,9.16579,-4.66836,-102.565,17.5171,-50.4781,-136.891,-17.9817,
		node -17.781,-12.7483,81.9336,-34.7287,29.3757,17.1867,2.83747,-23.5128,62.6846,-30.4661,158.447,-25.6621,-21.1376,-39.8083,44.3991,20.7885,186.887,-13.7845,-75.0687,-23.0733,127.989,20.4767,11.3688,75.5963,-53.9043,-22.8691,
		node -95.1503,54.8874,21.1647,-180.936,18.8652,-159.151,-23.1138,-115.532,88.743,-56.0429,-15.2326,-39.6426,-71.3258,27.4763,165.619,-41.2988,-68.5862,-104.682,21.1008,-32.6378,-137.727,62.3013,-12.8569,130.768,31.4151,-106.831,
		node 14.818,-93.3368,-129.033,-8.32317,-30.5981,89.1993,158.411,54.6305,106.868,-12.1378,-44.9029,-54.4077,-99.5503,-162.123,53.9595,45.4563,-20.0622,-12.4161,172.215,-62.4971,103.691,-10.8025,-40.1569,30.6241,39.9332,3.44014,
		node 7.04928,-139.175,55.2155,-27.1681,35.6612,124.354,227.946,168.739,153.558,-60.542,-14.4915,155.534,-8.25433,-23.8049,53.7843,24.1863,100.838,95.8564,-64.388,-12.5715,-20.1272,-67.1998,-36.546,84.2787,73.1384,89.1083,
		node -65.412,228.13,1.23819,-274.481,87.495,-68.205,24.1667,95.5936,-33.5188,-152.446,15.9356,38.8994,-62.4154,-62.1993,24.4692,25.0612,89.1323,70.8305,-26.2447,-20.1187,23.5156,-51.2833,72.7013,-65.3216,-3.66025,-43.5266,
		node 5.77052,-7.15307,-150.228,-102.193,-89.0731,-13.1637,-18.1915,-171.38,-54.91,-21.3993,-10.6113,-5.40562,-64.2087,-50.3831,-66.4402,95.6713,138.878,-90.8347,81.8522,-3.8625,98.7382,-45.1843,-91.7001,-4.69202,7.84473,-226.03,
		node 40.2786,53.7889,82.3226,15.6734,-45.2577,-9.66346,96.4351,102.836,-35.2397,59.1008,134.848,-85.1371,-80.265,-30.7935,97.6709,-92.8602,-20.3111,-210.02,-18.7584,-88.6739,178.438,-17.5904,93.2686,-44.4436,102.56,106.178,
		node 116.446,-104.471,-25.0669,10.914,-0.155452,-3.13972,-39.8607,90.5567,-79.983,-45.5855,29.3755,-96.5314,-169.173,22.5817,-23.6671,72.9161,-143.064,107.444,-117.34,-18.6693,-169.22,-15.2622,-18.1434,162.978,101.055,-66.6607,
		node 140.738,-111.195,160.871,-58.5964,24.8436,-39.1569,-71.0221,-37.86,-78.4624,-101.843,127.774,25.838,-7.02575,122.825,36.1914,57.6107,65.1298,201.813,41.0093,-37.0823,-249.943,-21.4839,46.0199,-259.851,118.585,-199.102,
		node -19.3649,-19.0321,-61.8612,-39.5087,-18.2016,-179.162,-18.176,-22.9123,44.9251,16.3516,27.2063,-89.727,57.4354,20.8944,91.9022,118.367,32.3048,91.7988,31.941,-274.689,12.1314,-167.179,-16.6629,9.93724,31.3675,-37.6934,
		node 122.999,26.9544,-14.1757,145.371,2.30796,103.553,-92.0422,-78.256,-122.928,-52.2764,-6.41278,-2.93132,-112.53,43.1197,-69.5114,-10.5368,-69.0413,138.116,-92.5337,-2.47218,57.1898,-1.51196,37.5495,241.646,-26.403,86.4366,
		node 109.224,103.389,-109.294,-16.1209,141.784,42.5044,104.071,-115.196,81.545,7.2013,-92.4621,4.85238,-21.3141,116.54,-24.997,12.6199,87.2152,5.02617,-162.153,44.2324,-18.8749,9.05238,-73.9297,-51.5505,-4.74077,-164.597,
		node 66.8307,-93.4901,-46.3548,-73.9487,3.94643,-0.454883,-133.389,25.2827,42.1648,159.942,-237.534,-69.0263,56.5803,1.52128,78.2191,-85.3638,25.0612,-190.164,18.5389,64.2302,82.5384,-66.0827,141.545,131.155,-88.506,-21.2812,
	layer
		node 111.873,-254.669,-23.8882,84.856,-270.145,123.353,-83.6376,-42.3881,68.7511,157.503,-76.8631,-40.0799,-191.993,-276.683,-16.7036,-62.2847,-65.0377,-39.5699,1.07439,123.101,-25.0817,-72.3972,19.4406,-6.6659,-105.621,30.602,
endPlayer
