// Player26
stat 8
	layer
		node 162.251,-118.546,56.0017,-52.4724,-67.8396,-182.892,46.5211,-10.1085,-56.7654,-98.854,129.52,-65.8922,-70.9589,49.3543,1.19147,-30.9907,67.5922,-97.0835,210.197,208.76,12.8658,156.087,-44.2275,-26.8088,168.158,-83.3661,
		node 115.161,-129.225,-105.258,219.631,-37.0364,34.98,146.941,39.345,-24.0773,-116.835,-87.2291,14.3318,28.1193,-21.1351,-1.93921,-113.971,245.306,161.21,143.09,183.817,-65.8757,144.436,265.925,238.967,127.646,-113.52,
		node 240.995,-90.3521,-62.1578,105,-4.26474,245.625,215.227,206.015,14.8141,5.18241,7.55948,95.3716,228.35,-16.8314,-56.0305,14.9037,132.796,-63.9894,289.494,250.156,131.145,-114.89,158.022,-83.7738,0.981707,214.612,
		node 189.784,-29.4088,188.845,207.817,-9.51363,27.1034,-117.506,-50.0118,-72.7656,12.4163,175.981,-113.239,23.3532,244.455,-18.9275,15.3832,-91.1765,-82.3392,-109.093,-22.3366,171.648,236.131,107.542,-9.7871,-102.115,30.7516,
		node 33.4725,-79.5752,-31.367,26.657,-100.332,-111.902,-120.679,-84.2355,250.812,67.1471,211.441,20.9344,64.582,165.526,-80.6456,106.371,16.5407,-69.604,51.7553,-53.7637,49.0511,188.584,28.0274,30.5004,-111.431,-126.784,
	layer
		node -81.7373,26.169,-122.129,-40.3743,24.0338,64.3832,
endPlayer
