// Player28
stat 8
	layer
		node -45.5047,-114.475,-38.2092,59.8755,240.332,-156.416,8.58658,-52.6694,-46.4774,-95.7381,0.611317,-72.7417,277.092,193.416,16.5809,16.9775,66.4836,29.5344,-95.1407,-9.70438,227.311,-92.8288,-49.6162,-24.8836,230.252,-83.3725,
		node 116.957,11.9485,-79.81,29.7227,-36.8826,121.378,2.1405,46.3814,-20.6532,-120.973,-109.674,17.5659,31.9607,30.6848,282.142,-29.8578,84.7899,209.135,130.961,-94.8834,82.2524,-0.915996,275.805,55.3016,128.466,-110.137,
		node 241.502,88.0717,172.759,-17.5614,-123.727,246.947,-85.5225,-7.64467,50.4748,6.55566,232.374,105.353,11.9794,-17.7077,27.0345,172.63,130.889,-66.3963,286.205,167.098,128.396,86.2302,108.388,34.9687,-99.1292,107.282,
		node 173.469,-30.9014,195.131,-41.6588,-87.8843,42.5308,-94.6579,-72.3266,199.209,251.24,175.014,1.39731,27.2121,28.0864,-19.3867,219.532,41.3196,287.872,258.677,-20.3744,-45.2337,235.268,220.322,-44.2451,-98.6221,-5.0413,
		node 166.731,268.163,-1.98185,-3.68829,-102.55,-54.6827,-87.654,4.31864,92.1213,67.5018,234.663,16.9299,269.57,-31.4731,22.8498,150.032,256.507,181.58,62.0255,31.0748,52.244,23.4785,161.129,31.6911,-107.901,229.094,
	layer
		node 25.2359,-54.3026,287.518,213.699,169.193,-19.4586,
endPlayer
