// Player63
stat 6
	layer
		node 73.9234,32.4994,-5.83122,99.6466,35.5455,105.42,12.7834,-19.8986,68.7838,76.0715,67.4614,28.8718,85.451,26.7177,1.92538,8.58473,-30.0468,72.2595,-112.566,77.2917,44.7551,85.8196,51.3902,116.262,42.8156,9.95701,
		node 41.1154,24.6915,90.6435,-94.6082,83.8929,116.372,53.3408,2.96404,55.0128,39.8727,17.7561,62.3582,79.2958,189.684,46.7543,33.4107,43.5027,111.18,5.95462,-58.9776,104.137,-43.0212,181.601,47.2648,63.4449,-63.5711,
		node 153.336,70.6988,52.6997,58.3026,23.2678,54.3435,30.3356,98.3474,17.0667,38.6855,-5.81377,-143.34,-36.1799,49.6916,129.499,12.0798,68.4358,-15.2876,-98.3773,8.74518,131.053,49.8161,7.40291,-125.625,104.103,21.0598,
		node -12.7847,57.865,39.98,90.9646,37.0671,28.341,15.3322,73.4213,55.4737,9.75912,65.0642,10.6656,1.50296,20.3901,-88.8312,37.3178,123.499,59.4429,19.1191,5.12318,-124.781,40.6593,-126.588,66.721,24.5956,-39.9247,
		node -33.4306,6.97792,145.193,63.7453,-8.17726,65.0285,71.5212,-50.0173,51.0412,37.8901,47.925,37.3542,-73.8494,71.6418,108.964,72.1486,65.5689,23.4886,22.6788,34.5969,19.8439,-1.32854,82.3633,88.7358,16.6043,-14.8164,
	layer
		node 39.0651,-15.709,-21.9027,23.9159,11.9962,81.7734,
endPlayer
