// Player22
stat 6
	layer
		node -115.223,206.512,-44.1817,141.764,-66.0227,178.898,44.9141,-126.008,-79.8729,184.874,133.051,163.046,138.483,88.2366,85.0239,96.0772,75.3328,78.4982,155.198,89.6012,-251.238,198.896,164.335,94.6263,117.269,-49.018,
		node -93.2445,216.235,144.743,142.829,137.398,152.452,-262.049,132.953,-142.083,182.694,211.593,121.611,181.382,237.154,216.186,118.787,129.837,129.499,23.6317,-161.717,-129.722,-146.674,103.566,119.95,95.3147,207.78,
		node 169.529,142.678,102.654,141.336,102.217,262.417,63.439,256.579,101.782,64.6748,-35.8019,195.83,115.697,116.863,140.542,-162.109,96.2692,186.965,83.5617,45.7691,-27.8339,241.803,147.217,-108.049,125.189,-55.7852,
		node -43.3078,-131.572,-138.613,154.088,129.958,-162.26,-128.111,203.303,135.742,129.585,169.438,105.305,124.863,131.1,-123.919,104.89,157.832,203,151.001,-166.837,109.327,-121.715,110.414,143.379,89.9747,211.292,
		node 138.191,33.8671,-161.157,65.7661,147.761,217.261,145.651,98.2285,16.257,-20.6403,-54.0606,5.49691,-95.3159,-108.789,82.0258,-302.038,214.361,-12.258,226.748,88.6071,174.852,225.632,80.0112,-98.1865,-76.1723,120.116,
	layer
		node 212.075,207.329,-143.173,-138.585,141.126,150.456,
endPlayer
