// Player55
stat 6
	layer
		node -87.2795,37.7734,-0.822318,42.9212,-4.73604,-49.7577,-33.9797,65.4432,13.9282,3.2511,-69.0347,17.4043,47.4574,-13.9523,11.3783,-63.7847,25.5424,58.3729,-66.5728,70.3072,-12.7766,-26.4338,-51.0851,-58.8727,-1.46687,-57.3312,
		node 25.7927,26.1732,7.07186,39.3707,-23.6248,-24.858,-24.3941,-26.0981,14.0469,31.5933,4.98968,-50.3665,-52.4105,-88.9985,9.27827,-69.7476,68.6987,-68.1989,-19.56,26.5199,-92.7372,3.74554,32.7598,29.1509,22.8786,-7.55223,
		node 25.5461,55.9989,-85.3042,6.86457,-61.3923,21.9793,-54.2196,0.56407,18.9892,-4.83669,-15.5633,-68.4944,41.478,-16.4912,5.43572,47.9877,-54.3836,7.99119,-20.7605,-84.0338,-29.3549,-66.0427,3.67231,14.8288,18.5854,-11.0092,
		node -0.698132,-70.7217,25.7949,-23.4304,-53.7323,-54.8836,69.7609,2.12373,1.0107,-54.1779,31.3069,-11.1462,2.17287,39.5317,45.4635,-62.1355,68.3775,-11.0627,-23.5952,-69.2514,54.9652,30.0682,-47.5598,75.6965,5.10162,45.0921,
		node 9.51065,-46.2084,22.6526,-17.0886,-57.4448,-11.7085,-44.307,51.3614,21.7312,32.0167,-39.4585,-40.4731,63.4412,23.2858,30.2896,27.7448,-20.0494,29.9417,-76.1157,-66.0048,10.3472,-90.4093,0.930575,30.0378,50.3612,56.7673,
	layer
		node 29.2357,51.8947,-66.55,-17.3732,-13.9895,61.5335,
endPlayer
