// Player73
stat 6
	layer
		node 57.4801,-9.34836,-116.652,-50.2485,-68.5652,-17.8979,63.6183,74.9215,-10.2044,-69.7948,60.5016,17.3119,-45.9016,-57.8618,-6.24899,-110.195,-53.2495,-17.742,-50.4363,98.0881,-45.7116,21.1583,-46.964,48.7114,-135.846,-56.4664,
		node -74.2795,49.6597,10.5465,11.1869,-38.4895,58.4358,-72.4607,26.6122,89.5316,94.3171,-70.1998,13.5472,-14.0425,47.8119,79.6513,-112.62,-139.14,61.241,-71.8315,-97.0315,-21.9457,75.0886,-47.6337,-49.9109,58.4754,-164.294,
		node 70.0567,1.60456,50.313,14.2092,-143.735,80.8886,-19.1129,-116.166,-16.7812,-39.7584,-13.2349,-79.8027,84.5262,-174.432,96.8609,104.942,63.276,-5.53846,54.0929,-91.8535,-68.4741,-157.886,-144.548,22.3092,-40.665,-30.1899,
		node -36.5348,-53.8106,-77.6918,24.8204,-110.122,-132.969,-11.7089,57.9272,-166.658,51.1137,-108.641,0.0382512,-148.088,-38.0692,-83.8036,-42.5748,-43.9295,48.5032,-147.565,57.6795,-175.265,-163.274,-0.922162,57.7798,-68.6784,22.3053,
		node 3.83259,-15.7551,-2.87017,-12.8652,-81.4496,-90.3805,-52.7949,-76.956,-111.846,62.0777,-24.9026,3.65896,-11.8293,-152.207,-43.6691,38.4933,18.318,11.8173,55.3674,-67.8678,20.6219,6.14437,80.5302,-49.3944,3.65193,27.2642,
	layer
		node -67.9469,-124.359,114.082,65.3113,52.3098,6.61761,
endPlayer
