// Player69
stat 6
	layer
		node 129.393,-102.49,155.274,50.3086,-81.1462,17.915,54.9783,-54.2692,-9.01815,-52.2614,3.62064,-0.999557,-45.6322,-22.3293,20.6811,107.765,109.315,34.9068,70.8303,55.7652,6.45326,-106.149,76.8816,-46.5863,-7.4268,-38.4349,
		node 41.0485,83.3903,21.3435,42.863,76.2148,-112,14.7069,0.526651,109.751,89.0435,65.7131,42.5059,28.7918,-130.967,-137.773,-114.731,-24.8551,-2.94636,-156.86,-19.4389,48.8051,65.0478,18.6986,-46.212,-48.6398,-129.474,
		node 64.9868,1.71498,25.718,17.2198,-146.746,87.834,-15.4386,-15.7033,-1.35018,38.1188,-48.0234,-144.235,74.421,-115.576,-3.47408,25.2648,64.3885,-30.9476,-102.11,58.6699,48.6015,63.6476,57.7239,-66.0804,-26.5078,-40.1018,
		node -106.856,-36.0583,32.6671,-3.24471,62.9926,-120.906,-132.907,-49.2071,53.466,36.5602,88.4853,-10.751,-38.7793,113.614,-30.15,-65.2479,-99.4755,-84.3797,-54.394,-136.571,-25.811,64.3681,-65.7258,-56.464,33.1793,15.2766,
		node -77.0764,84.9703,53.8376,41.7649,-104.322,-98.0752,56.4038,13.7556,-13.5663,102.88,-2.01017,-51.3188,-102.074,-7.86578,-32.6055,-46.8175,-130.25,-56.8551,-47.5917,46.6775,-135.835,-2.1827,-14.0038,-63.2806,49.9194,-0.749228,
	layer
		node -73.0101,-94.1871,-75.9312,-64.3776,40.2102,15.9809,
endPlayer
