// Player36
stat 6
	layer
		node -109.454,-108.848,142.712,46.7678,-70.776,-41.8156,103.485,-23.1304,-50.8467,-44.5218,-28.288,20.5008,-54.3494,-13.9877,-21.4872,-129.317,-50.5609,-50.7202,-51.9868,105.933,38.2553,100.303,65.9467,-49.0822,-130.502,-145.043,
		node -59.2548,-60.7463,79.6106,58.5273,88.901,-75.4044,-103.657,17.8202,99.1154,-36.8021,-95.2731,-33.022,-37.6779,-104.533,81.7011,-29.6801,54.4355,-7.20541,-77.1552,-98.8006,-24.4337,62.2191,-58.0147,-27.1696,49.7521,69.9448,
		node 68.3732,-58.1897,4.24316,12.0455,-144.696,99.3208,-73.1254,41.098,-56.9042,-16.0638,79.6757,-42.7057,114.593,-180.491,97.8511,24.7283,26.2259,-10.8248,-98.0133,9.08863,59.8299,59.8121,58.0841,59.0707,37.8014,-23.4909,
		node -19.4232,-84.733,-98.2809,-118.961,61.957,-131.011,-98.0115,25.8748,5.16624,-62.7217,88.7119,-31.1461,-51.8109,123.484,-78.8103,-43.9477,-93.1271,35.545,-144.376,-132.81,-13.3431,-29.25,-60.2845,-55.4188,29.7301,15.6992,
		node -87.3311,-5.15151,71.3468,-43.9759,-91.6227,-3.81841,83.4111,13.6964,49.213,-127.778,-1.59799,42.231,71.7383,3.32052,37.8072,-110.778,-58.9301,11.2253,-67.5723,-37.1145,-159.84,-164.785,-8.93001,-70.0884,-61.2999,-54.4944,
	layer
		node -44.7221,92.7149,-69.7225,-39.5965,134.121,55.5464,
endPlayer
