// Player32
stat 7
	layer
		node -26.5959,-82.2826,-79.0875,-33.037,13.9326,22.3833,-23.979,-8.13524,-5.71964,5.70394,0.360308,20.372,55.1104,-85.3664,72.5027,30.3033,-79.2359,27.3495,31.0721,25.666,34.8277,2.10016,22.7374,-39.138,18.566,-97.51,
		node -17.0851,-38.4138,-18.9993,-16.2874,12.2821,20.3016,64.4608,17.4259,42.0731,-47.2375,56.0482,17.2563,17.366,47.1585,14.0502,48.7273,12.993,-79.0759,-137.564,-8.34639,-16.8655,-43.9043,-52.462,-15.2851,-30.9666,21.827,
		node 31.6879,-40.7803,64.6381,1.21491,20.933,-73.7932,-104.432,-14.6442,-9.00772,-61.7462,41.2836,7.60419,-12.4719,-112.064,27.7077,26.805,46.2108,-58.1326,20.5873,-25.7009,30.6238,-32.733,-91.9035,39.0604,21.6965,-65.5735,
		node 6.36887,-170.883,57.5277,33.9813,-59.1465,-13.0485,-15.6749,-15.5501,-35.2479,-47.3655,2.11877,42.2529,-42.1849,-38.1308,55.7783,22.3137,-13.3058,-2.19097,-7.31718,15.588,-48.5377,9.82328,44.023,-38.4488,-8.06741,5.5468,
		node 6.23224,5.33306,-6.62505,38.5476,50.3412,-1.39174,22.3029,17.6672,10.904,-109.988,-36.2339,63.8224,-38.3839,-5.4352,-108.395,49.3766,-6.05568,-22.1742,-22.3908,-40.7415,-102.67,-47.8855,15.4697,51.7991,-5.02696,30.4801,
	layer
		node 16.8629,47.2421,9.88169,33.0578,-6.58611,-13.8671,
endPlayer
