// Player61
stat 8
	layer
		node -29.1339,-82.4186,-79.2428,28.272,54.3132,23.3637,-59.6531,31.062,-31.5043,26.3605,-22.6723,18.1936,47.5722,-91.582,-77.0247,18.458,-93.5842,-22.0217,1.64267,-18.8164,34.2737,1.0251,16.0772,-39.0035,-5.36144,-6.28402,
		node -18.8348,-36.062,45.9714,-118.848,-17.2694,-37.7408,-6.30125,-25.8156,26.8975,-44.959,-67.9437,3.34719,-6.28575,43.8535,17.0232,-8.831,37.9776,-18.1581,-22.9636,6.99388,43.7942,-28.604,-116.879,-9.5974,-62.6045,-146.998,
		node -186.784,-49.2581,3.02708,30.1707,19.6537,5.96631,-67.8925,-6.83225,-21.1923,54.6436,23.2455,13.1012,-20.8672,-4.63457,29.4255,-105.945,15.5409,-56.4001,0.81455,54.2642,-6.42174,-19.4564,-48.8743,5.21415,53.8059,-0.0138934,
		node 11.3092,-179.242,53.6375,67.7827,17.2922,37.2914,1.05918,-11.5403,-35.4837,-42.4056,5.5211,-13.7506,-92.0524,-42.6303,-107.944,21.1778,12.1912,45.9207,36.1326,-52.0857,28.8042,38.7925,-36.4876,-25.7875,-3.15754,18.3318,
		node 4.0404,-31.5327,24.9923,44.9785,48.6802,-0.178138,32.8389,14.5899,-34.0749,-33.9919,-10.2622,6.00812,-10.3396,-22.3603,41.5012,37.5324,37.0364,-32.9196,-15.6675,-23.3996,-3.37489,-15.4649,18.0011,60.6281,10.873,42.6473,
	layer
		node 21.5822,40.758,35.7505,-28.4236,78.5762,-59.3491,
endPlayer
