// Player15
stat 7
	layer
		node 7.06975,-87.9894,27.2965,-133.53,16.3913,-114.851,-83.7787,61.6162,-62.0214,81.6021,-4.46655,-11.8794,-29.1322,-41.6971,28.4747,-13.9557,-28.546,22.2844,-51.6939,78.4758,94.793,9.68695,11.7013,30.977,83.3501,-41.0384,
		node 7.56997,-47.5073,-51.1989,5.92192,61.2479,7.24231,55.2005,7.20705,-24.3254,9.22045,-270.478,-20.7163,20.0679,42.4742,-57.633,-77.7101,-32.1786,-51.7666,-88.9022,1.34226,-49.9775,-267.387,-67.8623,-4.13528,-31.0196,-40.1366,
		node -245.206,-97.7968,51.6205,-65.313,86.109,64.4879,-57.1351,29.1074,123.654,8.08611,-101.124,-99.9526,22.5843,-79.0729,60.8899,-70.63,80.0934,-66.7235,34.583,54.7463,-72.0924,-92.8494,-31.0853,21.208,11.5976,26.7486,
		node 70.2643,72.1241,58.3243,-80.3539,-91.5065,-49.1059,43.2247,-58.4063,21.3795,-216.544,-70.166,-48.5258,27.7909,-68.8444,-132.521,36.6385,6.06303,50.5353,51.4205,-8.44117,11.4849,-89.5224,40.2424,-128.707,101.969,84.1613,
		node 14.367,67.4586,45.3779,27.1969,18.5444,31.9173,-126.506,2.90713,59.6859,-61.4042,34.9774,-35.0701,-125.338,53.3512,-65.6228,1.54391,-91.5834,19.7848,-65.0281,103.765,-33.7724,-79.5968,51.4248,59.3766,97.9141,37.4506,
	layer
		node 43.7753,-59.5045,6.96061,27.8901,-91.5923,9.54575,
endPlayer
