// Player30
stat 5
	layer
		node -158.617,277.644,74.336,-94.5313,173.505,-111.621,131.415,-94.3986,-90.5134,-118.546,-211.229,-111.866,-116.416,-133.101,-35.5198,110.262,-140.76,-132.883,-154.183,26.932,-82.6509,214.82,-84.592,-64.0868,-88.0386,-166.343,
		node 61.8061,95.1928,93.638,-139.587,-154.32,279.951,126.856,-0.0954707,282.962,244.135,-137.709,152.604,-180.715,108.459,-91.3459,-175.713,77.6488,-45.059,-64.479,109.024,13.9558,-107.977,94.2328,7.76476,-99.9089,-88.4664,
		node -155.321,-53.7833,-88.2185,171.737,105.603,96.5964,123.131,-87.6283,-159.085,57.4977,-57.639,-139.24,-172.026,-130.266,-98.5577,-122.658,282.324,112.556,251.402,299.048,-148.883,18.1797,41.7203,73.8084,54.3474,8.63191,
		node -110.772,-147.979,-117.315,114.368,144.81,-115.032,62.7981,-91.2416,-102.178,270.559,-106.757,107.852,-110.183,-146.764,-68.7898,-13.5656,58.6143,-94.1831,-85.6561,236.997,-230.342,183.085,290.043,-109.675,72.1112,278.151,
		node -197.928,96.7408,201.317,-183.164,291.457,-125.926,253.679,-36.7217,-96.4385,233.582,280.185,-135.155,-36.9252,85.6662,161.173,-93.4939,-123.997,248.341,-104.195,-98.6633,-85.7779,276.42,-171.169,89.8562,-154.357,99.5797,
	layer
		node -134.721,5.79873,-102.202,-84.88,236.878,-92.2906,
endPlayer
