// Player79
stat 6
	layer
		node -119.417,-98.3322,-27.7402,7.03145,8.66008,-15.3247,9.2617,89.2955,13.1203,-246.344,49.7129,-114.549,-13.7656,-108.208,-159.211,19.9802,109.945,-50.5929,64.1012,53.2497,48.0556,11.0915,54.7779,-6.86448,-4.87635,-68.4013,
		node -30.5913,71.072,-84.3721,101.81,26.6667,43.2675,36.4707,7.37815,-10.1069,-41.119,73.0762,98.6022,42.0508,-244.323,-10.8927,87.658,5.91059,-66.8862,5.54257,-81.8402,-23.2618,-15.6149,76.5206,10.1743,29.662,-136.965,
		node 9.02161,-88.5848,164.404,-11.5889,-165.604,-1.42432,53.2469,40.4537,-212.144,-83.1121,3.05901,-123.779,-22.5939,20.3599,102.073,101.528,-36.2367,88.2073,-157.612,111.681,80.2527,-47.2245,-84.1238,0.347379,6.47983,104.529,
		node -20.002,60.5924,-176.791,-6.60684,-68.2704,70.8506,-45.3967,102.344,100.641,-185.202,64.387,-23.4914,161.518,32.7081,53.6992,111.131,-69.5126,40.7213,49.8306,-16.8225,69.3523,-53.2909,76.912,139.786,117.209,-37.9909,
		node -36.0213,77.2002,60.9002,66.4331,5.85082,26.978,-54.15,-139.848,27.9276,6.52134,-30.3754,-181.207,63.7305,12.1345,-28.2793,123.133,18.467,-158.845,-11.2116,-37.7552,-86.0264,-1.02421,-87.4253,-51.8004,-107.365,105.504,
	layer
		node 101.929,-4.4823,10.6439,-133.86,66.7246,-77.6906,
endPlayer
