// Player67
stat 9
	layer
		node -80.5856,114.435,-35.2001,63.1768,290.156,-3.14453,79.4856,61.6032,-269.699,-123.823,-38.1137,-6.26052,1.58928,-33.0642,-54.0422,158.774,173.124,-3.29825,-145.509,-70.7186,-69.2343,-4.87733,187.576,235.162,-44.6456,124.889,
		node -100.644,16.6885,12.8634,-14.8479,-69.6467,-119.753,49.2856,81.5777,124.731,-235.114,-178.062,26.24,-271.958,-130.716,-58.9312,-14.1347,96.8785,-142.904,-186.691,181.289,-61.1862,-135.273,-50.0056,45.5523,58.2267,59.2661,
		node 67.51,34.2333,-126.16,-101.714,-7.66825,-59.9655,-383.577,-5.33456,171.736,119.168,-218.388,13.2937,95.8184,34.7822,72.6312,-53.1439,102.37,-60.7411,139.961,84.7783,-37.7546,-129.721,32.8604,-118.059,-9.14452,21.5046,
		node 39.8436,177.891,-21.8145,-98.3263,-186.946,-104.512,-95.2649,71.9298,40.1489,24.5531,-12.0407,6.18272,-92.5247,-167.146,122.358,65.7727,-116.949,-165.052,50.3785,-129.649,97.6659,193.892,139.86,-181.792,-22.0683,201.986,
		node -264.181,23.3723,-5.55409,94.1681,-81.9995,9.54696,156.125,225.355,64.4867,20.0595,41.4876,90.2871,64.3569,298.618,-228.683,126.737,92.8409,-85.0274,25.8527,51.9555,139.89,63.2542,183.346,-246.39,-4.09472,-24.2652,
	layer
		node -11.4783,6.82912,11.0029,73.3467,-68.7428,116.042,
endPlayer
