// Player28
stat 6
	layer
		node -97.5405,115.697,-30.0326,81.6473,269.975,26.1675,80.7839,63.0934,-280.853,-135.498,-37.7168,5.38443,11.3606,-15.8238,-53.0903,188.143,172.901,9.10587,-121.142,-79.4239,-55.1855,-50.03,217.495,219.621,-51.6142,106.071,
		node -98.9464,15.6821,51.424,-16.4548,-56.0968,-115.607,44.4979,109.864,187.431,-230.499,-173.825,58.1591,-302.405,-138.629,-54.6662,-26.6311,101.682,-170.07,-149.471,182.112,-58.762,-115.877,-46.342,40.7115,117.968,55.9186,
		node 47.5218,28.9326,-94.1135,-64.0479,-5.75948,-66.2879,-373.709,-4.65121,158.79,79.6424,-241.424,-0.781799,80.6254,37.3823,48.6989,-47.3374,108.332,-103.472,139.875,63.2214,-10.5142,-141.3,28.922,-117.235,6.55519,16.0621,
		node 55.1279,205.747,-13.7145,-86.0642,-181.629,-86.4382,-94.0056,77.1309,45.6097,12.9633,-1.50188,21.265,-127.728,-152.154,171.196,69.8146,-111.244,-188.715,55.5179,-112.562,116.675,174.841,130.635,-190.119,-19.3137,201.223,
		node -253.057,33.121,-41.2155,69.2242,-85.7359,-13.1043,142.526,223.617,69.331,28.6278,35.5773,83.5555,66.7942,301.472,-231.264,146.628,75.1249,-66.5226,24.9306,56.0737,143.199,55.287,180.994,-259.317,0.495652,-21.5659,
	layer
		node -17.308,0.81003,-10.7725,85.2359,-49.5541,89.926,
endPlayer
