// Player64
stat 7
	layer
		node -95.4862,113.027,-13.8712,83.8366,270.027,50.7572,89.2286,54.9572,-276.439,-128.958,-40.6226,12.1946,6.01323,-11.6747,-53.0936,170.692,170.736,-21.37,-120.216,-67.9319,-67.5332,-57.6446,212.649,223.654,-40.3665,125.582,
		node -77.968,-31.4831,26.6654,-17.6061,-42.8818,-143.337,49.4791,105.451,181.208,-241.964,-166.526,30.6109,-295.814,-150.916,-55.9815,-18.4876,123.481,-147.66,-149.054,179.273,-72.0349,-131.231,-50.4143,55.5359,100.704,62.5734,
		node 46.7165,37.3476,-107.933,-65.6717,11.3305,-62.4253,-368.424,-13.0673,166.325,80.3368,-231.404,-7.31892,75.1447,63.9232,38.0734,-58.6748,107.763,-87.5098,132.809,64.9641,-32.6291,-119.626,62.0992,-114.174,-1.86442,8.61981,
		node 40.4526,205.083,2.49242,-85.416,-186.284,-105.971,-83.5368,78.9083,38.6026,18.7444,-17.0324,13.8675,-85.6539,-159.854,138.583,58.2562,-113.593,-205.376,48.2577,-133.131,86.0782,201.514,129.092,-173.408,-31.5182,202.063,
		node -264.304,24.4363,-9.94961,71.7173,-80.9963,13.7241,157.097,251.505,65.4827,17.5484,51.7715,105.573,65.5078,305.032,-224.973,139.761,87.3529,-73.3318,19.8619,50.0222,170.357,87.2677,168.188,-251.777,-3.90808,-19.3728,
	layer
		node -80.1979,-36.5487,-7.77998,92.8599,-42.529,90.5922,
endPlayer
