// Player90
stat 5
	layer
		node -89.6147,120.28,-17.8108,56.1617,253.734,8.69442,77.8698,43.2785,-275.087,-127.745,-48.9916,-6.18185,6.87525,-28.0075,-51.7741,161.51,169.389,7.1191,-139.836,-67.7667,-65.8742,-53.9111,203.936,225.951,-60.8092,107.842,
		node -79.0185,-8.41659,17.8197,-10.3517,-82.0547,-99.7922,46.7409,104.278,185.694,-235.851,-163.363,42.6166,-283.737,-140.746,-73.0825,-10.2378,133.048,-155.188,-144.178,203.585,-70.2529,-129.764,-42.0592,40.0697,111.112,69.3481,
		node 67.9364,57.7884,-101.615,-63.3381,5.57765,-88.3081,-373.9,-11.5492,172.875,76.0773,-229.668,-6.11664,81.6586,39.9541,45.8398,-47.5116,108.22,-104.55,148.58,102.724,-23.994,-141.572,28.271,-121.71,-16.8172,2.65018,
		node 30.7435,211.353,0.931274,-84.0137,-158.706,-105.524,-93.7348,79.4136,51.4094,25.1211,-0.812366,22.7031,-91.1345,-143.151,126.244,59.2696,-106.121,-169.751,44.3534,-135.621,99.8016,212.916,152.315,-184.179,3.25589,191.919,
		node -268.205,31.9284,-48.4065,70.5703,-80.3377,-2.53531,153.988,213.898,3.93228,34.9565,38.7538,83.7978,85.8017,290.501,-226.449,142.455,96.1676,-69.7211,23.8813,52.0335,160.547,56.2162,185.915,-257.327,0.958778,-16.3217,
	layer
		node -21.3522,-1.62705,5.05214,85.3069,-53.3887,90.1221,
endPlayer
