// Player63
stat 5
	layer
		node -83.5059,117.11,-28.2248,58.3478,252.751,51.5276,81.66,46.5643,-293.288,-128.603,-38.7306,-26.765,14.1027,-16.9384,-56.4411,172.515,168.281,-3.06399,-123.054,-81.1099,-67.2522,-57.8823,212.768,204.363,-50.4238,126.049,
		node -77.0978,-5.82938,-21.6406,-10.8758,-44.355,-98.5285,49.9867,101.099,181.96,-245.079,-168.618,23.0428,-302.118,-152.452,-82.8911,-45.8187,128.834,-146.712,-132.08,191.403,-60.3209,-133.352,-54.4926,23.7581,99.6613,70.6168,
		node 45.1613,39.0864,-106.256,-62.4323,-2.64473,-61.201,-389.415,-10.5708,166.778,128.059,-237.746,-13.5008,104.426,70.9833,50.5684,-61.7805,108.831,-98.8536,137.452,65.081,-37.6097,-122.428,34.5178,-119.704,-10.0614,1.38046,
		node 53.0361,171.07,1.78015,-84.4616,-182.674,-110.784,-75.4854,77.4938,41.3178,21.3876,-24.154,43.1451,-92.9374,-159.296,139.405,59.8284,-111.858,-169.47,51.9878,-60.5931,85.4628,202.238,144.798,-174.093,1.48568,198.668,
		node -261.895,49.5033,-4.60946,74.7003,-83.8846,-19.7384,155.532,239.285,56.7732,23.5601,53.7444,71.1419,60.1096,295.447,-224.432,141.026,72.8226,-61.2874,21.7432,34.1709,153.459,87.1992,183.001,-224.914,6.84827,-12.4748,
	layer
		node -27.3023,9.60138,-1.33441,93.8349,-36.8823,108.331,
endPlayer
