// Player46
stat 2
	layer
		node 11.8183,65.3629,-55.1359,-51.5897,-11.3503,-118.301,-68.8272,62.1857,-77.0427,86.7539,-7.78465,8.1159,-39.821,-47.9595,80.1558,57.8729,-74.7084,-82.7787,-28.5952,-41.0667,-77.0935,51.8171,-29.6798,26.9418,23.9364,-62.22,
		node 42.5241,17.8026,91.8035,4.39468,21.0771,12.364,-27.4126,2.49884,-95.7479,-17.4188,18.8239,3.66766,-97.1528,32.0105,-251.233,-94.0261,-40.9723,-53.5865,73.9173,-49.2677,-42.8917,-76.5898,-78.6233,-98.571,-26.8666,-60.6324,
		node -241.802,-228.315,55.8462,-104.925,-60.318,19.6124,-72.7978,-97.147,-269.715,14.9485,-98.2905,51.3819,74.4842,0.631335,1.55136,-64.8257,46.1399,18.716,-74.4877,-79.7925,-142.348,-72.7096,-44.0388,-76.015,74.0147,78.7825,
		node -60.2026,66.6792,57.3758,-266.662,-115.853,17.7385,37.7875,37.213,-9.56571,-226.24,-87.6759,-44.0001,85.7406,-59.2536,-120.95,48.7704,8.08859,15.7116,48.4295,-5.24262,8.93978,41.232,-129.683,18.1945,-48.478,77.6744,
		node 61.5821,65.7647,45.8087,19.7239,18.1396,-23.9629,-57.0929,36.761,50.0771,-46.5102,33.9762,-7.23561,-86.4649,50.4364,-69.6921,26.1135,101.637,17.1787,-41.155,106.166,-2.49161,-72.9087,21.5152,-60.2153,95.8192,33.3034,
	layer
		node 46.9416,24.1092,7.67874,109.835,0.227323,25.2286,
endPlayer
