// Player68
stat 5
	layer
		node -36.0672,-15.3881,175.006,102.622,62.3359,69.2861,214.973,21.237,-116.369,12.8097,64.1472,111.475,88.8647,-145.944,-24.1278,8.16705,-56.1019,221.835,-14.0668,242.659,45.2663,-116.943,112.694,130.568,-75.0279,18.4094,
		node 111.358,-21.2563,-63.0983,149.722,165.047,17.7698,100.959,-111.758,-153.931,53.5598,234.66,-4.07052,-22.0121,92.3645,-37.4428,108.478,-59.1972,-32.0396,58.9335,-61.73,-26.5701,68.4273,-230.819,-93.9424,138.394,105.583,
		node -93.0245,-38.5318,53.429,-47.8996,-181.507,82.6812,134.662,106.316,-30.6139,41.3124,-56.4916,99.5502,-52.6987,258.681,68.4199,-7.23368,11.1331,171.694,82.9045,-108.915,4.9027,68.634,-201.934,-130.331,-127.124,27.66,
		node 10.9439,90.3932,148.535,106.241,108.56,84.2825,108.394,142.525,33.0114,-120.298,64.005,-101.748,161.095,24.5898,-100.597,53.5608,92.0946,-75.1637,108.781,82.4301,-34.2692,68.7975,-197.189,-22.0065,-39.0511,-62.9482,
		node -19.9601,105.551,159.386,-270.786,17.8892,-43.2914,-77.105,-59.0383,51.9888,17.0572,43.6525,-88.1474,-68.1045,51.003,3.63687,-75.4454,237.29,83.2723,-15.0057,190.156,-56.344,-78.0803,99.0087,-82.0934,198.069,-164.267,
	layer
		node 134.671,94.9539,68.2583,188.179,209.469,-117.348,
endPlayer
