// Player5
stat 3
	layer
		node -35.8134,-4.61206,174.471,104.079,69.1281,81.6968,221.139,31.404,-129.807,2.21498,61.9643,107.824,89.5373,-160.09,-37.0711,10.2938,-73.8361,228.222,-45.0477,230.12,39.3694,-95.9063,92.9915,111.983,-57.1027,94.2142,
		node 122.634,69.5617,-74.5411,146.557,161.648,15.9432,101.496,-107.921,-141.939,86.4509,229.18,18.5738,-31.3962,99.1682,-26.3234,110.467,-55.1995,-26.5108,49.9888,-46.65,0.0588559,75.9937,-191.768,-95.6685,150,93.1085,
		node -50.7007,-40.2703,59.2549,-80.0558,-166.142,72.6975,106.851,105.768,-44.5759,69.0982,-49.1825,131.999,-49.1592,243.91,64.9624,-24.627,75.3415,172.906,85.9343,-103.876,-5.94301,72.6673,-202.465,-140.246,-119.221,29.7371,
		node -0.859649,88.5019,130.48,101.947,93.8942,85.6102,128.727,133.832,42.3419,-131.329,76.9304,-118.725,178.834,28.9632,-89.6446,23.9413,90.1253,-68.9547,104.779,95.7808,-42.0706,63.5149,-198.507,-24.7215,-58.847,-33.1886,
		node 0.833202,90.0355,166.445,-293.633,33.2178,12.7951,-48.7371,-54.8503,51.9369,13.4657,30.0013,-105.004,-72.2778,40.8774,-13.3314,-72.7828,235.684,102.088,19.7604,195.234,-35.4863,-53.5545,103.508,-73.016,202.767,-134.753,
	layer
		node 140.504,103.936,70.4883,229.071,206.5,-129.684,
endPlayer
