// Player76
stat 6
	layer
		node -34.8085,13.9712,178.031,90.8358,67.4303,79.1716,234.444,15.8979,-97.6521,0.27995,66.8987,107.861,85.4711,-148.098,-29.1915,-4.76633,-65.4627,244.531,-55.8408,244.657,40.0367,-115.511,115.767,98.8174,-48.6306,84.2342,
		node 119.805,-23.2879,-87.8251,129.146,141.583,18.0201,100.724,-111.352,-161.916,78.0664,218.7,1.08918,-28.5338,108.274,-32.8835,112.53,-51.6602,-64.6379,47.5485,-59.7293,-1.99457,71.8029,-230.16,-92.2419,139.267,95.4219,
		node -78.9922,-31.3782,66.8403,-76.591,-166.673,81.72,113.974,100.729,-28.8426,40.1894,-56.7219,112.174,-39.5487,243.169,89.4505,-14.5306,11.3284,138.784,80.9385,-108.859,-11.2147,68.8721,-199.593,-140.977,-98.0119,19.7938,
		node 1.79199,92.0248,137.865,98.0446,98.6142,96.8891,114.796,128.646,65.0599,-133.114,63.5149,-105.269,163.305,17.6103,-108.988,41.3494,91.7884,-72.876,110.957,87.8704,-39.5057,65.1097,-203.083,-20.5541,-25.6737,-56.4925,
		node -15.645,90.3196,125.087,-288.309,25.4793,-40.242,-76.6741,-53.4108,52.344,23.405,45.926,-107.435,-71.675,47.7924,6.34992,-79.5152,209.604,80.0153,16.8362,207.292,-47.2074,-47.4621,85.7973,-65.4973,202.584,-129.644,
	layer
		node 146.82,105.989,69.1865,217.787,211.441,-118.216,
endPlayer
