// Player48
stat 6
	layer
		node 34.4566,22.3811,4.56151,104.772,28.7926,-15.1665,-46.5385,-80.5856,-13.6373,60.6889,86.295,-32.1221,85.6359,-73.8118,-71.2207,-94.6107,-55.4882,28.3178,-103.885,166.021,91.7585,-5.00396,69.315,104.013,71.9587,67.0086,
		node 4.14108,58.6582,-35.216,20.1602,-9.85841,6.96548,-32.5859,-59.9354,60.3115,-53.0608,28.1783,-15.9792,-27.6624,-39.6678,-44.0181,77.7778,50.3133,-30.7451,-65.5227,-1.3427,45.2575,-42.5459,33.4866,-33.507,100.514,33.9125,
		node -46.8229,-23.0012,26.1515,90.4309,65.6968,-34.5106,-37.0049,68.2865,-13.9354,15.0259,-29.899,-96.5374,-33.1724,-99.0945,-70.2802,-6.05837,-7.58025,3.3586,-34.4303,-5.52092,33.4411,11.3473,-9.84476,32.8433,20.9892,41.5246,
		node 38.9356,61.1078,131.811,-74.2405,64.966,81.6855,-14.1659,-49.0456,-103.278,82.8411,-13.1921,124.182,-89.5119,79.8291,32.4481,-85.0136,8.36327,65.0212,-18.7364,-45.7885,95.5421,-33.9126,-45.3472,-74.8461,-66.2046,85.3048,
		node 86.5563,-17.0256,45.8559,-65.0932,-36.4739,25.1914,-39.3103,51.3359,-88.3099,67.6701,-69.4102,56.8944,-78.1663,22.3684,22.9464,-43.9085,-95.512,67.7777,123.641,45.1475,-55.9081,75.9041,-0.0723175,-48.4807,21.7537,-64.9064,
	layer
		node -107.329,52.4917,129.512,88.539,12.7284,104.714,
endPlayer
