// Player27
stat 6
	layer
		node 39.8203,-34.658,14.3878,22.1993,25.2247,-19.6252,17.0854,56.2305,41.7734,-18.0882,-5.48522,-65.997,-57.7199,-51.2671,-54.2657,45.2887,-67.005,60.4883,-9.32333,50.278,74.3162,-3.45223,-41.152,37.1295,70.2547,24.4328,
		node -42.504,-92.9279,48.9955,28.9914,-5.14331,-52.9742,-39.0045,-40.6573,42.6088,-41.9584,-76.7404,-13.559,-30.2873,-75.5068,38.1065,-28.7765,-87.9454,44.6696,-6.0442,37.1781,40.0282,-42.8934,34.8713,-37.5104,49.3756,-109.94,
		node -40.9679,53.0349,31.9197,123.265,56.6006,-26.3494,135.297,-46.6459,77.1813,43.3996,-31.8234,-103.874,-40.3255,-71.3988,-55.5571,0.783919,12.0227,38.3546,12.1936,-85.3633,23.9173,-2.66291,-82.1106,-63.0199,18.8775,65.2301,
		node 37.3061,58.4227,105.495,-54.5976,24.4137,-11.9864,-51.8024,10.7011,-110.045,80.1296,18.9474,57.7425,-25.5454,64.9807,-57.3288,-6.77074,2.29109,64.2369,-19.6798,-11.3473,-42.0915,-12.0998,-74.1384,-49.9668,-86.9855,88.4623,
		node 24.3398,-31.9228,30.0269,79.8004,59.6548,32.8287,109.948,-12.5518,4.10224,15.5423,62.7602,56.3814,-76.706,-83.4123,89.0298,8.74669,-44.2566,-13.9083,-29.7111,20.6215,-1.64911,69.5647,51.7697,74.9161,28.985,-40.5029,
	layer
		node 81.2319,3.21956,-13.4828,-88.1981,-0.291379,72.1175,
endPlayer
