// Player31
stat 5
	layer
		node -39.4634,176.024,126.721,-149.088,110.558,179.617,108.589,-50.1796,162.711,-84.961,-45.6751,209.036,130.563,-148.365,1.25497,141.433,39.9365,130.973,168.966,74.3708,160.975,113.874,-18.2483,100.321,161.283,108.638,
		node -52.2423,237.144,113.095,139.788,-50.5996,165.203,103.957,-91.8338,53.1933,-37.1717,157.551,-81.0434,145.903,144.547,115.685,-41.2265,74.7691,187.077,82.4834,57.8603,155.511,219.635,116.043,135.217,-61.5907,-28.1687,
		node 89.8388,121.988,89.4577,173.62,86.8869,101.496,103.876,-59.4894,71.9499,129.787,69.0195,71.081,120.861,129.027,92.8869,-41.2775,183.576,111.781,-45.2621,87.032,116.939,91.8066,-62.5467,160.907,67.0101,122.49,
		node 104.856,82.4312,161.954,140.589,110.326,-38.1173,83.0299,83.6678,193.297,174.987,152.881,244.146,50.6738,135.168,109.2,122.134,109.421,109.909,74.098,178.14,161.68,-58.7646,55.733,93.0317,132.301,75.4889,
		node 111.139,69.3674,100.92,219.413,-40.5589,-99.1888,80.2104,93.4313,173.511,81.6335,226.269,134.829,242.805,154.246,131.069,173.305,102.903,126.474,29.1743,197.482,53.1178,94.802,58.4791,11.9646,191.242,153.327,
	layer
		node 164.199,104.026,91.8425,127.268,210.425,75.7258,
endPlayer
