// Player78
stat 6
	layer
		node 58.024,41.3811,-114.374,5.02529,81.8041,67.9873,41.4006,-81.6071,31.5447,88.8809,84.7753,-126.955,59.6626,50.5693,55.9818,82.8086,15.4274,-137.866,51.9129,57.4441,21.3975,-123.106,-96.6907,118.951,19.0068,8.72351,
		node 26.5956,44.9671,-120.941,-106.569,-35.133,65.2821,-100.304,11.1721,66.3313,22.9173,-131.754,84.7431,29.9275,-143.33,101.414,23.1249,42.1651,-18.1418,-9.20433,50.494,39.8552,86.2726,35.0226,76.0713,77.5276,-153.017,
		node 61.5551,-115.771,-39.9069,98.8553,36.1077,64.0941,64.3013,-87.4934,87.1144,-125.017,30.2746,-118.624,122.198,80.5129,-9.8603,8.32525,5.37872,57.2569,-98.3571,69.3994,97.1622,7.68881,72.9615,28.1291,-93.9829,57.2808,
		node 90.6536,-127.293,26.7868,69.0061,28.515,45.1961,23.4581,-115.749,-123.725,33.3376,-100.621,-146.905,60.9556,-120.423,-129.216,99.6406,50.7792,-138.631,15.5638,-53.5453,84.9705,104.147,53.8257,-62.3011,69.3629,3.48763,
		node 35.7938,30.3769,-101.702,77.4574,-128.324,32.6597,-141.045,62.1413,76.0715,-124.472,-117.456,39.7071,-117.201,-44.8017,58.3361,-138.815,50.7519,-142.168,42.487,24.9111,117.418,-126.798,89.4644,89.9587,94.3388,93.4877,
	layer
		node 20.2231,-136.332,-110.068,79.1487,-146.155,4.83105,
endPlayer
