// Player36
stat 8
	layer
		node 51.6881,14.0616,-107.795,36.6445,2.12151,-147.207,102.006,-126.9,23.5937,-111.686,88.1922,-137.932,92.4974,55.8093,48.7607,-158.047,40.5908,-147.055,-74.6741,-37.4032,6.02509,-132.653,-98.214,-117.535,-40.8024,33.5124,
		node 30.8964,-140.332,-131.332,116.344,-45.7375,-137.908,-101.799,-103.465,63.3539,22.4581,-135.512,84.4272,30.4866,-138.623,115.709,-125.278,-60.7876,-61.4878,-13.8581,41.8041,31.4617,51.8225,29.7145,59.332,96.2274,49.0194,
		node 48.1451,-124.383,-137.059,-37.928,14.5122,91.4324,57.0715,-89.3351,81.078,-130.776,-113.782,-115.907,-145.079,77.3842,88.9322,-128.035,3.44361,43.0356,-90.6348,16.1924,-130.005,67.7683,-19.1342,25.1654,76.1795,-122.257,
		node -125.713,-99.1554,-112.832,30.8593,-30.4649,46.5912,40.8336,-103.561,8.20156,30.5617,33.9982,-148.306,-32.9472,33.7273,-124.893,-17.0636,29.6439,-142.122,52.8692,82.848,17.2779,98.3959,46.8918,36.6923,64.9529,2.68393,
		node -112.081,13.9857,24.4151,-126.017,99.2845,-140.991,-136.178,70.7325,69.2123,65.6927,93.1231,86.7266,-120.774,-143.596,69.1265,-141.892,80.0345,-92.0061,96.5184,12.5637,48.282,-9.28062,-107.043,21.5314,-37.7388,69.4289,
	layer
		node 24.4726,34.6258,30.8554,82.9023,89.1305,-84.0145,
endPlayer
