// Player94
stat 9
	layer
		node 61.5493,52.2707,-110.784,7.76349,6.11696,48.168,43.5535,-125.415,40.2712,-114.602,85.2362,-137.295,51.7283,48.4361,-132.923,30.7872,30.6911,-139.474,64.7939,-40.7033,22.1659,-135.855,-95.867,-118.195,3.66564,18.7403,
		node 33.0156,84.9336,-127.885,112.947,-148.605,66.3337,92.68,11.7796,70.3538,22.586,-140.339,107.463,35.1588,94.8609,100.414,104.996,36.345,-46.1527,94.5752,44.3432,20.9262,73.6487,46.5345,75.2461,-130.345,44.8637,
		node 50.0599,-56.5127,-120.388,-131.963,9.74848,35.4726,49.5025,-92.2252,38.7306,-151.193,23.3197,-118.406,-8.68898,-128.041,95.3833,78.6218,-5.01475,44.3804,-103.502,9.65706,93.1212,-128.523,-1.75221,36.9024,89.0595,33.0816,
		node 91.8403,-115.732,23.2417,-132.804,-26.3425,16.0597,42.4129,52.8137,17.9197,-131.243,-101.131,-150.727,-20.3076,75.2422,-108.699,47.8476,97.8321,-122.451,48.137,86.4325,46.7874,44.3907,46.5911,27.0758,-127.239,-6.4277,
		node -107.116,-82.8392,82.2565,66.9039,-143.364,-142.018,-135.877,-128.528,-45.3568,-127.369,-138.627,76.3851,-114.809,-44.6655,52.2451,45.4277,59.6662,-75.896,-65.7016,5.59938,-129.392,-8.49976,99.3613,-151.141,-127.436,-8.18716,
	layer
		node 24.9972,-134.523,-151.974,40.0447,57.969,-19.6176,
endPlayer
