// Player89
stat 9
	layer
		node 57.7514,42.3416,31.1715,12.8001,91.3886,-158.522,-113.601,-127.854,-3.83447,80.7472,-142.133,-110.344,46.0625,52.1817,52.2838,-149.439,-24.8849,27.7141,-63.4358,57.8117,-136.622,-123.238,52.8926,-121.535,31.924,12.2621,
		node -150.239,46.2304,-104.956,-126.988,79.2621,-133.286,-101.229,9.53103,69.1154,19.607,-121.392,65.6278,23.1346,71.7999,109.2,24.1259,-3.91399,-58.2094,-7.90088,38.8156,26.5899,43.0877,-149.891,73.0735,37.2109,58.4733,
		node -74.175,-109.676,-41.3333,72.0399,-10.9383,91.7995,54.4905,54.4423,82.8164,-159.176,29.8414,61.1946,-131.321,-145.504,93.7289,10.1921,63.6977,60.4788,-101.618,-23.8835,95.5679,-116.238,-136.991,-154.163,-96.867,-73.2138,
		node 54.5577,-106.392,27.16,-164.298,-34.7299,41.2617,61.5347,-121.435,-121.587,33.5236,33.9555,-138.239,60.7385,40.5728,-127.931,-80.4179,27.2909,37.4992,34.582,72.8511,11.7094,93.1312,59.4462,34.2325,-111.894,3.25806,
		node -108.919,30.3161,-103.332,59.3517,1.23075,2.23786,-46.0942,47.3756,-127.599,127.389,30.954,-21.2807,-92.6823,-56.7916,56.7357,-137.935,73.3283,53.5378,34.7402,14.6128,-128.779,-22.0727,-86.9167,82.5398,-138.921,-90.4584,
	layer
		node 34.7521,33.1105,87.831,64.1411,56.7925,5.78756,
endPlayer
