// Player50
stat 7
	layer
		node 5.25321,-48.3431,33.3609,44.4832,-33.4923,166.999,-65.3357,-62.2226,81.4334,-108.947,54.4303,-92.527,57.7351,34.6487,-22.4807,23.3403,13.9991,16.4732,-84.4452,177.488,36.3348,0.323801,47.2713,9.14447,68.0452,78.2243,
		node -36.723,-147.913,83.9107,74.8031,57.8289,-49.702,-61.9278,88.0995,-50.6667,-69.9703,83.2543,-14.238,46.65,44.9532,-77.2697,70.9631,-104.383,-9.18033,-108.65,69.7602,123.817,36.6029,30.1436,-5.62519,-12.7062,65.9452,
		node 71.5553,2.95541,34.0005,81.5875,40.7718,-84.9476,44.3423,-144.686,-69.3479,77.6038,96.6708,40.9798,4.60256,-31.3755,45.3376,85.4625,18.5074,-56.9269,-50.8903,-110.891,-37.6949,157.633,-3.51979,-76.3087,55.1408,12.5421,
		node -31.1014,67.5316,22.8107,-59.3606,78.1005,-68.1681,42.7173,-15.5732,31.1025,72.6935,63.6453,72.8639,-81.8096,-61.9288,-7.17348,-63.0045,-122.448,-82.6439,3.29463,76.9559,-3.20747,12.0036,11.5852,-69.7273,-113.934,7.30853,
		node -22.913,-11.9634,-101.55,-101.148,35.59,16.9175,-18.5429,32.2634,9.91983,-20.0535,-66.604,-123.633,61.7971,-54.2388,-21.5507,7.65144,37.7601,-63.2175,-96.4648,89.5504,-78.1647,-52.4248,-75.7814,-103.894,15.1416,2.1976,
	layer
		node -27.3723,44.7692,-0.810184,84.9119,104.147,-135.349,
endPlayer
