// Player85
stat 6
	layer
		node 72.7135,15.6157,48.435,-101.589,80.6369,172.219,63.0034,-88.8645,60.5063,20.7794,56.0543,-76.9066,80.1174,-62.2508,59.3915,28.8573,12.2542,19.9557,29.1249,186.059,19.4464,0.679986,47.9075,29.2785,60.6747,-67.1197,
		node -92.678,-147.332,-34.7828,-11.6923,44.3085,-50.2518,4.24412,-89.0117,20.5094,-158.458,71.2302,-57.4297,-65.2343,36.5983,-85.9938,-113.129,62.969,48.8151,-89.0575,114.468,123.013,-18.6273,31.4169,-4.44518,-71.6933,-41.728,
		node 17.0034,-108.463,-37.29,-30.0359,34.5512,9.84742,-24.3589,-7.92753,-15.5043,81.8685,-110.248,28.8793,21.7111,-48.6154,43.016,83.5232,-1.01126,95.6162,-57.402,-64.2106,-37.9956,-54.4788,5.52254,-82.9159,86.3149,11.981,
		node -94.4695,56.0003,-186.054,-117.003,58.0665,13.7562,159.613,32.8344,13.8157,71.2181,47.4673,-118.841,56.6996,-61.5487,-116.071,-62.7332,-116.286,42.9097,6.31099,78.0004,-79.1666,-70.1357,21.0378,-73.2525,-49.2454,-26.7205,
		node 5.06344,-75.3059,-81.3168,-103.024,68.3713,-130.805,-19.0789,36.6419,89.5301,-92.464,-69.6843,-117.872,61.986,38.9668,-46.3067,-66.3456,123.518,-51.9588,-96.8367,86.1772,-117.669,78.8539,-110.653,-100.074,-70.2904,1.70979,
	layer
		node 94.8883,-111.063,-61.8244,-105.261,-108.498,73.1399,
endPlayer
