// Player65
stat 2
	layer
		node 93.2448,17.231,78.1845,44.8542,1.98348,155.106,50.8335,-104.493,15.4056,20.1323,-97.4397,-82.5426,80.1178,93.9339,-98.4387,-17.4711,-38.4781,19.0126,27.794,187.269,13.8639,28.4056,49.8866,11.8428,64.5403,-2.12313,
		node -90.0298,-152.2,-78.3563,-14.1434,91.3344,-72.8065,5.32271,-93.1221,13.0536,-153.747,83.8309,28.6018,-71.4138,-52.8897,13.5066,81.1691,-117.324,49.2,-17.7789,114.651,43.472,22.0897,166.759,-101.671,-68.3304,-15.6219,
		node -57.9877,14.1006,23.4679,-27.2033,-108.766,3.09497,-28.1178,-9.28231,-66.5126,77.4318,-111.936,-1.47936,-109.665,-57.9323,45.3781,-15.5222,29.7368,83.9559,-53.9877,-42.3031,-101.889,-104.743,37.297,-85.073,75.3828,11.048,
		node -94.2864,46.3039,4.15799,41.5263,48.3078,-67.4594,154.043,11.0289,5.21549,79.446,58.1993,2.92295,63.2845,-70.6875,29.1603,-57.6387,-118.41,-3.79189,-7.11181,72.1426,101.742,-70.1628,24.033,-140.409,-54.8555,11.3773,
		node -104.092,9.73594,-94.7382,-113.116,15.2893,14.2925,12.2334,39.7575,95.0236,-15.556,-76.339,83.4425,49.8942,-6.09044,115.76,1.72453,-92.0192,8.42667,-98.813,85.704,23.8968,-48.0412,73.1487,-97.556,32.7892,15.2942,
	layer
		node 50.1809,-118.41,-83.9564,8.87609,99.0253,14.814,
endPlayer
