// Player11
stat 3
	layer
		node -32.4127,-85.8935,-80.3832,85.5795,-111.911,-17.3328,-93.4447,1.05123,-65.1677,-31.3203,10.0798,-10.542,-159.15,27.525,-15.387,-106.236,49.6401,19.4673,-85.9749,-119.209,-57.3906,-26.7507,-43.5352,14.7815,-27.1513,-132.223,
		node -29.6093,79.0507,-115.259,-71.1173,22.2324,92.1649,22.4496,-107.277,-52.4202,-47.4079,-36.8562,-23.4906,78.5568,-16.6867,-24.2103,-25.413,16.9851,-154.076,19.6547,-68.1328,-139.584,5.25114,59.3699,-22.9838,-38.9376,-41.8853,
		node 16.8987,34.0893,31.6737,-29.6042,-21.1335,47.6678,82.4699,-67.1442,-119.698,9.87957,-42.4318,-50.4585,-145.972,50.3606,-37.0559,51.8441,-16.8079,78.6007,-2.0367,6.73765,-29.8201,-163.24,-103.074,39.1458,2.91211,1.11228,
		node -123.96,-13.2822,-35.7261,-19.053,-37.1837,-3.47931,-68.4676,33.8488,52.2207,87.1393,37.5252,17.4417,-157.052,-39.0389,-37.2234,-46.5308,-22.1908,17.8076,-30.918,-13.2874,-58.4312,-27.0287,-68.9641,-38.5232,31.2081,52.3937,
		node 76.9041,43.9505,-17.4265,28.2788,-20.8707,42.0446,0.246171,-74.4471,-44.1712,-56.9146,-41.7724,-7.85078,-19.2544,-31.6652,-14.393,27.4423,2.13534,4.57453,-23.9177,-44.0605,-165.43,-6.68195,-92.4632,-23.6993,-98.8479,69.9285,
	layer
		node 29.5222,-81.1169,-49.6853,-22.3495,-39.2373,-54.3511,
endPlayer
