// Player0
stat 7
	layer
		node -29.5187,-130.904,104.244,-78.5733,-47.5102,-12.557,-95.8939,-52.6231,-63.6749,-69.5609,-147.55,-8.63046,-34.3024,27.4793,-16.4978,-111.843,49.3225,7.06492,47.1848,30.4007,-2.60697,-25.8042,-69.2684,-82.6608,-26.4683,-18.0997,
		node 30.7905,33.3386,-114.762,-65.5623,24.304,92.6433,36.9105,-22.7364,-68.9417,-45.1933,-109.923,-16.6238,84.9662,-15.7866,-24.6057,-31.0084,27.178,-152.42,16.6077,-69.7245,-48.9147,28.8479,-50.21,-93.5455,-32.368,-39.3988,
		node -46.8351,-6.23069,-57.4542,-29.2871,-22.8133,42.3992,83.1508,-35.2471,-116.946,-39.4812,-42.2484,-51.2833,-123.424,41.884,-22.7751,53.77,-45.2039,-77.3903,-8.49234,-42.1201,-45.2609,100.573,31.9474,55.0747,9.17055,69.4268,
		node 73.8666,-15.3647,-80.6393,-9.75617,-52.9294,-8.62095,-105.919,49.2913,75.2055,-52.9212,40.9423,-67.4033,-7.15818,-73.4326,-37.2602,-129.787,-44.7528,17.7771,7.58322,-14.8996,-53.267,-29.9446,-42.1272,-74.2329,29.6703,-59.8969,
		node -86.8838,-130.437,7.89337,33.2018,-64.907,10.114,-145.055,-36.4274,-5.13361,-31.18,-33.9146,-83.8998,-22.0192,110.667,22.1528,-96.1452,20.8085,6.43695,-20.6425,-46.973,-169.725,-41.8578,22.4041,-57.0045,-0.964504,86.3513,
	layer
		node -58.7415,-109.811,21.9297,33.6678,-14.8669,-34.8196,
endPlayer
