// Player44
stat 6
	layer
		node 18.3616,-78.5232,67.719,-73.214,-165.215,-89.2159,14.0511,-71.6989,11.0549,-17.831,-91.1442,-154.556,49.5307,-95.7558,-173.472,21.5316,-120.582,-185.756,-18.2964,45.4649,-93.1946,-208.823,-8.48562,99.8362,46.0035,19.7184,
		node -100.275,-36.5707,103.051,18.9656,84.6786,77.2902,7.96694,14.762,33.4362,32.5745,101.566,-28.2003,64.0961,-30.0061,-33.9003,-72.5786,-29.7785,-171.059,-84.3018,21.3545,-162.692,-53.3847,-2.14005,-112.91,35.5358,-94.3258,
		node 83.762,-68.5443,2.91845,3.76635,50.7855,29.7628,-99.8376,3.06762,13.4508,-181.736,-99.8709,18.5043,-53.4473,13.2782,22.6849,-146.529,26.7179,-117.463,-24.1469,-8.43566,-59.4626,-143.736,24.8589,-96.7129,-217.173,-196.553,
		node -42.0257,-28.7207,36.3573,-148.88,-73.1117,17.5069,6.26082,9.88437,34.8319,-45.4567,-81.8589,-158.903,-152.253,13.082,95.9455,74.1373,-147.097,-166.019,-116.221,1.51666,87.4663,-181.698,61.7124,18.3132,6.60801,123.6,
		node -7.771,-35.2512,68.9291,16.0678,-83.659,-64.0087,-28.0959,-54.7882,89.89,-122.033,40.3961,-2.76391,-119.077,-49.2305,-177.999,-19.9478,6.40218,7.98681,-127.533,-69.5009,77.4488,27.2193,-117.526,-27.698,1.49372,-54.5541,
	layer
		node -146.383,67.588,-1.76895,-85.7894,-82.1399,-119.561,
endPlayer
