// Player10
stat 9
	layer
		node 20.319,-122.505,-153.433,103.673,-185.855,149.88,13.056,-40.0591,-38.4478,-65.5503,14.0353,-146.432,74.4101,35.9378,-169.089,-202.373,73.0419,20.2546,-136.299,49.0732,-93.6772,-206.764,2.0399,92.4211,-153.48,-102.08,
		node 26.0509,27.7737,67.5014,-96.1779,-157.463,65.7402,6.15509,-19.1592,-87.3584,-201.782,-173.628,-20.9024,-136.973,-44.4435,1.17464,-82.5243,-0.273752,78.981,-78.3292,-127.88,6.76663,-23.5024,-95.2304,47.5577,37.1663,-65.0619,
		node 90.6426,-86.5419,28.3335,10.2519,104.28,80.9487,-104.28,68.0171,-202.719,-81.5779,-181.74,3.5377,16.0577,-175.787,26.6337,-145.872,17.0122,-144.601,-91.0632,2.71544,57.7184,55.7836,13.8911,6.72383,39.3639,-97.5213,
		node -143.653,-5.30489,43.8616,-161.3,-62.9471,13.6618,1.83226,-121.028,-71.0123,-6.30742,67.925,21.0718,73.0908,-160.028,71.3616,-97.4842,-234.564,99.755,5.1115,35.936,-131.703,-182.248,47.6355,23.2369,-180.77,115.69,
		node -141.394,-31.0134,13.1955,-46.7345,-80.9211,-75.9242,-19.8308,70.5373,57.8769,-14.5137,113.065,60.3667,-124.871,1.03246,-103.604,-36.4701,6.80763,43.2812,-22.4059,-118.732,86.1153,34.0081,-84.8508,86.3415,84.8656,2.45783,
	layer
		node -90.8793,71.2391,-85.1654,69.5014,67.7078,-179.665,
endPlayer
