// Player88
stat 5
	layer
		node 8.57772,-11.9419,-135.86,71.8996,-170.785,-105.072,20.2165,-160.262,103.915,-57.3803,19.0878,7.36197,100.674,45.1582,47.2503,6.65753,-2.17711,4.17114,28.5207,90.5749,61.8229,26.2713,22.3628,100.102,60.7485,7.1057,
		node 57.5285,-131.23,-50.4931,-32.9195,16.7282,66.7704,23.285,-16.5851,-51.9919,38.4837,-50.9325,-63.4788,-177.094,-50.2836,-116.989,-73.9347,59.7265,129.986,-28.5262,-125.276,11.4999,-51.7681,4.18702,70.3353,21.0004,-170.927,
		node 4.68296,-31.078,-105.806,6.98401,-20.3244,29.3262,-85.156,16.7983,-155.443,-185.457,-186.114,20.8072,32.5003,-0.793774,24.7317,-145.906,-6.41246,-136.478,-29.774,-11.1628,-102.233,5.95901,153.414,6.52868,10.2916,-199.522,
		node -148.778,-164.616,89.5298,-27.3068,-61.7633,-5.65004,-32.2277,-120.417,23.1634,-125.742,17.9647,7.12775,-146.046,-76.6952,70.6308,-98.1151,74.2906,-9.71379,-2.06942,30.4166,127.698,35.492,-113.996,-118.868,17.6601,18.9541,
		node -133.02,26.5147,-62.7032,-34.2417,-64.0468,-135.331,4.78605,-54.4212,-20.4372,-168.267,-171.179,38.1216,-116.624,28.9673,80.9655,38.6717,-115.833,18.9034,-21.5522,-64.7398,84.0349,15.7328,-68.6706,-36.6123,-145.201,-85.1897,
	layer
		node 42.9905,-139.642,81.895,31.0779,23.5006,-211.835,
endPlayer
