// Player62
stat 2
	layer
		node -90.586,-16.4432,4.97371,-51.6021,-132.906,-48.6833,-8.21564,-141.932,-164.993,-109.486,-63.4594,77.0098,-80.1316,-53.3109,-126.291,-136.062,-60.5002,6.31903,10.5413,-35.8331,-26.7618,-25.7747,11.0202,-88.1576,-102.767,-141.596,
		node 42.4661,-6.99722,-59.2077,-86.0227,-82.9473,-63.4212,-211.399,-51.7734,-115.936,-51.6343,-77.2405,-108.468,-94.5965,16.9642,-27.0662,50.6568,25.1049,25.7863,20.2706,-236.326,22.6867,179.648,-31.3622,-71.2723,-98.4946,253.431,
		node -163.672,1.79118,-85.8296,186.514,40.5431,48.5819,-84.4248,-219.736,-100.803,-89.7611,20.2289,-99.7401,-146.319,-167.134,-41.9895,-40.4255,-20.8577,-70.2256,-107.002,-179.806,-97.3529,57.3204,72.5774,7.94106,302.355,0.304217,
		node -80.4217,-77.5242,5.51191,-105.029,-48.7086,21.6713,-183.627,-154.523,22.9856,-150.965,-79.6699,-112.287,-141.399,-27.4714,-114.474,69.4207,52.0106,-186.36,66.6047,-96.1363,-5.25223,103.648,99.4849,-207.846,-106.764,-207.545,
		node -99.3478,58.1989,-164.592,2.92334,-41.2255,-48.4416,36.1797,-186.94,-96.537,84.3556,-70.0066,-91.7677,-130.646,19.6678,-4.67212,-110.54,-22.0028,-109.628,1.53806,13.7529,-83.7791,-289.98,-115.398,-102.639,256.631,-46.3582,
		node -72.4199,-20.554,-4.92044,51.2713,-88.1421,109.491,-9.87869,218.549,-84.7674,-133.606,-40.3705,-131.24,-48.3929,64.9736,295.88,-55.8813,-11.007,-77.6411,14.9106,-4.72882,-77.4374,23.773,-159.831,18.8044,-13.635,77.2021,
		node -139.393,-173.923,-115.944,-111.583,-46.1213,115.146,-32.8502,136.605,-159.945,-2.49214,-242.341,-100.757,-114.89,274.35,1.42906,42.6228,-30.5372,-108.623,-90.6798,-163.458,-40.3857,53.3499,5.76366,-49.3218,-122.208,-62.6153,
		node -77.5453,-48.0215,-56.2684,19.5674,-104.152,21.0859,-105.888,-80.6917,-132.48,50.2171,-85.5694,-63.5245,118.126,-84.1788,28.8633,-62.3636,-52.8176,-64.8523,72.1743,-91.4555,86.9048,-151.498,-122.163,-78.0799,-125.718,-35.1701,
		node -49.2047,-58.7227,36.6954,47.0509,53.0372,-13.2711,-107.535,32.9991,-31.1961,-137.895,-156.695,44.2103,-9.87653,-62.008,-97.0179,-71.7868,0.39668,7.9193,-17.0633,69.1889,-124.881,-160.82,49.1916,-102.381,-106.459,-30.3507,
		node -93.7701,-4.95259,113.966,66.0814,-23.9733,-5.00911,-101.241,-73.8435,-50.8998,-74.3977,84.9627,-26.701,121.292,-57.0284,-23.6885,-19.7708,-26.9032,-88.6187,13.4092,167.479,28.8699,33.0066,-37.5485,56.1178,-12.2148,220.516,
	layer
		node -1.56771,58.4703,-84.8211,52.2598,-166.948,-94.9518,-85.1287,-139.543,110.71,-119.778,-21.2572,
endPlayer
