// Player0
stat 7
	layer
		node 16.3021,25.1739,-92.2127,-63.825,97.8972,65.931,-72.0358,9.25485,47.7694,26.8788,43.4875,53.8175,63.3888,36.9406,31.4612,65.4947,28.684,71.8676,-67.7301,32.0935,63.4146,42.9549,101.443,40.3713,-80.3604,9.45328,
endPlayer
// Player1
stat 3
	layer
		node 15.7889,44.3161,-72.7039,18.9844,22.0353,61.426,66.3342,-10.8457,26.6269,13.5409,-55.266,53.2276,61.7582,15.9642,26.1248,32.8624,40.2833,-25.4244,33.8298,93.812,11.8569,33.1685,92.4091,41.2139,-78.6022,98.4061,
endPlayer
// Player2
stat 8
	layer
		node 17.7529,-2.20227,-73.0413,19.3212,-32.6594,40.0192,-93.1058,-88.3171,69.755,14.8711,41.9848,59.4204,75.1468,-25.8964,92.6411,-97.5656,29.5334,22.4611,34.1367,39.1149,58.3994,29.6071,-97.7932,45.7907,-95.7524,-80.2323,
endPlayer
// Player3
stat 6
	layer
		node -44.7138,24.3828,-70.3292,10.9939,79.0806,50.3689,21.9985,34.3261,102.451,40.1028,68.7154,60.6009,39.7948,-97.4948,-82.8717,-98.7938,35.7708,43.4103,-4.37028,99.9628,58.2627,-7.94133,19.0606,-75.9677,78.5617,24.6778,
endPlayer
// Player4
stat 4
	layer
		node 38.0462,25.3587,49.1419,97.9838,-67.8988,-3.21274,72.8946,34.3126,48.2773,1.38626,74.8707,67.1965,-78.1059,-2.41241,-42.6833,-98.7637,41.7661,30.0508,34.5999,42.1602,85.4274,58.4519,-10.6185,44.604,78.9073,-11.7128,
endPlayer
// Player5
stat 11
	layer
		node 95.096,92.4158,-81.9037,91.7772,78.5682,-56.9095,-71.2743,21.3842,97.4343,-82.7617,62.5569,-15.8051,98.9987,-44.2493,60.073,13.9079,54.7405,15.7622,94.0166,29.1761,50.8167,11.8066,-87.3801,-82.9445,-85.0468,-72.9622,
endPlayer
// Player6
stat 6
	layer
		node 54.1659,43.133,-74.9791,58.758,-68.2201,31.6193,-77.0686,27.8881,47.5957,94.2833,63.51,-17.1517,-25.2496,-68.7262,50.3095,-67.1739,102.961,0.233726,31.1616,57.6507,-58.8551,12.8398,73.1678,-85.7861,74.4915,10.319,
endPlayer
// Player7
stat 4
	layer
		node 22.6276,103.772,5.65663,36.0345,85.8094,34.4548,96.2209,25.3484,30.0233,88.2444,70.9042,-16.75,-23.6487,41.0131,8.03593,100.031,9.43824,0.844444,75.858,-29.0047,25.6255,33.3321,22.9667,33.1008,21.5926,30.8951,
endPlayer
// Player8
stat 7
	layer
		node -29.5593,8.9393,-81.942,-9.07909,80.9713,9.93392,96.502,26.8392,65.8176,92.5212,70.6537,76.0805,18.7276,42.8852,25.2141,99.629,21.8102,52.2343,75.5654,41.5355,22.8146,40.4333,24.2243,33.4647,-16.1162,11.6609,
endPlayer
// Player9
stat 10
	layer
		node 13.2102,104.021,25.0534,-11.3456,32.2213,18.9662,-71.3356,28.0883,6.60889,30.0752,46.41,37.1286,67.1873,37.3373,29.6018,-22.1211,91.7189,62.1565,46.1986,47.1544,-28.7371,16.2524,28.2154,26.4386,-77.5134,-90.8052,
endPlayer
// Player10
stat 10
	layer
		node 13.8268,40.8144,-73.7553,-13.6817,10.8947,64.5204,63.1437,22.0247,56.1513,25.2762,42.9043,55.1082,63.2436,12.0266,26.1939,41.0658,20.5553,89.9376,63.0704,7.92388,90.624,32.1311,-97.992,50.913,27.8425,97.6262,
endPlayer
// Player11
stat 3
	layer
		node 41.7397,60.088,-69.4281,92.1742,21.9493,-16.7424,-80.2024,-12.3724,78.7507,53.6695,42.9991,65.4701,58.6709,12.3834,56.1432,40.5508,45.2678,92.0866,12.3138,43.7785,60.9685,87.5496,25.7795,42.013,-51.3865,98.1886,
endPlayer
// Player12
stat 4
	layer
		node 45.3224,36.4812,25.6092,11.7841,52.8635,-16.2036,-79.9316,49.2084,25.2382,46.4216,41.225,56.1835,22.9432,51.2719,-80.7379,-97.7799,43.8333,53.0373,-55.9378,38.7152,-80.6981,13.6812,56.6035,-76.3874,51.2818,-77.3406,
endPlayer
// Player13
stat 10
	layer
		node 40.8589,47.8531,1.29742,12.5153,24.4401,39.8457,-91.2001,85.7017,77.853,95.1891,46.7676,60.5942,40.7311,-0.0747239,-11.1583,-53.9713,83.5855,25.0005,-3.88931,70.4095,84.0484,43.9223,56.7147,-97.4969,-64.6526,-10.0149,
endPlayer
// Player14
stat 5
	layer
		node 37.6092,83.6458,34.3767,12.8057,-61.6933,-66.2147,51.3603,65.493,97.0439,93.0542,47.8139,40.513,38.63,-45.0737,41.2161,65.542,99.6354,17.8705,84.4994,57.8399,52.0338,59.0637,57.6495,-86.6371,76.7083,-9.84859,
endPlayer
// Player15
stat 6
	layer
		node 55.4638,43.7325,-67.6843,78.7454,80.1925,36.859,-69.276,65.5527,44.0645,44.9758,47.4369,39.3403,-24.7989,-4.38232,7.84514,12.0023,53.4762,77.2331,-6.3903,51.5313,51.7069,12.269,60.7341,-85.3826,77.8916,46.7829,
endPlayer
// Player16
stat 4
	layer
		node 24.7458,90.3417,28.0099,76.292,29.5609,17.6645,-68.0295,25.5874,64.9147,94.693,24.2041,-17.8641,65.7988,-3.57624,7.6007,-66.4256,21.9595,71.1174,-3.74828,-10.9363,57.8414,-54.3277,55.0246,27.7199,74.9226,11.2348,
endPlayer
// Player17
stat 3
	layer
		node 48.8023,3.9862,71.0899,-71.5367,81.8171,-80.2403,-69.2928,77.7471,27.6632,91.9089,45.9488,1.08052,76.0569,-12.6796,25.4861,26.9615,23.5419,25.6461,44.4321,-29.777,50.9408,39.6256,56.0004,-76.8075,97.9181,31.0584,
endPlayer
// Player18
stat 6
	layer
		node 45.6865,30.4709,11.4111,-7.46096,89.4514,16.7375,62.2706,77.6404,29.2435,91.8002,52.8836,76.3719,64.7275,35.8898,27.5886,-22.8245,-0.129101,-26.4183,46.1461,-28.2512,-30.0646,41.5226,34.7845,34.2452,-16.7283,26.3963,
endPlayer
// Player19
stat 2
	layer
		node 64.8341,72.2808,-92.6263,90.3178,98.5899,-71.047,-74.6573,25.9179,-10.6055,83.3442,48.2042,101.429,66.9357,-70.8467,28.8903,-21.7771,-0.957257,-25.0592,-66.8645,-29.6479,-28.401,31.8886,57.2359,30.0669,48.0588,-92.1758,
endPlayer
// Player20
stat 6
	layer
		node 14.0415,61.7803,41.8956,63.3556,23.2683,1.8685,65.0345,-13.0385,52.7207,62.031,40.9859,56.5812,-58.9824,17.1621,62.1226,80.9722,44.9742,56.089,28.6971,5.19743,50.8705,32.777,24.9536,-8.78365,62.4025,-80.7359,
endPlayer
// Player21
stat 4
	layer
		node 44.0007,45.5478,25.0784,96.9359,9.51037,82.0911,-80.3761,-11.857,7.49005,74.9011,30.2887,77.7992,57.3315,57.9411,89.5501,-15.5855,69.2485,60.9761,-54.5045,38.0635,-81.5019,12.6941,25.9622,15.4608,-51.5334,73.9198,
endPlayer
// Player22
stat 8
	layer
		node 43.3852,69.949,25.9613,89.1824,7.37212,38.7489,-90.5246,83.7849,9.78592,69.7587,18.8699,62.1964,58.7805,72.228,-9.66408,-96.7138,37.7817,26.4718,80.5401,43.2346,-80.2886,13.8427,59.2187,17.5183,-49.4366,-41.2713,
endPlayer
// Player23
stat 5
	layer
		node 36.9,80.3912,-67.0655,25.29,92.9425,71.763,21.2105,67.1856,31.4369,44.8154,74.8915,36.4482,-76.9009,-74.0158,48.7497,64.7479,80.3081,30.2053,81.5311,76.9112,49.8426,61.1063,62.9624,-84.8072,80.7004,-27.7859,
endPlayer
// Player24
stat 4
	layer
		node 90.5874,45.3191,25.8275,84.4253,79.3979,50.264,19.0038,-3.21921,64.6164,-1.38781,98.0412,41.1841,61.6955,53.5453,49.852,99.614,21.0822,-64.5619,81.3853,-56.8024,-9.37147,68.5914,62.5893,-21.2987,75.6947,50.1584,
endPlayer
// Player25
stat 7
	layer
		node 16.3474,91.9405,26.2303,10.8889,-60.7822,46.8476,19.1311,-4.29686,12.7108,94.193,54.9852,42.5658,65.3352,-21.8848,-67.7978,11.6458,21.0924,77.8083,79.4674,-58.1815,21.9502,12.5247,59.3081,2.05445,84.5731,92.3681,
endPlayer
// Player26
stat 4
	layer
		node 10.3648,79.6456,71.311,93.3503,65.5025,19.6787,29.5485,-0.889843,13.8708,91.5049,55.3083,40.483,73.2558,59.517,-67.1398,-67.4697,13.4268,76.4744,-4.1638,64.3704,46.8334,40.3829,89.7752,29.0771,62.1358,-67.6136,
endPlayer
// Player27
stat 11
	layer
		node 49.5517,-68.3623,69.4814,81.2685,7.84915,43.345,63.0467,58.3651,88.2499,26.5853,45.3548,67.8941,76.2401,44.539,28.454,34.3227,-29.0297,30.398,90.0611,61.2376,11.4531,37.9994,53.5511,-74.1029,97.0692,-67.6928,
endPlayer
// Player28
stat 3
	layer
		node 46.6059,31.7404,68.1441,-28.9708,99.002,-76.6591,62.4403,59.1624,-10.5523,24.5231,49.9396,86.5784,67.3743,57.9246,25.3663,-21.5658,18.5441,96.9751,45.7666,27.5559,-25.855,31.8044,54.2799,32.351,56.5007,-65.6695,
endPlayer
// Player29
stat 8
	layer
		node 63.533,94.0781,-73.253,77.5486,10.6877,93.3107,63.5716,-11.9471,-10.3468,63.8159,44.3115,53.8771,101.763,58.1824,26.5406,79.9366,21.7287,56.2451,34.1909,57.8771,51.6873,26.9734,75.8367,43.4787,22.5341,-92.1858,
endPlayer
// Player30
stat 9
	layer
		node 34.012,22.6215,8.90047,72.82,11.8215,-59.8401,60.8644,-7.25307,76.3817,92.4803,32.6752,66.896,73.8006,16.7619,-59.7512,49.2777,78.2772,43.2494,83.5655,50.2554,54.0896,31.0159,12.189,-9.87743,54.814,77.1324,
endPlayer
// Player31
stat 5
	layer
		node -97.6407,45.1012,-67.3431,95.323,-59.3583,70.0338,61.0078,-10.3177,6.94167,67.1721,18.7133,64.3076,59.6381,72.6086,-59.0873,-13.721,80.6114,53.8434,83.0905,83.0184,48.3107,45.4157,25.7427,-7.88149,76.5126,75.2877,
endPlayer
// Player32
stat 6
	layer
		node 53.1352,69.1844,-66.9191,93.8079,-62.0631,42.8948,46.0583,-12.8709,87.5922,47.4744,17.3638,61.5057,44.3195,56.0757,-43.9872,-16.0483,66.5613,21.1243,84.3432,70.6218,68.5279,62.5684,63.5165,18.9098,80.3528,-9.48287,
endPlayer
// Player33
stat 7
	layer
		node 63.3044,78.7814,50.9763,42.6399,-63.7864,49.3447,51.5158,-6.10896,31.2592,0.53216,95.3202,37.237,55.8126,-67.137,-67.2677,-95.9054,65.7815,43.6453,63.6651,34.0781,66.86,-32.064,63.8116,-18.6045,-87.5836,51.5781,
endPlayer
// Player34
stat 0
	layer
		node 63.3532,71.1151,54.486,85.4404,-61.633,49.7687,64.7699,0.321855,21.996,35.9924,63.339,84.8108,22.0736,-21.4446,-65.7117,47.7213,20.3858,-51.4166,80.9846,-58.2328,72.7788,-25.8546,61.9266,-22.4852,95.0971,46.7465,
endPlayer
// Player35
stat 8
	layer
		node 87.4206,47.4244,55.0639,-67.1394,-64.407,43.0032,12.4502,-6.07643,43.6147,-1.69955,41.4634,7.82405,98.5478,61.5318,-69.3757,17.7659,13.0753,79.6588,92.5642,26.1514,73.3594,28.4185,88.8996,32.1156,-2.84883,-9.57723,
endPlayer
// Player36
stat 3
	layer
		node 9.58832,86.4696,70.3208,21.8675,-63.0846,-82.1555,62.5999,-6.58024,-69.0052,25.3123,-71.0443,68.0511,62.8985,19.9304,-62.6816,79.2048,98.8966,18.2772,90.8397,24.3838,8.80744,40.7887,96.2728,-75.0404,31.1338,25.2079,
endPlayer
// Player37
stat 4
	layer
		node 12.0084,90.0316,6.62506,56.8604,59.4108,-78.9895,29.0806,8.35353,41.4205,0.308879,49.7929,66.5765,58.3061,20.0042,29.0373,50.9866,66.5883,77.505,-9.4648,28.2834,45.9773,40.7952,25.9734,-71.528,-65.7271,-66.7005,
endPlayer
// Player38
stat 10
	layer
		node 64.9096,46.3221,9.51722,5.18359,7.55285,-77.2163,7.61005,-5.69914,-12.4486,26.8779,50.2784,88.6355,65.7911,14.2765,68.3034,50.9779,48.358,30.4927,57.5256,27.5081,10.0462,26.837,24.5511,31.6386,-65.6651,-63.4676,
endPlayer
// Player39
stat 7
	layer
		node 60.5209,48.0994,9.47526,8.8826,69.3844,1.01239,7.11267,-9.32387,40.2386,62.7789,45.4381,65.2975,74.1596,12.869,-83.464,80.2772,54.5506,13.684,66.7039,48.9962,58.0582,11.1803,-6.50171,25.172,20.5238,25.7651,
endPlayer
// Player40
stat 4
	layer
		node -66.4008,94.4077,10.2081,61.7245,10.8675,-9.98939,35.6886,-8.14552,66.6572,66.6808,16.2171,-60.4905,92.1622,80.1269,-92.1608,41.5113,34.854,-44.2064,69.2125,11.7902,50.3611,43.0717,52.195,51.7144,54.1888,71.6779,
endPlayer
// Player41
stat 6
	layer
		node 50.4932,73.7598,-65.569,85.2795,-58.3684,71.0472,49.7014,-12.0784,87.4339,50.3616,33.9301,15.4121,42.8126,70.813,-39.4228,44.9093,67.5657,-40.8187,67.5439,79.0174,65.3165,57.5678,14.5498,37.8838,-79.241,49.9346,
endPlayer
// Player42
stat 10
	layer
		node 65.6434,72.4953,-64.8304,34.4816,-61.6491,49.7766,61.5404,-13.5886,89.1157,47.4138,33.2805,41.7226,50.6751,50.0926,85.7219,49.4407,66.3016,15.9451,63.114,77.7039,68.0159,69.0456,15.454,-22.644,87.5538,104.816,
endPlayer
// Player43
stat 3
	layer
		node -97.0282,71.5559,53.1577,85.3212,12.7286,49.665,45.8061,101.818,39.6347,-1.35454,59.31,39.8062,57.0476,-65.7146,-65.6264,17.9118,49.5086,60.2786,95.7274,-19.5924,73.1773,35.1612,23.261,76.9205,32.1459,-30.3464,
endPlayer
// Player44
stat 4
	layer
		node 19.4884,79.0005,-11.1004,-57.8051,-62.5674,39.3234,47.1161,-3.69766,19.636,2.40813,95.8257,21.5293,97.9157,-2.33288,-53.6815,17.0444,50.6997,58.4433,95.3074,-69.4178,31.3046,-32.1006,91.8919,-19.0387,-76.1077,54.6756,
endPlayer
// Player45
stat 10
	layer
		node 53.5626,78.6644,59.898,-65.9154,58.7565,-67.7026,45.3744,57.3385,42.7969,61.8888,62.9445,-71.7924,21.7989,-13.313,-63.4981,17.5645,23.1107,75.9702,95.1549,69.8188,73.1492,-76.2229,93.585,-7.19936,31.1108,37.897,
endPlayer
// Player46
stat 5
	layer
		node 13.9405,38.4598,25.3958,21.0209,46.8929,-54.988,50.0107,28.8561,41.2934,58.5305,102.836,20.4723,101.071,19.814,-23.5503,51.9914,98.1042,77.2745,62.9418,29.1341,58.9374,47.8212,103.302,-73.7777,-65.8877,-64.286,
endPlayer
// Player47
stat 7
	layer
		node -0.211514,39.261,22.8502,63.917,66.0206,-59.6602,41.538,0.255815,27.1179,2.58466,63.6157,73.3378,100.445,-14.1202,-25.3752,50.2225,52.2135,29.8636,55.6656,91.3587,29.9836,46.9659,24.3306,29.3353,-65.5728,-94.8848,
endPlayer
// Player48
stat 6
	layer
		node -6.87879,46.8458,-70.5982,72.7003,-55.2649,0.848777,-5.79805,9.30122,76.4193,22.0514,-67.4588,66.9207,100.935,16.1159,62.5087,32.22,56.9493,13.2448,34.128,55.0105,44.5715,46.7697,63.7809,-6.95961,67.0134,-94.3892,
endPlayer
// Player49
stat 3
	layer
		node 48.0283,96.1452,12.2787,9.78083,-55.9835,73.4336,65.0507,-3.03805,27.9702,21.1144,-92.2551,67.0624,59.822,14.2612,-58.15,83.824,56.435,13.2091,31.2534,19.6567,58.1357,23.0145,63.4745,-7.39519,21.1737,74.1654,
endPlayer
// Player50
stat 8
	layer
		node 53.1804,73.1719,14.5476,36.8043,39.4256,48.5719,59.1433,-8.39115,89.0233,50.8882,34.5381,33.8741,76.6074,46.8209,14.6968,13.9916,79.244,-43.5781,33.4977,47.7523,48.4036,33.4164,50.2087,-9.71123,41.0594,14.1231,
endPlayer
// Player51
stat 5
	layer
		node -96.573,68.3567,-66.6088,48.9894,42.1444,40.2131,36.8492,-13.7499,86.3806,50.3843,17.7787,93.7523,21.6629,-92.9038,32.7805,49.6191,-60.4172,67.3815,65.6662,79.0727,78.1369,33.3428,61.8491,-23.5626,-77.9274,14.0736,
endPlayer
// Player52
stat 4
	layer
		node -20.8246,70.5134,61.0415,42.2484,45.0943,41.0313,36.1682,58.7846,41.5893,49.0472,16.4861,39.9908,23.4845,-66.422,-61.6074,17.7862,77.3245,66.7327,-56.5211,74.2487,11.5392,33.1307,24.7211,-97.4683,27.1572,96.5143,
endPlayer
// Player53
stat 8
	layer
		node 86.6446,76.8352,-14.8593,18.2057,-61.871,27.5928,67.9841,-60.1441,13.1524,95.3135,95.7863,76.1767,104.69,-67.0306,17.3,18.7416,48.1297,91.998,-15.8919,-68.0784,-11.9454,-30.2939,14.9698,-55.4886,29.1868,55.7632,
endPlayer
// Player54
stat 7
	layer
		node 18.5544,100.412,61.3437,66.9891,82.2014,-6.17011,-72.0974,-6.29374,36.2602,52.7586,76.848,20.4958,101.612,-63.0224,26.4327,14.706,39.0969,48.0682,96.7733,51.4652,-63.1293,-17.6811,101.042,47.8312,31.0245,37.7985,
endPlayer
// Player55
stat 6
	layer
		node 78.071,45.0268,25.8294,-66.6947,-59.8178,-67.0234,7.87049,-6.1589,41.5343,52.5256,-71.8278,27.8593,103.237,-66.4494,-23.3158,52.3983,97.4692,72.1543,57.8888,43.2027,60.4052,-40.4365,94.0076,-4.80206,30.4792,37.2801,
endPlayer
// Player56
stat 7
	layer
		node 14.1245,37.569,89.3527,-0.890326,34.5926,48.5653,41.8816,-5.73372,65.027,-61.1026,103.379,29.6476,103.65,102.067,70.6204,93.5773,-14.2831,-66.8283,62.4275,29.2828,20.298,21.3733,84.5285,-3.92621,64.2024,-91.5982,
endPlayer
// Player57
stat 4
	layer
		node -8.57585,95.0657,-68.9461,48.1479,25.5137,-59.0759,9.17259,33.8544,90.2785,96.211,-94.171,26.3867,72.9069,-14.0703,-70.6388,35.6295,99.3858,-67.8096,-71.5676,23.8195,21.1139,66.4283,102.121,67.1339,28.9992,-93.9001,
endPlayer
// Player58
stat 6
	layer
		node -8.81404,85.0597,24.77,25.8531,34.323,81.6563,9.00771,-12.5809,26.0877,-64.3012,-67.3622,-60.8895,71.7621,24.8447,-58.6842,38.642,82.5667,12.5868,30.373,51.0866,59.6001,67.411,-58.8008,-7.954,63.5382,73.0456,
endPlayer
// Player59
stat 4
	layer
		node -7.75847,95.8417,95.1988,34.2626,-58.4135,43.33,53.9052,-10.3734,28.8029,25.0589,98.3607,34.7851,92.0227,78.9089,35.849,79.9,58.4212,13.2063,31.4144,51.4251,80.766,42.9028,31.0689,-8.17559,43.3501,22.8887,
endPlayer
// Player60
stat 7
	layer
		node 17.1989,74.8964,-66.7126,50.6795,38.1155,46.753,-73.4588,16.1198,88.386,65.3235,34.5983,44.97,89.918,29.8972,36.2234,45.8732,99.6251,34.7952,68.3021,78.0538,47.4224,37.1367,12.9609,-8.35842,42.5717,22.1455,
endPlayer
// Player61
stat 9
	layer
		node -100.082,68.0469,-77.607,86.9642,40.7325,47.9101,65.8521,58.6628,89.8908,66.1043,35.2582,108.067,91.697,25.762,41.2716,20.1057,39.6159,63.2236,72.8064,49.2541,11.0747,45.9451,87.5286,19.4601,34.5393,6.32546,
endPlayer
// Player62
stat 4
	layer
		node 28.1418,92.6932,-79.3984,40.7775,64.1655,27.5896,63.8074,96.8977,36.8008,48.8904,-74.0373,13.0087,29.9039,21.2268,16.3443,52.4661,90.5014,-58.2231,-53.43,76.1567,-10.4002,-77.7678,15.5157,24.7913,16.6933,95.4457,
endPlayer
// Player63
stat 5
	layer
		node 20.0301,105.958,22.6513,-59.6641,52.1105,-62.687,-72.0382,-7.10622,38.282,48.889,-74.0346,36.1461,89.7592,-63.664,15.9371,17.0396,24.1506,-58.8473,96.6681,-66.0629,42.6254,61.8984,84.5993,42.1989,18.3505,26.0039,
endPlayer
// Player64
stat 10
	layer
		node 79.1915,46.4726,77.3802,101.638,-58.0975,-66.647,55.4669,61.5503,37.5967,49.888,39.2189,-82.7391,102.845,-24.7335,17.4896,15.439,75.3923,-61.5172,60.1961,89.5922,59.5494,61.1979,81.8701,-3.67227,30.706,37.4179,
endPlayer
// Player65
stat 6
	layer
		node -71.9891,81.7319,90.8772,100.445,69.7319,23.8854,-7.75219,36.3221,37.6627,-63.7886,103.906,7.61298,57.1024,-64.6965,-14.9428,-6.84715,101.378,-68.3659,72.276,27.8992,18.2597,-38.6171,81.8939,-90.3595,49.6037,38.9729,
endPlayer
// Player66
stat 3
	layer
		node -9.38519,36.9673,37.0738,49.4799,68.9858,-59.5373,45.9704,-4.39198,64.674,-63.362,-58.1293,6.87074,93.0778,22.2852,19.3392,-95.2866,78.9789,23.1833,-81.3971,24.0929,22.7976,85.0963,102.755,-4.1047,32.2551,44.701,
endPlayer
// Player67
stat 6
	layer
		node -8.44407,90.542,11.7588,24.8406,25.3088,-57.357,43.7911,29.2302,85.8583,-68.1997,-99.8472,-1.23807,71.7511,25.7779,80.5715,37.5711,71.9202,31.9515,0.849593,24.5847,18.9056,-68.2274,40.4767,-1.84037,31.8885,-97.4882,
endPlayer
// Player68
stat 8
	layer
		node -7.08611,74.9783,12.1173,37.2073,-55.805,81.321,39.8271,-10.0897,-72.7212,24.9581,53.8565,-59.6631,91.3298,80.2606,16.8456,89.3896,53.2287,-92.3122,16.7961,10.1759,12.6007,43.9546,32.9505,54.6908,64.4372,54.1692,
endPlayer
// Player69
stat 10
	layer
		node 62.9511,32.7815,60.8966,36.9511,51.5906,64.0375,53.7743,57.8289,6.58962,53.0325,33.4904,-10.3817,95.69,81.0588,32.799,99.0046,55.7801,14.7996,29.8731,53.4153,11.5784,31.4259,13.3132,20.5439,40.3003,52.9143,
endPlayer
// Player70
stat 7
	layer
		node 19.5019,76.2276,-78.6409,48.8111,81.3572,-86.4616,-71.8916,38.574,90.7587,62.8894,19.7382,59.5923,-44.2125,29.2174,27.5842,98.9422,-10.7338,30.17,68.3318,-8.64467,24.3557,53.5466,98.5365,20.8739,31.1487,-96.5065,
endPlayer
// Player71
stat 3
	layer
		node -72.7185,59.4672,-72.7028,-65.5274,82.3309,39.5738,-76.047,57.9287,11.8588,85.9741,-8.70648,36.8385,-78.4729,-49.4536,13.2063,21.1892,52.8416,-56.7318,73.4007,38.5917,26.7358,25.2465,8.33605,20.3327,66.7821,92.651,
endPlayer
// Player72
stat 6
	layer
		node -75.8415,76.9118,-77.498,-68.5147,38.883,-62.5475,45.3792,45.091,9.44273,50.7162,1.87947,105.15,-78.4336,20.0216,11.9327,-63.3036,25.522,-58.6367,0.564056,42.1522,-9.94879,26.8379,-11.1496,17.378,30.0114,93.6006,
endPlayer
// Player73
stat 6
	layer
		node -74.0723,101.551,-67.7748,63.5176,-60.7989,27.5667,67.5325,-3.81212,37.3361,58.8746,25.8064,104.944,72.2076,-11.1527,10.8822,15.2167,25.8661,-58.8581,95.6576,78.5412,41.0662,-39.5221,-45.6678,39.7398,-77.6877,102.369,
endPlayer
// Player74
stat 12
	layer
		node 79.7364,77.7172,83.0232,-3.13297,61.6954,69.4414,10.0804,56.2981,41.0356,10.8651,-86.5017,-82.9877,67.2758,76.2171,12.3591,65.3259,59.2414,4.75256,61.4436,74.6936,75.9609,87.0019,21.936,-89.9285,30.6999,47.1574,
endPlayer
// Player75
stat 3
	layer
		node 77.1721,-74.0556,81.8497,15.6764,84.8877,22.9762,36.8702,46.8486,102.513,14.6001,-86.3187,21.5386,55.571,22.9671,83.036,-6.21978,72.9685,-57.3519,-89.2723,25.2569,77.2471,84.1366,102.266,-2.92818,79.1093,72.8444,
endPlayer
// Player76
stat 8
	layer
		node 34.4446,-72.9168,27.7162,71.7582,101.565,24.1119,35.7635,37.773,6.9916,33.2707,2.19253,93.0113,73.6024,16.2329,81.4729,72.0079,50.0832,-55.0456,-4.84857,26.6754,18.9331,86.9846,43.9325,0.80741,48.7313,45.9325,
endPlayer
// Player77
stat 5
	layer
		node 10.5169,-70.9055,54.7437,-5.07298,-66.4778,58.0761,51.8287,37.9494,-68.4581,-63.7679,27.4514,23.9961,72.266,11.4938,81.3236,95.4655,81.3009,32.4843,-82.7353,-8.79697,58.7295,85.8365,16.7749,-54.9439,29.4706,-94.3241,
endPlayer
// Player78
stat 3
	layer
		node 74.8734,10.8235,59.843,63.7249,-66.2712,16.2222,56.1732,75.821,-73.6801,-61.6053,59.9886,34.346,9.2626,57.4534,44.074,-94.9042,10.9874,15.0147,-83.7651,-5.46956,91.7414,69.0889,41.6079,58.2701,77.8138,54.4464,
endPlayer
// Player79
stat 7
	layer
		node 61.0391,9.17316,-90.6568,15.7276,12.7507,64.3864,-73.2086,-11.8452,-72.7292,53.6282,53.788,56.8955,-73.3104,-68.0381,26.2772,53.1713,98.6511,21.1646,71.2266,-6.9469,10.1349,31.4141,98.841,20.7678,-65.6551,55.8832,
endPlayer
// Player80
stat 8
	layer
		node -7.80329,78.4119,58.9318,-66.1375,34.3325,-82.8556,-75.4138,80.4117,54.961,65.9911,60.4564,100.137,16.4841,-48.4782,14.4485,18.7948,38.5813,-56.6352,67.8589,19.3037,21.4248,13.3336,100.652,17.0271,67.1678,77.6356,
endPlayer
// Player81
stat 6
	layer
		node -70.5654,91.3228,-75.8431,33.2447,22.6305,-71.7454,67.8906,-70.4478,38.4319,56.983,4.98412,101.73,27.7818,23.1656,10.6553,-62.455,36.3927,69.849,47.4599,20.9007,27.6694,22.9471,-20.8422,-98.2879,51.6076,-94.7425,
endPlayer
// Player82
stat 2
	layer
		node 65.1506,88.0949,-68.7815,102.636,26.8984,25.3269,65.2654,39.2014,38.8093,58.0759,26.5702,102.257,58.1097,-47.0785,11.921,39.8107,35.3214,-61.5861,30.3173,-63.5457,32.7573,23.0612,-94.4464,36.9034,-95.4921,96.3852,
endPlayer
// Player83
stat 5
	layer
		node 79.7399,88.4453,-72.4347,62.2176,-69.5892,-37.22,-85.0508,-86.6828,44.6122,61.8714,43.5488,24.4481,34.874,22.5344,23.3525,29.8421,58.7991,4.76359,-36.485,75.1354,54.4,38.5845,69.3801,-2.76686,-77.8596,-71.1883,
endPlayer
// Player84
stat 7
	layer
		node -42.1364,78.2313,66.6101,-3.11748,79.9595,20.9628,54.7553,56.5532,104.816,6.91032,10.2532,2.458,75.0334,77.3007,72.0383,-6.44089,57.356,4.0654,74.3982,76.6078,42.1413,28.8482,9.8146,79.6815,86.8022,-86.1117,
endPlayer
// Player85
stat 7
	layer
		node 75.6769,-73.6368,24.6245,50.4922,-69.162,75.2881,6.24344,1.30335,95.5022,11.3102,3.68482,13.3326,102.947,-4.97349,85.1895,76.341,70.2988,-0.38162,-1.05528,70.1024,63.5971,57.3116,80.673,-73.1118,87.6068,-87.0876,
endPlayer
// Player86
stat 5
	layer
		node 88.2216,-74.3644,32.787,23.3723,64.2569,80.155,-79.3378,37.988,45.899,11.4263,27.7183,17.5307,100.783,18.0619,85.9966,73.6077,10.7774,23.0584,-6.53493,41.6682,-67.7031,-72.6637,41.7941,-74.1322,23.5169,-93.8741,
endPlayer
// Player87
stat 5
	layer
		node 61.2557,-74.0626,53.6013,63.3066,-67.4613,67.7901,49.7894,62.6825,46.2773,11.7374,-93.3432,27.6345,-25.4438,-69.8226,59.8039,30.1481,82.7215,33.4879,-82.6885,-7.28061,55.3952,35.6573,18.99,55.3117,-40.0974,59.5061,
endPlayer
// Player88
stat 8
	layer
		node 75.8396,75.3347,64.2981,-74.2477,-7.36319,63.2531,-75.4774,38.9842,-73.3922,50.8489,52.4549,59.3162,67.649,13.6795,26.7201,99.3085,55.1423,13.5489,19.3464,44.6382,48.3964,-55.7217,101.084,57.9013,-39.3166,74.2169,
endPlayer
// Player89
stat 4
	layer
		node 64.3311,74.3631,26.2249,-74.7245,62.8256,-82.7567,53.4796,77.0818,6.17273,53.417,-74.8169,61.04,19.8542,39.7857,63.6384,21.2691,84.7566,0.606034,66.4214,-73.6745,37.7821,12.16,100.583,58.6793,67.5732,5.24504,
endPlayer
// Player90
stat 7
	layer
		node 46.9213,59.8949,25.4129,36.3442,21.5404,-72.5034,-73.8835,47.6764,10.8557,90.3519,40.7942,36.1115,-43.2677,-47.2948,14.0231,-63.3129,-69.5745,-56.8179,49.3987,29.1351,22.1819,-69.4837,27.3696,26.4404,-80.3616,78.2905,
endPlayer
// Player91
stat 8
	layer
		node 16.4511,90.4374,-31.8287,62.4019,25.5486,63.1007,64.7829,39.8713,11.1686,59.0225,43.0832,101.626,58.2156,25.8878,12.4199,98.5252,24.3166,81.1983,48.6213,45.8561,23.692,31.1925,101.947,-71.9718,-71.8737,48.6459,
endPlayer
// Player92
stat 9
	layer
		node -66.9692,92.1237,-70.2896,85.0592,92.705,62.2273,-93.3531,40.7337,14.3367,12.2293,41.5482,22.6962,61.2125,94.2368,28.1629,-99.1988,12.2155,20.2618,32.1283,-46.3172,9.97899,44.8959,96.5295,-88.2395,-78.9878,-78.4972,
endPlayer
// Player93
stat 4
	layer
		node 79.8142,23.1682,67.9828,101.776,81.994,64.5225,66.083,28.7397,102.735,10.8587,42.7333,20.9454,34.5411,24.9454,95.2725,34.3986,24.4669,87.3058,71.9633,75.3906,54.4885,30.3266,-10.3388,-88.9973,87.7509,-78.2258,
endPlayer
// Player94
stat 7
	layer
		node -44.9044,-7.9032,51.2845,90.742,-68.3308,39.5889,54.4322,-73.4837,50.8173,95.1007,11.6655,57.4477,74.7807,-0.774716,92.5687,20.9959,45.3989,77.9644,-9.89409,55.491,55.049,72.9851,21.3377,-3.69331,77.1267,-87.1336,
endPlayer
// Player95
stat 3
	layer
		node -44.1749,-8.70744,70.1547,99.7007,26.3114,79.4596,5.3309,35.0185,47.3825,92.2942,67.4518,56.7234,-23.3312,98.3515,-62.4109,77.3028,44.5378,-83.3444,-53.6649,-1.79537,51.052,30.8064,13.1893,29.0413,76.8364,-71.0451,
endPlayer
// Player96
stat 8
	layer
		node 59.4819,92.89,54.1431,-74.5365,-69.0892,75.9844,-80.6452,26.4162,46.0328,10.1763,48.3684,69.0716,102.149,64.3399,7.87828,100.76,99.0942,-94.0239,35.8031,94.9971,48.3431,-54.8369,39.1517,-84.4814,-26.4821,84.5081,
endPlayer
// Player97
stat 6
	layer
		node 45.9361,-72.3759,8.88431,34.5015,-69.4501,33.4686,96.9035,38.7731,39.3822,43.146,74.1535,18.7095,9.75718,-71.5327,5.05762,101.565,55.0912,81.5883,-8.01004,54.9636,41.1094,-53.5811,54.5276,-81.4692,30.1629,84.7361,
endPlayer
// Player98
stat 3
	layer
		node -27.8329,10.4798,97.405,78.7537,12.5729,-83.6335,96.6799,77.5487,53.6585,9.23261,71.1649,27.7596,-24.8435,44.6126,-53.2018,-69.9548,101.963,53.1923,44.5689,-7.97037,46.5594,33.8147,23.2508,-75.5853,21.0001,5.86861,
endPlayer
// Player99
stat 5
	layer
		node -72.0994,77.4874,9.01367,-68.5615,31.2762,-84.7208,99.1618,-84.0338,52.3465,31.4671,46.3923,46.3457,18.8526,-69.2665,13.7265,-68.3088,34.7044,15.3158,44.1524,-9.74285,24.1048,30.2181,11.3745,11.5272,67.0445,76.9995,
endPlayer
