// Player4
stat 6
	layer
		node 11.9883,201.171,159.135,57.414,76.9953,136.024,168.112,96.1703,-17.0334,-17.4326,95.8606,144.715,215.111,-9.6622,206.643,1.95044,98.354,216.495,-90.6966,166.597,136.326,2.56206,180.768,152.284,179.464,212.958,
		node -6.36254,162.752,202.381,3.6299,31.7482,161.182,176.992,214.175,149.145,-28.2635,85.7893,106.499,176.481,-102.53,199.723,68.3198,-53.1269,143.785,15.8834,30.6103,171.673,191.358,86.562,188.597,170.798,133.697,
		node 88.1477,165.951,-23.9771,251.635,71.6678,201.038,171.15,-78.2585,211.73,74.0022,22.6314,198.934,83.0904,11.0288,-68.5068,9.77751,206.478,219.728,-55.8444,198.447,25.9622,-15.8386,98.2432,171.98,-11.7886,46.3632,
		node 90.4334,96.6566,70.3567,-37.3099,197.766,148.58,-6.43415,140.443,251.448,254.718,126.579,221.461,57.5099,212.98,85.8622,118.604,99.2982,206.884,181.965,-76.2756,5.37667,41.8113,178.392,195.612,5.60802,37.7692,
		node -5.6155,137.682,152.002,71.7796,153.695,257.145,71.2107,-116.757,176.806,156.682,63.4168,156.203,189.435,-3.72112,108.003,224.122,169.832,116.061,141.737,173.018,179.432,164.566,60.0935,157.25,114.545,60.4466,
	layer
		node 178.74,70.626,64.5379,171.034,210.299,179.805,
endPlayer
