// Player65
stat 4
	layer
		node 159.103,153.318,219.499,73.6036,74.564,24.658,-12.1239,165.926,190.138,-14.0711,29.2334,168.829,45.4137,86.8255,40.4814,150.114,79.4958,228.35,-86.0635,95.2514,143.604,119.44,49.4916,100.797,165.519,-102.872,
		node -7.18478,-60.2852,161.732,-0.291021,-19.7241,116.99,-44.5427,211.183,104.853,190.493,71.9574,-98.5752,163.809,-99.0893,58.3982,77.1926,-47.5676,146.856,12.2287,26.4483,11.0719,188.262,-95.5001,68.1409,-12.8479,234.118,
		node -105.573,168.724,38.9491,250.792,195.798,-49.2042,-58.5854,-81.7131,65.5901,93.0716,202.303,80.0595,52.6787,120.206,38.6298,16.4315,24.1529,-90.6412,-106.877,173.88,29.3354,170.17,-69.7104,165.367,-15.7394,53.3517,
		node 57.7685,89.6933,164.585,210.554,22.7702,-45.2715,-64.1847,160.033,113.278,203.986,134.528,215.999,75.5629,124.261,85.5673,204.162,-65.6193,-76.0405,180.776,-33.1593,-86.8007,46.978,76.8602,208.062,180.919,3.05707,
		node 169.87,144.263,149.642,75.0733,84.4797,184.377,176.964,153.658,125.343,8.96694,-28.0578,61.5764,181.89,-62.7588,101.542,214.839,170.996,108.78,73.2627,-76.8143,225.39,149.696,222.572,189.901,116.417,27.8397,
	layer
		node -101.155,84.8797,-103.092,148.996,63.4258,209.468,
endPlayer
