// Player66
stat 6
	layer
		node 163.354,157.222,-81.0786,218.733,73.8513,79.6916,145.119,-7.76831,194.782,216.197,35.9208,209.804,50.1597,181.226,200.922,150.954,73.6873,225.073,-72.7482,-59.5263,108.102,118.528,86.228,93.853,164.749,-103.377,
		node 49.8993,-30.8954,164.079,7.61408,166.119,-77.7319,-41.2116,14.9647,191.532,193.309,-63.7893,107.417,188.86,162.362,170.344,204.825,-48.6713,220.355,251.668,98.5044,209.982,199.724,-96.8227,69.3829,-1.14912,132.282,
		node -97.4562,44.5592,32.9008,101.847,198.504,-51.1913,5.1294,-81.9399,223.978,90.4082,200.564,80.2096,-100.907,96.8586,-69.1332,12.8387,22.8366,166.141,64.6966,176.42,28.815,-19.5973,-85.1728,169.491,-17.6053,194.135,
		node 71.0678,171.098,167.596,127.67,180.359,52.6311,-37.96,156.029,268.671,209.937,130.449,152.795,-84.9597,126.224,87.0738,205.185,-64.7786,-75.3733,81.946,-34.7072,37.0247,47.1073,216.847,213.319,92.7329,3.33302,
		node 53.998,151.843,149.485,158.57,170.504,170.367,175.995,68.0014,100.047,156.918,86.311,176.667,184.428,27.7732,107.759,6.50578,170.669,108.735,211.563,171.283,184.743,147.761,224.756,155.401,44.113,120.358,
	layer
		node 227.458,55.2369,-104.46,144.259,-102.59,2.38128,
endPlayer
