// Player93
stat 5
	layer
		node -22.0916,137.794,-77.0381,-62.6015,-135.632,-55.3363,66.3249,-52.9619,-126.204,-6.96761,82.6646,-266.605,256.941,38.3585,218.793,44.8856,-212.063,75.2747,57.0385,-4.30206,-122.367,-125.415,213.588,259.494,139.413,-43.2474,
		node -160.584,-147.506,-65.4388,-101.853,20.601,-275.774,147.912,-46.0803,-191.53,-2.57084,-25.3279,10.7599,179.451,206.351,-83.1083,297.959,-82.8425,35.4624,52.5056,260.638,54.0551,-26.9474,-56.698,41.2762,-9.05759,-8.4744,
		node 50.5486,-97.6537,148.74,70.532,-43.3579,47.2047,-31.1331,64.4868,290.105,-42.0299,-77.2494,-55.7862,-91.6069,-256.619,-4.07304,231.914,-127.627,-177.134,38.7981,11.1208,185.53,52.9924,-6.94665,98.7111,20.9026,-141.027,
		node 122.171,-31.6625,-60.5333,27.9022,-44.2922,83.8343,-64.1374,-49.4433,149.123,79.0684,-75.8337,247.775,-104.927,-74.1066,-54.1292,-98.254,-41.8172,68.5496,43.61,67.4743,24.5257,-95.0896,-50.2215,-307.387,238.153,-61.0828,
		node 17.7804,-52.4155,261.258,-24.2884,123.289,-164.805,182.885,-78.5639,-9.9999,67.9098,181.72,175.679,126.44,-209.539,67.1134,-51.9201,1.10507,38.9757,188.947,-204.048,36.8883,15.0605,-35.0304,3.76614,164.982,-190.788,
		node -68.6944,-210.419,-150.647,184.345,309.452,-19.7904,-63.4335,-170.086,-210.592,-48.776,-159.428,-156.942,-77.5928,-121.769,49.0899,-28.034,265.464,166.06,-22.0656,114.131,-57.3816,-220.592,-109.492,67.4148,172.875,-191.918,
		node -35.3066,-9.0057,-57.5772,-95.4764,-9.24661,5.06696,-54.0932,-39.7995,96.9053,-120.376,-149.486,102.469,54.9167,-29.8715,-97.8756,166.784,269.413,-111.497,223.612,222.906,-114.035,-95.6306,104.913,-142.603,83.8452,60.6439,
		node 48.5732,-7.32587,-212.838,-119.985,79.5049,21.7955,78.0295,-90.4962,-41.2861,58.2911,-45.0585,-134.548,163.613,228.644,-72.6766,222.662,-23.7068,32.2678,17.5871,-50.6564,-63.1843,175.63,-2.12957,-96.3008,-78.7549,-49.5657,
		node -32.1904,-40.396,324.213,-145.165,-8.03989,-26.0451,-85.2819,-184.145,-121.362,22.5649,34.123,246.937,304.38,-49.8041,225.756,255.46,203.702,-42.7886,73.0221,15.1724,-13.0361,141.113,19.3853,-215.304,-88.3701,180.579,
		node 163.94,291.05,203.097,2.99755,-92.0899,-87.4965,-75.0273,246.517,91.3217,-144.333,-89.9088,9.00947,10.8167,-212.964,141.189,242.321,285.802,40.8511,16.9642,22.6967,-25.3886,-62.1422,-32.6882,-79.6268,252.486,-116.58,
	layer
		node -79.7687,-79.4468,220.333,-200.294,-39.7995,109.102,-51.6151,316.279,115.651,15.6659,-77.2369,
endPlayer
