// Player60
stat 5
	layer
		node -80.169,154.242,194.675,45.8928,-109.964,-68.2739,-105.798,-55.9063,-121.6,-5.95495,83.0733,25.5355,6.32003,26.3262,-161.433,-42.3714,-207.73,53.4313,20.7247,5.67303,172.249,-130.512,216.981,233.528,133.321,-41.9286,
		node 64.677,-149.164,62.1102,46.0417,-29.9431,-276.202,142.146,-62.6531,21.212,7.7155,-34.4144,3.0163,190.217,206.997,-100.563,297.477,-89.2948,64.5157,20.6142,-62.1295,24.1241,-17.3903,-91.1876,40.6209,-11.3525,0.595247,
		node 53.7979,-92.9896,136.397,70.2675,-73.915,41.7413,269.76,76.8967,293.297,-30.6218,-116.013,-43.7954,-100.648,-237.717,-4.10306,-74.3833,111.313,-152.617,39.3739,32.4344,-58.4584,52.3576,-4.66269,110.576,-44.2071,-144.887,
		node 107.905,-34.9755,164.2,-13.1997,242.534,81.7644,-59.5203,-45.5669,165.784,104.115,-83.18,250.717,54.7087,224.569,96.5296,-98.1945,-46.8524,71.7189,43.1423,54.987,36.76,23.9134,-49.0161,-305.942,265.015,-266.365,
		node -209.145,-65.9017,258.676,22.5923,123.216,-178.256,177.133,-86.8117,72.4856,-7.66574,195.687,164.506,102.198,-180.183,73.7629,-38.6869,-6.06068,66.048,188.488,-199.404,7.2658,16.4276,111.749,50.5203,168.948,180.464,
		node -22.8866,-197.017,-194.202,188.428,316.607,-24.1798,-61.6332,-180.542,-210.261,16.5688,82.4586,-154.131,-71.5785,-118.394,-226.923,-20.9282,234.726,-75.1559,219.368,115.446,47.8028,-214.568,59.5686,-35.7092,-49.6783,-190.797,
		node -28.4186,-0.890994,227.047,248.054,170.947,106.195,244.948,-17.5144,88.5375,-69.0882,-142.842,98.7855,53.2382,-17.1414,-100.556,166.723,32.5493,-142.971,210.974,218.2,-109.252,-86.9626,88.6221,-145.189,85.0175,6.34817,
		node 82.2697,-13.9451,-211.073,-115.686,57.0555,22.0012,81.1784,180.12,-43.2035,65.2289,-54.8509,253.42,162.421,-220.661,-83.3466,226.762,-31.9693,40.1542,-16.956,-54.7637,-55.4565,172.099,-0.732239,-294.777,-99.5502,-46.0774,
		node -25.9399,-10.7799,333.099,-183.877,-80.4706,-20.3022,-96.1679,-141.341,-125.198,-149.768,35.2975,8.47069,165.954,-59.9277,-68.8505,269.29,57.354,-43.4708,63.3902,29.2518,19.7696,177.19,13.9713,-214.472,-77.7279,186.108,
		node 183.784,-294.724,138.327,19.3097,-82.8217,53.5542,-63.8043,244.082,60.9166,-146.017,59.997,9.01215,20.3473,-206.565,154.13,228.445,276.636,-66.8217,-109.535,1.67111,-44.3528,270.421,-43.4734,193.868,233.862,1.34855,
	layer
		node 238.5,201.948,-145.046,254.643,218.273,-38.0053,29.925,-140.71,-141.623,-178.256,24.0604,
endPlayer
