// Player82
stat 8
	layer
		node 11.6701,44.7653,41.3593,4.59613,38.5746,6.32046,-29.4898,-50.3929,-40.8932,-53.8974,-29.4618,5.12875,11.0956,10.5992,-27.9212,-42.0333,-2.1955,-43.0295,39.57,-20.759,18.3235,-18.5084,14.9616,-4.47507,-28.893,8.32133,
		node 30.8674,12.5048,20.0669,-43.8422,-51.8324,7.2864,-25.8397,-0.540764,11.7745,-31.5055,-5.60261,-52.7981,-53.6359,2.29125,-23.3392,-14.9654,8.66737,-27.3729,-32.3252,2.78481,-45.9051,11.483,68.6635,-67.0443,64.6931,-62.6101,
		node 27.1931,-59.2093,5.86614,46.263,-33.9242,-10.4656,74.2666,61.8742,16.1146,2.18488,-52.2738,-29.0671,-44.7452,29.8426,-56.5124,25.691,-63.8016,-13.7346,28.3273,12.7178,31.8521,-63.6775,30.9064,-15.0962,42.2409,-28.3928,
		node 15.5855,19.2524,0.625676,63.2707,32.6673,10.6969,11.0879,-11.5786,28.1052,29.9634,29.5192,-30.7892,29.1599,-6.33267,-35.5378,44.4236,19.4275,-2.25481,29.8903,-22.0497,80.852,-9.07903,-15.2454,64.1681,-54.3799,20.3698,
		node -78.7203,38.1386,38.4928,23.8344,-44.797,-50.7365,-33.8651,-30.5312,-9.0941,13.1851,-48.3472,-9.16463,43.6918,11.1881,-10.6694,-52.0982,55.7328,16.1102,11.1678,-85.4917,13.5018,24.7421,-60.5244,14.1087,5.71219,51.0326,
	layer
		node -8.64324,27.6918,14.0664,-26.2899,27.0669,-54.1767,
endPlayer
