// Player25
stat 6
	layer
		node 30.5963,85.0047,10.6179,2.68365,-8.2151,7.64977,-29.2888,-47.2064,-16.2348,15.071,-32.6596,-21.3289,-17.7385,16.9335,-29.7023,-42.0238,-5.10817,28.7874,-41.9308,15.3308,-14.1763,35.7558,-14.6529,-33.0974,9.985,-12.6021,
		node 15.3875,3.02322,5.53998,-49.4788,6.90296,-4.1391,-50.8406,55.101,23.7499,-29.9937,-3.78699,-11.7561,19.2015,15.3522,-9.44791,-63.3678,-22.9838,28.5903,-27.1423,10.5229,-54.5964,18.5529,-37.1776,-9.1855,68.1451,-29.3092,
		node 20.5607,-6.09564,2.05525,16.3836,-46.7101,44.3479,76.2627,60.5589,-29.1636,-15.7465,-12.5719,67.434,-53.5737,42.0236,-1.37793,-14.5832,-91.684,-26.0233,29.2198,-0.642038,-9.23881,-36.3887,23.2028,-12.0382,-11.84,-27.4998,
		node 5.32226,-6.90019,13.0051,57.3854,47.4289,10.8902,-30.9598,20.0231,-28.9407,37.978,6.47145,61.3721,-12.4469,-19.0649,-30.5509,35.828,42.4263,-19.1173,29.8546,-33.27,2.97185,-11.786,-5.90926,64.1111,30.358,-42.8982,
		node -18.4615,41.7977,13.9549,-56.0574,-3.80137,-15.9976,20.7409,-38.7757,-41.3371,-14.2593,8.66675,22.304,-35.0154,17.4093,-8.01663,-59.1531,-4.82181,-17.1437,22.414,-62.7613,15.9081,-65.2885,41.112,23.3643,-27.1799,-35.6472,
	layer
		node 17.6164,-49.247,37.7579,36.8133,22.1668,-32.9792,
endPlayer
