// Player92
stat 5
	layer
		node -49.5765,-120.95,-196.395,10.3636,106.63,-118.814,20.2981,329.332,99.9533,249.301,139.55,41.9469,152.591,220.621,-54.0847,27.5758,-193.975,-113.946,-167.489,9.78399,154.698,-225.345,-109.355,161.267,200.6,-71.8942,
		node 139.154,-182.192,91.8285,-122.56,296.97,-159.319,40.5985,-100.953,-117.2,95.939,41.1715,-7.11405,56.1659,-65.3003,150.411,168.717,36.0648,256.701,-3.19501,226.225,-185.848,-79.0562,178.149,-188.647,166.377,58.0257,
		node -92.12,17.0255,105.374,-126.822,30.5325,-217.042,-170.934,-73.0197,-5.13376,113.472,-154.297,-209.009,73.0199,-118.811,141.258,26.2713,74.171,-142.622,-142.912,-399.076,52.7162,124.077,-84.5961,-426.907,23.9537,32.8828,
		node -252.995,68.0223,257.048,208.43,2.39698,49.6766,188.07,117.916,178.159,-19.337,-243.266,-221.86,-413.226,70.9556,-169.028,84.5897,60.2323,-47.4358,-146.465,-267.757,-60.521,25.6718,-63.5365,-108.11,-315.044,-138.615,
		node 19.9997,-108.914,129.454,88.7906,152.195,6.82573,-164.566,166.142,-153.752,-144.593,39.1118,68.414,49.7239,-76.8019,-121.649,-69.8864,-0.310607,-0.391821,-15.5417,-118.053,175.554,221.358,92.2707,167.715,240.302,82.9109,
		node 47.0248,71.2005,136.871,221.076,124.418,168.603,-129.464,-261.428,139.427,-53.4845,162.93,275.86,134.283,6.54923,-163.813,149.986,206.702,127.386,-43.0511,-156.582,-116.674,144.24,-4.54143,127.694,5.14913,15.9283,
		node -83.3894,110.611,-217.922,61.488,107.666,-62.3484,33.7301,95.9072,-125.204,-166.377,114.465,169.781,-71.7629,-107.472,-67.8629,-285.691,-63.594,29.7702,195.322,-74.8682,10.0811,-261.815,189.405,138.232,-27.6109,115.69,
		node 120.765,156.355,38.4889,158.364,161.975,34.8147,7.83116,-204.07,89.1815,238.469,110.895,51.1187,28.2011,-308.463,-197.101,90.5487,64.7857,-60.6931,-283.175,-158.874,216.97,-117.006,-249.613,53.6632,-9.21483,-414.445,
		node -51.4096,-24.9804,9.15298,-219.15,163.006,-229.812,-224.875,-113.273,-195.494,105.978,162.649,261.27,-57.2099,12.5565,78.3352,52.9184,-91.2176,-196.964,40.2137,45.7361,-41.413,-58.8394,-134.04,-3.94365,91.9463,100.054,
		node 25.7824,-104.817,79.4458,-224.746,126.59,-28.8525,107.693,100.019,-141.939,136.16,117.516,32.7463,119.451,41.0432,166.995,-100.973,65.9534,-18.4793,110.633,-87.8728,-26.3054,-113.4,-307.261,47.2874,-350.16,-88.8152,
		node -152.443,-141.286,-17.0774,-172.352,-62.9078,120.794,-278.416,-147.701,149.546,-152.492,-376.416,133.608,-123.9,177.39,-213.008,-94.6584,-96.921,-19.7526,3.17655,-212.844,21.278,-119.632,-399.474,-77.2057,-142.628,137.505,
		node 14.0654,-331.151,135.598,-87.1235,261.492,46.284,86.2393,-150.19,-167.603,185.775,-37.9988,177.369,-146.594,27.0787,36.8691,120.94,-156.297,8.38534,-87.9512,14.6579,-43.4354,38.9561,112.443,42.7229,-268.856,-145.468,
		node 113.368,4.03278,-19.4725,-19.9368,13.8688,-176.542,-11.8826,49.9456,269.941,94.9878,-65.6902,86.8339,91.6206,-305.805,-194.938,-5.79828,-179.773,-126.043,56.1688,-249.725,275.646,-76.7578,188.665,-4.78859,203.661,273.941,
		node -0.285719,202.417,86.427,-314.182,-70.9222,75.4032,-145.02,65.9291,121.06,-152.722,19.077,180.263,166.924,19.775,-16.5226,79.5594,39.7037,-24.5962,73.1847,25.8871,51.271,-119.936,136.795,27.0721,-150.696,-303.813,
		node -96.8818,-14.0192,-118.888,-150.797,-291.21,-172.865,-140.588,89.2913,-93.4146,2.91964,52.5212,-24.6788,-79.8809,-160.331,53.6981,238.85,-124.788,0.163399,-166.995,36.9163,-4.63409,-18.2641,125.729,-409.796,83.7497,8.0533,
		node 128.135,-39.2495,-189.689,6.04081,-201.852,72.903,67.1296,-263.585,193.384,-34.8827,48.572,-2.5941,-201.05,-11.1426,38.3257,171.659,72.826,35.6733,-196.311,-190.627,13.7375,-200.264,-156.694,-24.6351,-95.369,33.1033,
		node 163.97,-338.407,-27.4943,-47.6979,-210.296,-144.473,30.4765,-122.945,-381.282,-16.8837,-171.638,215.236,-54.8327,142.471,-133.874,265.505,173.162,-108.754,125.045,107.845,-149.694,-47.6711,37.3057,99.0225,182.871,95.5413,
		node -36.1789,-76.3351,5.70372,-58.0363,-259.895,-237.854,-78.6925,49.9174,-24.721,-91.4359,-38.4046,160.709,-29.7085,-354.287,208.929,26.0837,56.8586,-131.947,106.857,-123.782,-19.1918,-107.438,-202.169,-149.788,-171.01,-238.534,
		node -141.853,199.657,-208.241,-108.28,-69.2238,-33.5945,-8.52433,14.5341,-118.338,-12.6497,116.653,173.029,-297.401,142.088,34.4258,-150.569,-197.31,102.603,100.425,-16.7379,-123.151,-192.078,-193.86,-1.99633,-222.709,-287.511,
		node -119.932,2.67142,241.237,-174.581,158.208,141.754,138.99,-10.1897,-192.769,-77.787,183.641,-225.836,-30.0781,154.025,-114.912,-153.37,49.1398,31.903,203.529,165.423,-199.446,19.2718,158.155,7.32863,-26.5188,52.7002,
		node 27.4382,39.3808,-161.376,-175.525,-72.1085,-146.958,193.373,54.2279,274.512,26.1008,122.679,106.392,-66.2001,-305.752,15.3593,34.3039,169.006,131.296,16.3341,-58.9556,79.7157,70.516,-167.021,-23.9892,-172.376,-185.542,
		node -197.017,-222.234,-252.99,-193.042,110.586,40.2148,-188.704,-302.094,-218.809,103.124,-68.8478,-45.2412,70.8129,-16.901,-66.3688,20.8503,-88.809,-0.284903,50.3609,-220.139,145.565,57.5276,98.6316,-34.4143,34.7652,-188.388,
		node 50.0182,147.942,54.8393,97.0126,-188.7,-130.059,108.584,27.8947,69.6591,-291.887,175.866,220.255,-34.9296,-219.928,-132.464,200.498,-270.681,157.33,-205.538,146.165,-217.969,-64.0674,195.54,-418.749,232.244,-140.265,
		node 40.0394,-49.1334,177.303,-383.687,-129.664,-202.112,-44.1834,208.34,6.82123,96.4369,118.653,-286.749,-163.599,83.2105,35.7005,-16.5104,4.47011,-14.9862,187.397,118.319,-143.505,-45.4631,46.7631,-16.192,42.6716,-33.1354,
		node 68.851,-143.808,-62.7529,95.2576,-61.8549,93.6786,75.4451,6.94875,142.942,-143.06,21.0509,-42.082,-102.963,3.889,105.276,-237.91,217.137,176.282,162.203,-56.7295,63.3042,138.725,-6.07263,102.592,59.6635,89.8335,
	layer
		node -203.928,-76.4791,95.7306,173.563,14.7878,50.9862,-57.0115,75.8044,-98.5245,-331.205,19.5322,52.2568,-207.651,-224.744,180.589,146.312,135.598,7.72725,-110.778,221.892,-26.4109,2.92638,204.614,51.5288,43.7929,-190.55,
endPlayer
