// Player54
stat 5
	layer
		node -61.9249,-122.054,-207.102,17.0564,100.841,-122.305,9.77737,335.383,97.9648,255.052,152.746,-12.7054,188.373,223.227,-53.7296,1.69473,-178.407,-127.531,-144.583,36.0402,149.182,-222.526,70.0793,113.245,196.932,-59.9472,
		node 157.502,-193.05,93.3599,-134.467,282.431,-166.065,43.007,-106.538,-97.3815,84.2985,50.4904,55.3895,60.2116,-75.4087,159.849,180.876,38.7794,49.5447,-1.70417,225.37,-188.322,-46.8783,188.379,-195.293,139.795,56.8785,
		node -76.8996,35.6111,119.598,-101.823,38.1563,-203.202,31.1206,-69.7768,3.68368,124.648,-181.784,-171.426,102.533,-155.243,134.715,22.5772,72.2783,-158.214,-64.3395,-374.736,37.2704,118.283,-83.5266,-424.451,16.5593,-269.133,
		node -253.278,40.0655,250.747,210.658,-6.21614,52.186,190.217,114.33,190.236,10.1681,-241.311,-223.958,-440.349,70.3511,-130.289,100.944,71.0607,-19.8077,-42.3581,-269.583,-77.3974,10.5086,-83.097,-110.119,-311.569,-187.107,
		node 27.2025,-223.544,34.7207,119.039,169.626,184.357,-136.433,148.164,-147.314,139.182,24.6005,47.4281,82.594,-80.344,-137.177,-53.0711,-7.09072,-19.9966,10.0758,-115.827,159.55,204.203,85.2248,102.58,204.139,96.9573,
		node 74.3667,57.6817,129.661,221.578,126.969,168.044,-132.489,20.8403,138.708,-56.3735,162.68,88.3011,148.783,27.2134,-160.076,140.584,210.612,128.808,-49.1392,-152.61,-87.146,144.974,-16.9837,116.612,-23.5865,8.01631,
		node -66.8241,84.1456,-219.749,178.768,132.877,-24.3544,-22.8328,102.011,55.9464,-170.639,113.338,188.05,-35.4758,-100.712,-69.1822,-284.715,-60.2176,5.32785,175.072,-75.762,2.62882,-255.647,183.653,-132.426,-38.934,89.7115,
		node 109.859,149.425,7.26743,167.887,167.386,27.0024,27.5415,-202.718,93.321,238.665,104.412,61.6462,23.837,-65.8918,-187.516,-90.3513,62.0957,-41.0241,-294.479,-160.165,208.702,-167.56,-251.054,63.0202,-36.5046,-400.853,
		node -33.7617,-24.0636,293.984,-211.363,128.532,-200.978,-218.79,-136.693,-176.809,115.917,162.542,264.833,-27.2195,24.2516,81.476,64.634,-86.1678,-217.471,50.3343,51.8229,-50.3841,-46.1926,-132.788,0.53278,75.6055,99.3183,
		node 5.62896,-96.7396,71.1588,-249.696,133.293,-25.7378,140.616,108.713,-99.7347,135.887,122.159,-0.419905,126.519,35.0816,213.286,-109.659,65.3177,-104.437,113.718,6.08344,-19.2169,-114.283,-310.37,52.6909,185.33,-78.0902,
		node -74.5724,-141.11,-151.862,-159.744,-62.8238,121.147,-210.418,-147.506,147.955,-123.475,-386.554,122.123,-114.048,171.119,-210.912,201.461,-115.48,-31.5126,2.31438,-202.84,-135.941,-122.022,-402.747,-139.272,-141.532,133.756,
		node 83.634,-333.557,136.19,105.864,257.245,41.54,-227.814,-169.651,-168.414,188.568,-34.1238,172.004,-153.671,39.9951,10.0141,-58.5569,-167.434,-5.88878,-88.7946,26.8377,-47.5694,12.3521,116.483,-80.775,-251.561,-140.929,
		node 98.0834,6.04998,-55.0274,22.1966,-20.9535,-184.262,104.928,-41.8703,160.238,81.4875,-60.1515,86.5137,104.791,-293.117,-64.2603,36.6952,-149.948,-132.737,129.367,-248.964,284.097,-74.6905,182.016,78.6671,228.405,269.061,
		node -8.5981,198.769,81.7864,-74.3335,-80.0506,72.1466,-141.692,58.3548,126.804,-181.279,93.3784,163.427,135.912,8.03147,-33.8477,82.789,74.5389,-14.2679,75.3909,101.48,66.5344,-115.999,106.749,58.5678,176.44,-295.233,
		node -100.239,-14.4998,-109.271,-150.038,-297.507,-166.223,-147.228,94.9709,-90.9716,34.0125,53.8792,-21.4268,-75.8691,-163.688,57.0896,238.765,-123.497,3.23384,-155.16,37.0728,-37.4365,-12.4048,129.603,-416.973,82.8716,67.8057,
		node 104.698,-11.7822,-169.75,4.92987,-42.256,73.3957,49.2624,-267.409,191.194,-25.9733,61.8772,54.2138,-142.514,-160.387,47.2522,-179.492,95.3141,49.4745,-187.206,-189.91,15.1627,-192.325,-159.573,-28.1762,-118.078,234.182,
		node 196.384,-324.904,-55.0972,-60.5929,-227.277,-178.544,32.1074,-105.948,-383.837,16.859,-151.552,216.133,-42.2647,-139.796,-144.201,270.532,176.475,-137.028,125.266,113.486,-152.712,-23.1387,39.7227,119.602,194.385,93.0567,
		node -47.6394,-82.7337,32.6939,172.795,-258.325,-213.928,-79.691,54.2137,-16.817,-68.0129,28.6038,156.346,-28.6788,-357.268,225.19,11.6025,68.4273,-125.579,-200.993,-107.647,-5.07825,-101.577,-233.926,-147.84,-172.725,-11.3741,
		node 106.101,190.16,-201.257,-96.2085,-72.8018,-35.038,8.81902,8.80073,-106.762,109.142,-303.363,172.395,-293.274,151.418,48.3198,-144.466,-206.851,0.42301,115.241,-21.3382,-137.559,-196.49,58.3041,-9.99252,43.6422,-307.171,
		node -137.159,163.408,243.105,-164.317,-32.5241,138.449,120.954,-22.4972,-173.561,-65.3219,168.331,-210.806,-29.6882,168.111,-126.384,-153.522,73.462,40.3849,204.279,167.555,-213.762,19.0773,148.162,26.5658,-33.6575,55.9084,
		node 10.6297,228.715,-162.487,-139.422,-67.9158,-158.538,60.1387,59.3805,283.44,28.6024,165.428,82.594,-54.5942,-112.317,7.63909,40.0324,167.924,104.313,20.1543,-113.619,74.8336,73.2346,-178.995,-7.78807,-161.071,-173.002,
		node 70.6106,42.1484,50.2893,-100.363,114.765,-277.916,-205.012,-321.374,207.781,-213.058,-63.4228,-2.26306,88.3763,-13.057,26.4139,-325.403,-74.8005,2.80101,50.9653,-33.6427,142.931,128.082,83.6772,-39.1541,31.2067,-67.6055,
		node 41.6548,163.803,35.0826,-138.077,-177.737,-154.584,-88.6752,-99.7555,65.3543,-301.937,150.382,232.967,-39.232,-216.788,-136.073,214.326,-249.984,160.645,-194.774,157.651,-198.069,-38.9369,83.5032,100.224,219.343,-143.288,
		node 46.4355,-53.8673,198.849,-391.08,-167.609,-184.926,-39.9392,126.398,6.456,126.448,131.735,-299.091,-166.912,-75.0116,33.7675,193.82,21.5248,-48.6969,180.118,90.579,-135.537,-32.9605,45.142,-0.393415,60.9714,-63.3575,
		node 72.3314,-131.612,-54.6731,94.6223,219.687,-39.8311,68.3589,38.4797,125.026,-126.059,17.5216,-67.637,-93.9627,-3.08947,98.862,254.029,107.589,185.239,165.496,-46.3592,60.7219,147.791,-12.6117,-92.8534,50.9433,40.3968,
	layer
		node -203.38,128.696,88.7134,-163.19,82.0445,48.2395,-131.148,79.7211,15.7238,63.208,212.776,49.4614,-200.777,-221.896,189.442,-8.93357,9.17662,85.4474,123.05,-107.467,-31.5246,-164.015,-200.208,88.5709,95.3017,130.121,
endPlayer
