// Player56
stat 10
	layer
		node -38.9241,-127.687,-198.217,19.0506,89.9982,-89.6215,-175.132,326.759,92.2955,253.23,151.629,-3.31357,144.742,217.022,116.894,2.27519,-181.031,-126.089,-118.672,48.6213,183.653,-157.799,67.32,-173.409,199.318,242.224,
		node 138.306,-173.999,74.1248,-136.121,281.28,-166.467,44.9426,-101.966,-104.131,84.4296,31.0668,-5.13095,58.7087,147.679,160.31,147.404,36.9335,39.3714,7.09094,226.742,-191.936,-58.3659,174.323,-181.348,166.913,83.1722,
		node -74.735,10.271,102.352,-101.042,37.3649,-208.369,15.6595,-66.7519,20.4659,114.404,-186.321,-198.542,97.9861,-152.65,139.398,23.6163,78.4023,-153.237,-127.506,-6.64949,25.0433,117.965,-48.368,-415.883,43.3938,-267.242,
		node -256.033,44.849,249.799,225.425,16.5129,39.9537,190.894,120.55,171.505,17.5818,-246.968,-215.83,-443.413,53.5208,-132.749,88.3432,81.929,-54.5656,-41.6679,-273.964,-79.0186,20.4566,-69.7477,-102.241,-313.527,-138.719,
		node 26.3905,-225.496,35.0436,119.857,158.964,98.7335,-1.95739,146.198,-146.679,-132.765,60.4759,61.9359,77.4496,-76.9896,-85.8165,-51.9052,-5.82397,-9.15249,-15.6688,-123.906,174.401,230.627,84.3496,109.694,195.543,78.6226,
		node 76.6386,80.7584,135.25,239.146,131.682,157.156,-128.802,298.131,131.261,-53.3368,161.46,93.4241,132.816,-6.1905,-137.868,140.18,195.607,113.784,-46.1274,76.5063,-80.0797,145.683,-38.2729,116.976,1.58425,20.5469,
		node -67.5192,84.5035,-212.109,185.723,108.286,-64.4388,-17.5813,71.6732,-126.84,-166.875,80.7694,171.569,-37.9849,-75.1352,-72.5691,-282.709,-40.1174,29.4565,167.421,-71.5927,-69.7731,-247.499,174.213,137.323,-50.0932,116.904,
		node 111.291,147.802,34.4161,159.7,163.477,23.4565,19.8762,-181.524,94.6968,227.034,105.21,51.7917,25.9726,-311.955,-186.981,-95.7939,54.933,-54.6889,-306.43,-154.883,218.564,-176.274,-248.369,54.1775,5.24186,-403.311,
		node -35.6828,-23.7691,288.354,-215.099,161.785,-231.061,-212.746,-125.71,-180.925,133.201,136.074,242.514,-61.2946,23.8559,96.0892,69.3796,-92.342,-210.136,29.9407,41.7228,-43.9815,-56.0653,-335.378,-131.239,75.5004,119.605,
		node 2.16719,-90.5509,72.0225,-248.095,116.549,-27.0082,105.843,107.876,-98.7148,139.135,121.102,0.271862,132.982,41.9701,199.74,-105.75,66.745,8.59486,130.26,6.00364,-26.6132,-99.5208,-237.329,51.9388,236.947,-77.0492,
		node -82.5988,-141.014,-145.619,-155.644,-51.2685,111.164,-214.298,-167.757,145.707,-122.503,-387.881,134.117,-128.626,19.7593,-210.651,51.7855,-99.2582,-15.0251,0.157198,-197.536,-134.154,-122.938,-401.053,-138.403,-148.413,137.037,
		node 84.2662,-335.513,125.815,107.441,296.197,-245.701,87.7062,-175.74,-172.11,185.784,-32.3243,179.001,-146.15,56.787,12.6487,111.573,-180.97,3.94742,-72.653,41.4494,-47.5647,42.3708,-112.624,52.6606,-254.378,-137.028,
		node 102.676,13.1327,-53.6996,-0.439676,25.0481,-184.456,103.138,-43.6774,149.606,90.7932,-80.283,94.9087,94.4487,-301.268,-189.991,59.4119,-173.804,-128.554,116.473,-252.004,279.372,-127.863,179.905,69.6233,227.388,267.662,
		node 136.702,192.417,62.7401,-71.4366,-74.4034,74.458,-152.405,60.4821,125.019,-182.806,-81.9848,194.53,143.268,6.77024,-16.1387,77.796,27.0978,-37.1844,74.5297,103.795,58.0899,-111.604,142.058,58.8806,174.246,-319.613,
		node -118.286,-27.5468,-99.5796,-138.952,-298.176,-164.993,-152.917,87.4368,-102.438,39.2988,60.495,-30.397,-67.9443,-160.12,58.2824,227.502,-120.189,9.00801,-151.514,29.0393,-16.0259,-23.8122,136.274,-417.973,106.913,43.8426,
		node 105.651,-18.4474,-190.186,-15.3472,-192.652,86.2287,46.8412,-271.412,170.3,-25.0761,78.796,121.747,-147.649,-4.7368,47.6654,194.944,71.7446,41.8429,-179.473,-191.765,20.9975,-195.117,-135.39,-39.0274,-90.6923,26.4539,
		node 200.338,-331.488,-39.9873,-55.037,-220.554,-179.757,43.6579,-97.7522,-377.155,16.7568,-172.794,216.579,-49.9266,-136.763,-122.872,254.738,172.487,-106.363,124.169,121.067,-143.611,-24.6292,70.3976,114.63,201.065,98.4858,
		node -49.1968,-55.9928,30.0698,-61.4652,-261.259,-209.583,-55.1721,52.6325,93.6365,-67.6145,-45.8042,172.003,-25.101,-347.295,179.371,20.4557,44.7796,-116.869,-202.25,-155.596,-3.59738,-89.9235,-237.887,-150.023,-158.705,-14.1525,
		node 89.9006,212.006,-199.276,52.7592,-78.6619,-31.261,-8.85296,5.1105,-105.039,-24.5188,118.982,172.717,92.4731,154.274,39.522,-15.6818,-208.282,3.7937,109.981,-134.459,-128.522,-191.754,-196.268,0.848735,45.4036,-306.174,
		node -136.531,145.5,242.525,-170.952,155.109,111.908,129.267,-13.1413,-180.532,-80.3604,173.532,-206.333,-30.1659,161.041,-114.572,-156.237,72.1311,30.8983,205.495,157.402,-189.511,29.2744,149.481,108.543,-28.413,52.0011,
		node 29.5711,198.617,-166.638,-191.943,-79.4886,-154.656,195.278,49.535,285.598,19.8696,158.597,104.55,-67.3204,-116.18,11.2471,40.3641,173.565,121.789,13.8368,-63.2088,80.8286,66.6781,-6.26382,-3.44293,-157.082,-199.431,
		node -191.651,-218.305,-247.305,-84.631,138.965,-303.982,-192.56,-315.019,206.515,101.132,-67.0757,0.791236,81.0204,-35.5299,20.3724,-327.418,-81.5661,-9.91963,51.7691,-219.09,125.949,58.1459,91.1654,-60.4599,26.2787,-182.271,
		node 41.2721,156.658,48.3323,95.9754,-178.105,-141.717,-85.8058,10.9375,65.8042,-309.732,146.517,221.787,-29.5983,-222.121,-130.147,195.266,-287.473,163.521,-215.645,149.819,-232.812,-68.5947,202.866,106.166,241.236,-160.392,
		node 41.0515,-36.3189,165.405,-101.013,36.906,-184.966,-39.9978,131.31,7.91747,122.72,132.862,-302.415,-162.514,103.745,9.13611,199.929,2.69213,-53.1905,203.698,121.017,-152.532,-191.739,54.3154,-13.7494,61.0008,-93.163,
		node 69.3041,-133.923,-61.9732,87.135,-59.2818,-38.3495,64.7006,2.55337,139.925,224.686,23.3267,-84.2687,-90.94,-30.6992,101.062,264.711,91.1182,187.475,169.301,-53.2089,-186.065,112.161,-17.368,-57.9791,31.4501,32.1249,
	layer
		node 203.111,120.857,171.569,120.702,121.933,55.1045,143.179,43.6261,75.8787,64.2822,16.5905,-113.922,229.517,-137.626,184.95,-156.498,-20.2613,-7.00343,-109.11,-87.1691,-30.4442,112.599,-24.6429,96.7593,96.9331,131.392,
endPlayer
