// Player1
stat 8
	layer
		node -38.7697,-127.436,-221.637,-28.7409,103.352,-117.882,22.6752,331.1,98.5188,246.942,157.829,36.5303,184.997,201.055,-61.0063,6.71176,-194.479,-124.142,-169.767,51.0056,151.313,-223.376,-107.226,164.371,199.81,-58.3404,
		node 138.958,-188.925,86.859,-119.723,284.241,-159.183,36.8749,-109.573,-117.682,77.2943,33.4731,48.5378,46.2789,157.639,149.919,169.885,32.1532,254.716,0.439271,-282.477,-180.731,-79.8078,172.887,-190.53,133.936,56.8578,
		node -77.8995,16.9355,109.312,-97.9388,33.5946,-222.584,33.313,-77.8909,-3.89224,111.306,-195.25,-200.89,106.048,-148.933,151.62,23.3177,89.6234,-144.759,-131.541,-396.373,51.4894,121.397,-79.8424,-425.43,8.90088,-259.575,
		node -253.809,63.2486,256.722,210.581,256.28,142.073,185.953,116.692,180.431,-21.9594,-242.881,-210.539,-413.11,49.8292,-167.277,98.1303,67.9071,-51.1185,-36.887,-265.146,-37.8984,26.4019,-65.727,-97.7709,-320.898,-183.802,
		node 31.2104,-222.898,41.9322,91.0525,169.163,0.854768,-130.496,161.246,-159.253,-144.55,45.2055,72.6453,51.5505,-114.459,-121.632,-67.4554,-0.646992,-10.8798,11.4869,-112.458,178.586,238.941,102.773,79.7268,235.798,87.8919,
		node 65.5955,64.5857,143.109,222.373,130.079,161.329,-121.235,-257.881,138.112,-55.0742,166.646,273.524,126.965,3.88296,-154.751,130.962,196.76,101.677,-47.5232,-144.874,-87.369,144.85,1.84108,112.718,6.53645,17.8386,
		node -74.8148,111.235,-220.971,178.32,226.152,-54.3393,34.914,98.2594,-122.166,-157.727,111.872,167.92,-73.3547,-82.7438,-74.73,-287.652,-63.7281,31.2625,197.916,-78.558,-67.6396,-243.018,170.539,-133.441,-56.226,132.913,
		node 126.84,141.381,37.3371,164.154,168.199,29.6114,20.0971,-211.129,48.21,214.419,99.9315,51.8838,32.4124,147.125,-190.235,92.3559,69.6713,-61.3748,-308.671,-156.799,217.11,-118.959,-249.714,70.1199,-35.7485,-413.684,
		node -51.2914,-28.0075,7.77411,-196.885,120.774,-234.326,-222.93,-130.688,-183.867,114.946,139.678,259.954,-54.7984,10.5707,80.8372,63.6538,-91.8634,-214.781,30.6319,34.9122,-72.1389,-55.6611,-149.338,-30.644,91.8415,108.24,
		node 8.07736,-98.8881,72.0811,-223.703,121.953,-29.2012,132.857,109.729,-112.975,135.503,118.843,35.3299,115.794,40.8951,183.484,-105.874,59.161,-18.1462,111.101,0.0151554,-55.2134,-96.2131,-239.769,49.5741,135.762,-79.6366,
		node -153.519,-140.788,-144.73,-156.598,-54.5815,-2.27304,-215.42,-152.653,145.308,-114.417,-383.308,130.909,-127.506,-247.14,114.195,27.1861,-97.28,-56.2439,2.19632,-209.124,-137.419,-132.103,-404.398,-138.969,-126.801,58.6892,
		node 9.44503,-329.946,138.776,112.449,269.839,45.8469,83.6367,-164.497,45.1431,185.642,-25.8972,-131.57,-144.004,31.1121,13.0901,119.982,-174.905,8.95822,-63.5206,25.0973,-40.7668,50.2649,112.614,38.0003,-278.698,-138.902,
		node 113.235,-196.044,-29.1696,-2.4589,14.3913,-173.915,15.3833,49.2933,153.908,93.0913,-82.1765,81.1843,95.8408,-296.319,-197.454,33.9784,-152.858,-136.577,54.4904,-251.753,279.413,-74.2711,188.902,-7.14115,224.815,281.955,
		node -2.33386,188.067,85.9338,-80.1508,-69.6548,83.5873,-143.956,68.9826,120.487,-151.966,23.816,183.513,176.024,14.2105,-17.8667,72.6312,37.8968,-26.2743,67.2558,69.4167,68.2268,-113.16,131.264,45.2635,164.145,-305.685,
		node -121.843,-12.8497,-117.797,-160.411,-289.457,-172.585,19.3713,92.0802,-188.453,-5.64787,33.6895,-38.6579,-58.4592,-163.132,54.2131,240.789,10.5972,0.762088,-164.147,17.3803,-13.7955,-65.2688,120.781,-427.741,84.6158,8.40242,
		node 130.141,-21.9057,-191.111,5.42851,-203.312,78.6637,72.2889,-263.281,184.749,-35.7577,50.1406,-2.42735,-205.263,-14.1795,21.9455,178.182,-87.9114,32.1645,-196.365,-200.313,-174.029,-200.766,-167.326,-19.3471,-87.7158,32.454,
		node 181.418,-334.214,-72.289,-50.2942,-210.038,-146.966,31.0789,-116.268,-377.475,16.5573,-170.23,46.9464,-45.9874,-136.594,-126.173,276.013,178.31,-103.225,127.484,102.612,-136.464,-20.3247,39.2229,127.081,199.156,95.8632,
		node -33.1431,-106.207,25.01,-288.161,-258.157,-234.693,-76.0877,47.4666,-29.0706,-89.5961,-40.9221,158.675,-6.40371,-352.147,209.02,16.2749,70.7117,-132.26,-204.55,-127.649,-4.16248,-94.5909,-194.907,-148.954,-174.061,-240.856,
		node -140.212,194.882,-215.34,55.0377,-71.5564,-36.7242,1.33446,21.396,-118.237,-9.76771,117.299,171.508,100.345,140.167,32.4382,-13.5889,-196.823,36.5823,102.875,-27.7462,-128.478,-189.438,75.2126,5.29735,-219.912,68.7319,
		node -136.462,12.1486,270.049,-187.097,157.765,133.661,139.687,-19.8857,-190.815,-74.5684,169.861,-225.583,-28.4738,156.077,-130.877,-147.411,66.671,33.1364,196.432,-7.45495,-193.808,25.0164,156.448,17.7657,-24.0985,-134.301,
		node 24.2461,203.212,-158.65,-174.895,-70.5233,-162.272,199.452,-112.128,278.762,-143.68,125.689,109.53,-55.117,-126.002,14.398,41.6304,-180.26,100.158,12.5629,-64.5015,77.1664,68.5107,-10.7072,-20.5692,-150.083,-181.208,
		node 82.5692,-223.508,-252.164,-78.0688,115.065,-279.921,-187.852,-327.566,-222.285,117.292,-60.3141,-47.2663,89.8436,-15.9044,-111.601,39.4842,-70.8698,-7.52134,74.1905,-222.526,139.72,15.9885,98.8944,-35.7907,38.1503,-192.451,
		node -9.7012,158.785,41.5903,-139.404,-185.073,-148.602,-87.002,3.54807,59.8675,-291.811,181.515,229.131,-37.8313,-223.973,-135.108,202.991,-270.088,127.553,-204.695,156.938,-216.899,-67.708,194.951,103.802,234.486,-147.904,
		node 39.997,-47.9716,197.04,15.4883,-157.966,-182.024,-57.8012,144.441,84.4045,75.7747,118.422,15.4688,-167.289,-79.144,31.702,188.538,-99.3432,-22.4001,179.751,112.044,-150.037,-40.6325,41.9205,180.811,42.5277,-33.9465,
		node 60.5296,-104.112,-58.5494,101.845,-57.5378,-36.4714,68.2311,5.20454,143.456,-153.709,16.5662,-72.892,-126.817,1.82561,90.4981,260.964,108.404,176.588,165.43,-57.3772,66.6567,140.059,-47.7821,36.7158,68.6739,25.2275,
	layer
		node -207.287,120.586,116.295,175.412,-31.2549,-52.2657,29.1095,-227.986,-152.653,139.074,19.8202,-98.3638,-176.23,67.5773,178.621,-227.986,-2.36264,9.96588,-107.657,-105.175,-31.9563,-83.313,204.953,88.8176,133.018,84.1492,
endPlayer
