// Player93
stat 7
	layer
		node -110.704,-20.8766,38.4493,-25.1519,10.225,-54.141,87.2797,37.5145,38.7709,-32.502,12.1248,30.0983,-59.2651,76.369,-21.2957,-24.1923,-35.1038,94.4948,78.3405,-10.6111,-40.3126,55.0747,-20.6881,65.7656,15.9063,44.8447,
		node 56.9399,-33.7339,13.2785,-77.2144,28.016,118.611,23.7725,13.1395,-18.6909,50.2109,-24.7996,-52.0642,-122.574,52.7809,-3.35044,-35.6404,-137.185,8.81911,-18.6234,-92.9229,-32.6154,12.7622,8.7108,134.608,-35.7068,-104.167,
		node 38.0723,-17.2367,-2.05064,-38.6392,-150.049,-94.9344,164.008,51.0169,40.5244,-22.7314,142.477,-39.7379,-27.422,-121.054,5.13588,118.914,-93.7925,-66.4287,104.282,-27.8536,-44.8253,23.0831,148.852,-35.9723,137.246,10.2389,
		node 15.7066,-156.62,65.6766,7.90201,-127.104,-81.5374,124.63,15.3285,-18.8992,14.3836,-100.471,4.97909,64.8152,102.268,64.5691,38.697,23.4085,107.665,54.3732,-31.4525,6.87662,17.1898,65.8214,24.8465,40.5943,-84.3594,
		node -74.883,-78.3491,23.0981,-15.6907,-37.3712,38.4557,51.8349,-27.6277,-11.5634,-53.3513,-159.119,37.227,49.7247,11.6144,-84.5404,-8.66016,34.8655,-35.0562,14.8838,-116.363,23.021,112.073,-18.7594,6.16126,-26.2024,23.2942,
	layer
		node -109.263,-47.8652,85.2162,14.4435,-121.605,151.479,
endPlayer
