// Player71
stat 5
	layer
		node -91.0126,-10.5875,44.2774,-38.5153,-44.9374,-41.2501,85.2636,74.5876,29.598,-15.1904,-5.24936,25.7968,-50.6178,74.3648,-11.5692,-25.62,-29.2526,85.9047,71.6017,-14.7057,-39.5142,33.4935,-25.5388,62.4284,1.98262,53.1978,
		node 35.262,-31.9761,-5.23648,-77.2847,4.15464,122.205,10.1966,8.36299,17.2546,55.1629,-33.144,-53.7032,-124.509,48.2129,18.5085,-32.4929,-140.872,6.22608,-13.2966,-82.2708,8.82792,33.5141,22.3713,150.27,-35.6814,-68.7035,
		node 29.5995,53.5728,-37.6638,-34.8483,-121.885,-100.097,170.466,22.3612,30.4755,3.70721,183.166,-23.9186,-10.2177,-113.988,13.078,110.056,-70.324,-67.694,105.18,-57.8836,-27.0362,32.0641,125.151,-35.1276,136.7,13.1657,
		node 15.5958,-141.203,87.7994,11.1366,-114.257,-87.5381,115.339,14.8629,-50.1298,11.4411,-88.6016,-2.5776,40.7382,98.1354,58.1019,57.8898,18.1146,102.847,69.4856,-42.4822,24.4396,7.07701,69.9554,13.2602,26.0291,-71.2835,
		node -58.8153,-85.5452,33.2505,6.30971,-52.2,47.4847,52.3334,-24.008,-12.3755,-85.4649,-176.103,44.4576,40.0148,21.7927,-90.8356,15.0591,36.2855,-74.9383,3.82713,-119.192,27.7366,94.6515,-21.2593,-48.78,-15.3584,41.0993,
	layer
		node -113.895,-43.9815,87.3124,6.85322,-104.066,150.532,
endPlayer
