// Player15
stat 6
	layer
		node -94.0392,-42.301,45.4793,-30.6686,35.1001,-62.0187,27.2482,80.46,32.5069,-31.3215,14.1736,28.1023,-46.7027,116.1,-16.5612,-23.1803,-47.9878,89.3024,83.8368,-20.8593,-42.9538,34.5309,-21.7347,74.4819,3.41068,32.8499,
		node 52.892,-30.699,20.2482,-78.9231,5.34889,105.314,11.3968,31.0375,4.48993,59.7595,-30.3967,-34.7451,-108.856,41.6184,19.2791,-39.9535,-123.951,-13.3444,-14.4527,-125.913,-37.9113,31.3945,19.8128,140.869,-33.8779,-57.9514,
		node 38.8881,8.66618,-48.6259,-37.1804,-151.758,-96.3648,180.814,34.7818,40.8253,-16.573,152.16,-39.6658,-25.1859,-111.907,-1.49021,98.3227,-99.0391,-71.4211,100.905,-38.6981,-26.2126,3.94063,131.267,-34.5275,74.6322,19.3431,
		node 16.3515,-161.375,82.2571,4.18158,-137.159,-90.9424,139.943,11.2047,-41.6915,10.534,-87.1324,10.6044,33.1627,91.07,54.3524,39.5969,14.1743,99.4922,87.2246,-43.914,20.7316,15.9142,38.0269,8.89306,25.1088,-70.1831,
		node -46.8796,-88.4923,31.9655,-16.8613,-55.3753,22.9297,54.0758,-14.3883,-4.83322,-79.8577,-178.016,47.6516,39.9509,17.3191,-84.2691,4.64685,32.4263,-53.096,2.21038,-126.289,13.7736,100.632,-18.4112,-45.4945,-29.5338,14.4068,
	layer
		node -110.476,-48.7731,86.2243,1.8974,-109.176,172.585,
endPlayer
