// Player66
stat 4
	layer
		node -96.5485,5.82497,32.9695,-38.9047,28.215,-39.6944,87.9636,29.3084,41.3197,-36.6222,16.7878,27.4866,-43.754,75.9402,-0.636267,-17.8868,-39.578,69.986,81.3641,-23.5191,-41.4577,35.5627,-29.6557,79.2374,-9.47128,53.651,
		node 53.6081,1.20169,9.78906,-72.9962,40.5508,107.264,24.313,25.8549,-18.7652,73.0823,-9.91018,-24.6653,-137.856,49.017,14.6738,-56.0652,-135.303,9.58789,-18.8817,-94.6796,8.94958,26.0203,46.5904,126.984,-63.0551,-90.8168,
		node 18.1871,-13.7925,-6.96516,-39.5863,-140.786,-94.5874,163.08,41.494,36.3935,2.69543,140.329,-14.5486,-12.6162,-113.585,6.68183,74.1526,-88.8384,-64.3238,146.759,-19.2435,-30.2624,22.0288,148.71,-59.0424,142.187,2.68247,
		node 15.4218,-142.138,75.0937,12.2784,-137.208,-70.3564,115.278,12.3066,-28.2364,19.2033,-95.6419,7.78587,38.2359,93.8887,66.0745,65.1423,23.2956,131.307,69.4735,-43.3945,21.5265,0.857015,65.8971,15.9056,28.0921,-62.6454,
		node -57.6368,-79.3042,24.7692,0.901892,-47.8586,34.7512,43.9884,-20.0616,-20.8983,-93.3512,-177.405,46.3994,42.6367,0.0696609,-89.7237,18.2252,23.6222,-44.1991,5.72447,-113.538,9.57833,106.552,2.62962,-42.5517,-12.8,14.1115,
	layer
		node -110.87,-45.5802,78.7094,1.47631,-108.633,149.607,
endPlayer
