// Player64
stat 5
	layer
		node -31.0927,48.1978,23.8528,-19.6419,21.9035,31.8344,-65.4909,65.7178,27.6942,-225.211,2.54638,-72.2689,-20.2029,-2.79082,-8.65574,-74.744,-112.036,-93.6251,77.848,99.7666,-8.5961,-10.8717,39.8149,-104.266,53.21,66.2353,
		node -17.5623,-94.5,-29.353,91.2868,51.7741,14.2292,-15.9261,15.3699,12.7305,-66.4296,-8.11332,39.8663,-69.4518,-123.715,89.6289,-214.341,51.238,-88.8401,-58.0775,95.9067,33.8743,59.6917,3.65587,-52.8454,-63.5205,-60.3159,
		node -121.117,-111.786,15.8551,31.6277,-139.867,-94.0293,-41.2761,-249.072,-67.9653,-0.110526,84.2338,-13.1107,-176.956,46.5084,97.4248,80.5669,37.5621,-27.2744,154.774,-58.5416,19.8146,91.2575,-9.51271,37.4645,-47.7067,63.0585,
		node -14.433,28.3504,-82.2539,73.8227,-97.1905,-72.7786,36.6025,-68.271,-57.4353,-48.1041,57.1118,-90.629,78.0406,-33.2525,-84.7853,-83.1172,-35.1466,45.4068,19.3309,15.6673,-260.703,-198.591,13.2322,94.3186,65.0015,-214.813,
		node -61.3831,-42.0712,-32.8696,59.6443,-186.289,-20.655,-48.5692,-107.938,-43.364,-125.834,-3.02707,-51.3669,-11.3556,-183.48,29.2483,-36.9685,-124.452,56.5997,-221.37,-39.6257,-40.7053,-8.54825,20.7527,-73.5327,3.43926,1.2978,
	layer
		node 82.7558,-15.3905,-15.69,-222.95,-77.0252,-77.095,
endPlayer
