// Player78
stat 7
	layer
		node 26.0937,10.0494,-2.37903,-35.9164,17.2783,37.5767,20.5912,8.67614,24.9448,-12.4112,-14.4201,2.0674,12.2138,12.313,-30.9727,-9.52306,0.904759,-13.8132,84.3689,-17.6587,1.43705,-16.5257,-2.8345,21.3567,-34.4859,-2.58947,
		node -36.6154,30.7281,12.3465,24.1669,-28.0238,-31.5458,10.2423,-9.96317,1.35281,-26.4784,-46.4391,-33.7874,1.59686,7.78535,21.4162,-28.8768,-45.703,9.55167,1.42166,-16.1475,44.7313,34.407,-16.5129,32.8848,-14.8394,-42.673,
		node 41.7954,-37.1304,29.5911,1.45501,9.46543,-38.6361,-27.8391,20.926,-0.394604,20.7337,39.1585,57.3011,-36.9574,-49.0095,26.8304,34.9546,-18.6041,-64.3287,-31.1796,32.3604,-12.4335,20.6006,-2.0505,-13.5322,27.6551,22.5162,
		node -10.4728,25.4311,-15.6828,6.32818,-37.0482,-4.92941,7.98874,-0.545245,23.6,14.6851,-1.04513,-31.9435,-23.0567,-23.2865,-23.178,40.4652,-58.1534,41.219,-33.371,11.7428,-9.37099,24.3379,30.042,-9.52752,45.4814,59.0178,
		node 15.6654,6.5159,17.8642,-18.429,-33.2768,36.7541,45.4281,-0.253877,-1.26048,-20.3082,-19.7694,12.4393,6.6228,5.83139,17.4277,-2.30174,18.9433,-14.5311,-10.3329,20.8501,83.2871,-23.1012,25.4744,19.6759,-17.9211,-18.1102,
		node 3.59117,-21.0118,-7.03115,49.8289,2.72459,-15.6298,4.30275,-12.0044,-10.4826,-15.2327,12.4163,-45.0319,0.483438,0.959776,18.7052,8.0987,31.2529,-58.6131,-27.0908,18.5547,27.1424,4.03945,39.4015,-9.32626,39.4134,4.34336,
		node 44.4532,44.6263,-43.1339,18.9776,-18.0506,1.45727,20.4618,32.9098,9.33685,17.1031,21.4283,35.6532,-13.0043,5.72052,31.1777,24.9153,11.75,-33.3624,33.8931,21.6287,-14.3449,-35.2472,14.1946,-2.21853,-77.7099,9.88405,
		node 3.34668,-35.6353,19.3666,13.248,-2.67343,-30.1157,29.7983,43.8139,-9.82702,-11.944,-3.90901,17.384,6.94251,-11.7046,51.4218,-8.18082,45.9785,23.6192,22.2511,14.5448,25.9376,-43.6156,2.76855,20.5545,-19.6337,13.9684,
		node -0.0207467,-2.83774,38.3461,-3.94777,20.9962,-33.8484,-3.30903,-20.0784,-22.5332,-41.2175,-1.33427,51.3569,20.3857,28.7954,-19.3631,24.9509,-34.7931,39.4506,15.2821,-54.1913,-31.2417,16.1999,-22.7195,6.78854,-28.9954,-18.406,
		node 76.4628,-28.8955,4.36661,-16.1842,19.7742,7.93563,20.4838,-15.8943,21.3115,-70.1607,3.22299,-38.7857,-52.449,-14.8722,-32.0338,-29.2428,15.9279,-37.0514,-15.0754,-23.6669,-10.0407,10.8291,-27.0951,33.0334,29.9944,10.3924,
	layer
		node 19.2087,27.9746,-3.20424,27.11,-2.7999,17.7301,-16.1522,32.9838,-0.943952,-4.11104,-19.4419,
		node -16.3921,7.47325,0.546725,1.94877,18.4814,-9.52654,19.8764,-16.4048,-6.6265,15.2112,6.49905,
		node -7.75157,38.4349,39.537,14.9164,0.902033,-23.7007,-7.55389,25.5036,13.4739,-23.2751,36.8025,
		node -6.85257,10.1585,-4.76696,22.221,-4.00787,1.32822,25.686,17.4376,-58.4099,-16.0221,-36.8768,
		node -23.5681,29.5082,-41.2088,37.878,20.3522,0.628491,-25.7675,-11.6604,-29.3832,17.2332,38.9705,
	layer
		node 12.5071,-21.1828,3.37506,-31.0825,-24.5686,24.6162,
endPlayer
