// Player14
stat 5
	layer
		node -103.461,-0.60167,-11.8676,13.6255,-59.6942,-35.783,59.7696,-89.4779,15.3006,21.2039,52.7597,-12.1891,-82.9861,-69.7568,-28.7882,-16.3543,29.729,16.1542,-32.4377,41.1883,-3.90536,-37.9423,-41.1574,26.7468,-62.7885,58.7875,
		node -31.6677,-51.5792,7.23529,-26.3783,5.04079,4.99847,-26.0081,69.0698,4.53444,13.6999,-37.4592,20.4218,32.6035,-26.4475,78.2117,-15.1333,-38.0694,16.6809,16.8667,-29.062,-76.7609,-17.8555,7.15154,-78.9073,3.97632,-18.6424,
		node -57.5923,-22.965,9.15852,25.1914,34.412,5.53625,-2.28472,-84.4387,17.0048,-3.15376,-46.6335,5.75563,81.0727,-7.64514,-14.6341,2.56546,-72.8775,-3.51032,31.7484,56.776,40.8889,8.02073,-4.79258,9.49598,1.69937,20.6153,
		node 27.6851,-75.1968,-21.1216,-4.46647,-21.2366,20.9702,-53.0689,-26.9044,-0.369563,46.9209,-2.64891,-24.4357,-14.8998,20.1523,6.3893,15.4295,-60.147,-22.984,-23.4013,47.6247,-30.6312,61.2871,-27.34,-21.1908,50.3693,59.89,
		node -11.6034,-17.7332,21.9007,-78.7704,-27.8027,4.19588,1.34675,-2.77854,-18.8169,-13.0795,-16.4981,38.5178,21.4319,14.0106,-8.62203,29.7632,11.7624,-9.53213,51.9896,1.05666,-91.1042,51.2685,-58.4617,-27.1118,-2.74378,21.7165,
	layer
		node 55.0097,-34.325,-28.2773,17.4828,-8.63823,-14.1052,
endPlayer
