// Player76
stat 6
	layer
		node 7.92522,1.438,77.8367,62.3058,3.59544,6.12763,15.9452,85.3213,-3.6965,77.2255,4.94135,64.7763,39.6345,135.398,4.78866,-81.0231,96.3187,-92.5934,41.9722,68.9578,-5.56409,5.16654,-5.76671,-65.2307,-90.9402,-80.7029,
		node -65.8864,-81.1503,-80.8943,41.5774,-126.363,27.4495,86.9381,-0.210538,42.9357,-29.5885,61.8142,-65.4648,-73.9708,56.2249,29.6992,66.5849,114.105,-98.5237,73.4935,58.9893,16.1205,78.4328,55.6448,-27.2274,133.444,-14.3962,
		node 1.54098,42.6269,10.0465,69.5714,143.495,-91.0274,55.1574,-127.84,21.3244,48.1288,-69.244,22.9777,-102.031,-113.424,101.378,-2.78341,17.0365,-113.887,39.3149,59.7302,-125.817,-139.331,-124.3,-52.3984,-4.67682,-103.796,
		node -46.5397,37.5797,22.6699,8.482,-5.36137,182.75,1.0703,76.9809,-23.3112,70.0458,48.9437,3.3612,-63.1173,84.1215,14.2071,174.532,-50.74,34.8935,24.2895,-98.5098,12.0091,-27.581,-154.672,28.3048,14.8128,109.581,
		node 22.2257,-108.55,-99.6079,-89.2765,13.4526,13.2294,-52.5965,-3.02114,9.97852,9.67827,110.811,46.6283,-21.7114,52.1706,62.2205,-53.3172,-70.9304,-87.6503,-0.69602,-22.3295,-41.0911,17.9487,-12.5868,21.5352,-111.305,-24.7166,
	layer
		node -73.6315,96.2385,-75.0875,-44.4874,-82.0621,29.3,
endPlayer
