// Player44
stat 5
	layer
		node -72.5268,-87.901,-10.8354,46.7673,50.6424,-64.7647,173.168,78.7495,-83.1092,-98.0439,-27.3775,-74.527,177.192,130.581,-175.828,63.3265,-10.1664,-24.8232,-3.81375,-211.491,-23.22,61.9411,255.397,145.19,-83.0597,-121.029,
		node 42.8116,40.9632,17.8925,-6.62537,73.6465,34.4105,109.38,54.8228,7.40721,-127.321,-53.3801,33.3452,38.0652,96.8926,154.463,-81.418,32.966,-99.7843,-40.0954,17.0505,-192.96,70.1694,81.8455,-107.337,-137.24,68.9005,
		node 29.7788,-74.3647,13.5672,-49.0075,-20.9864,67.2398,-37.128,80.3162,50.9666,85.8013,-73.5284,-101.142,-12.9416,36.6129,-31.0181,-63.5252,6.26908,-85.8718,-59.9773,-89.5831,271.096,72.1864,-85.7695,52.6667,-73.3052,78.3481,
		node 89.0055,-10.2332,-112.887,-43.2633,268.75,211.272,-119.092,42.9611,-39.7616,115.202,91.4901,-11.6753,52.035,-38.7305,-35.665,50.3211,114.094,62.2784,100.628,-11.2621,-9.28383,-63.5473,-125.855,51.671,-40.1289,-12.4732,
		node 92.9653,-25.5847,197.367,-65.3609,10.1494,32.048,98.0944,-5.26182,44.954,-14.7809,213.266,-35.023,87.2954,145.423,5.87546,-54.8875,-125.892,-32.591,56.2575,-165.332,-86.9344,19.3353,-206.661,3.52545,107.97,52.586,
	layer
		node -73.3419,-23.5667,-35.6961,98.1622,-26.1739,-24.0264,
endPlayer
