// Player21
stat 4
	layer
		node -64.9498,-72.8159,46.4247,-118.752,264.616,-68.31,164.915,59.8983,36.6518,-96.9208,-121.505,12.0057,-42.5722,124.375,-33.4017,-99.7461,-11.0862,29.6523,32.7783,78.2181,-17.2088,-77.3327,13.9567,-129.104,-93.6422,99.2148,
		node -103.85,-51.1349,9.04989,46.3213,30.8821,35.1566,85.6025,56.4681,3.7999,61.7003,-66.75,-40.4061,33.8919,4.06398,156.301,132.897,24.8395,-193.703,-72.0481,43.2273,279.91,1.59401,83.9038,-52.9911,-34.561,37.8892,
		node 13.2695,91.5691,14.8562,-207.72,-89.6717,-194.44,-62.5945,75.4496,188.849,-190.149,-12.1568,-77.6926,-13.63,25.9427,-180.723,-154.724,284.582,-32.6021,-17.3706,-129.42,32.4601,-172.926,-80.9258,19.4915,-213.548,-193.407,
		node -41.6502,-15.8802,-138.142,-16.997,54.4019,197.783,53.9743,281.535,-42.5564,-28.7781,-113.443,-37.5277,64.0427,-32.9499,-38.9585,150.496,116.911,185.198,108.483,-55.9462,-35.4602,41.6958,-111.205,50.714,-84.2444,-24.841,
		node 93.6589,-27.0784,-128.5,95.5165,43.4433,-7.56199,-60.4455,-41.9962,12.4884,98.8306,198.653,161.147,20.5566,-89.3886,79.5072,177.017,-80.5513,-33.0482,-23.286,-186.827,49.5557,90.738,-28.5483,-67.566,-104.736,-27.9461,
	layer
		node -67.7998,-81.9022,198.2,-32.8952,-95.6048,266.764,
endPlayer
