// Player18
stat 5
	layer
		node -71.8953,-86.5928,108.541,33.2869,-74.6809,-70.9245,150.052,137.771,42.2929,-205.04,10.7181,288.24,38.5774,-21.9676,-123.772,64.8725,-54.6685,-82.2728,33.7692,-228.694,-23.5245,178.357,-2.15545,187.933,-89.182,-127.524,
		node -35.4448,-47.6025,12.9323,-95.1093,78.5582,-8.33187,79.1868,-100.169,6.1369,24.1879,-91.729,284.924,5.7108,86.8963,-201.069,-71.0894,67.0495,-95.8933,-72.3427,11.0739,-80.7417,67.0153,82.3967,179.326,-54.8267,34.5565,
		node 30.7634,88.9306,21.7078,-51.6821,62.1333,69.9253,-64.5884,-23.0243,24.6899,-177.199,-193.247,-70.3438,-10.1189,18.1322,-101.91,-136.229,256.461,-38.1293,-8.97807,-3.2059,33.2316,265.219,29.456,-116.066,98.9245,134.557,
		node -48.3481,236.504,94.8308,97.3086,60.2294,218.905,-116.529,273.525,-37.0446,-11.474,-74.149,69.4555,-71.5435,-73.2469,-57.5322,42.4215,-10.4406,64.3596,98.3672,-14.6413,-46.9201,-65.0049,98.9732,51.266,64.9968,-8.45597,
		node -91.8069,57.4826,-128.444,-67.25,-31.6695,-103.589,94.9058,39.677,283.878,85.8927,206.169,99.4498,-121.49,51.8201,80.9753,289.196,-124.956,261.365,42.6386,-182.568,-105.854,19.8036,-72.8755,-30.4397,67.7945,132.353,
	layer
		node -12.2496,-100.216,-14.9143,16.4761,273.457,-37.9944,
endPlayer
