// Player1
stat 4
	layer
		node -75.6606,-113.454,-26.727,32.3193,72.0316,-16.56,166.549,138.102,270.057,29.6398,-17.455,270.359,-124.635,119.773,-181.484,-69.7802,14.686,-43.5575,23.9916,44.8599,-19.5607,116.633,-67.4288,230.532,-70.0651,-99.1805,
		node -103.56,0.411971,-55.436,-128.888,80.3714,-45.6569,46.8883,-91.2944,4.44894,74.16,-93.635,26.5678,44.6026,-24.5303,-105.871,-81.03,63.0659,-102.801,-69.6299,58.4831,-181.245,62.5073,33.1296,-112.925,68.6643,36.896,
		node 32.3451,-94.4383,22.1487,-16.5955,43.104,-195.546,-32.9327,78.8835,20.6221,-198.886,-185.955,-75.3019,-109.527,37.8371,-177.887,-144.796,266.314,-36.0338,-53.3675,-122.488,33.6748,158.891,44.0185,48.5458,-203.201,168.838,
		node -62.9707,90.1745,-137.891,-104.673,59.5567,218.183,81.6139,274.452,-32.6878,76.4218,-103.003,46.2612,253.266,-30.0241,-40.459,51.7848,-218.389,179.933,51.4478,-12.1156,-33.1611,-72.5541,-102.356,-60.8277,-33.4438,-205.076,
		node 96.7308,-36.6549,4.17455,-37.7215,103.403,32.7449,-9.25819,42.5393,123.958,76.2177,-105.067,147.084,-88.4272,-90.6427,3.42411,287.348,-106.283,265.613,64.2407,-164.522,-102.234,85.9009,-14.2337,247.592,-182.488,130.535,
	layer
		node -67.9058,-68.2112,282.679,37.9617,-83.9321,-41.1699,
endPlayer
