// Player17
stat 5
	layer
		node -31.7604,-33.4492,-61.1204,-41.0689,-98.774,28.0713,-144.492,-40.5593,56.6597,37.1133,-110.733,29.3007,-98.6482,-1.74184,-11.7726,6.11089,-156.183,49.5679,-113.46,-63.6767,-130.398,-100.587,-69.2889,-8.96768,-54.3776,-41.6595,
		node -79.6787,-10.4445,-28.2078,-37.4537,-20.9415,12.1332,-116.336,23.9,16.8427,67.0638,-8.75048,-93.5092,-34.0224,41.8004,-32.4472,-8.77274,-48.3224,-123.588,-41.2124,-3.80539,-33.0437,-34.3481,-30.2925,87.9591,9.97445,16.768,
		node -53.5006,-46.8485,-90.1871,-54.3102,-33.3817,-33.0057,45.515,-11.6672,73.555,121.967,30.7162,3.86823,-38.7864,53.9561,-24.5286,-38.7059,1.69661,32.6737,-10.4977,26.6614,8.11048,-61.7411,-11.0599,70.7953,-43.4537,37.1976,
		node -24.6025,2.8819,27.1681,44.5568,23.5022,-46.7076,-22.1685,30.8485,23.6229,-66.6532,-42.9435,-18.7493,-65.5549,-6.09254,-137.279,30.4863,54.8334,57.382,-49.5422,41.9586,-43.2978,22.5598,-62.8267,-59.185,-27.5796,-39.2907,
		node 16.5543,53.133,-81.3319,-90.7151,23.4093,69.974,-140.583,-15.7741,67.8914,-75.752,-3.15176,0.192123,36.27,-44.2803,1.50502,-149.494,122.069,-50.291,-53.0788,52.0284,56.967,6.43673,-77.7533,22.3232,24.6884,-59.2133,
	layer
		node 56.3752,-54.6357,-20.8558,-90.7059,90.9456,53.1921,
endPlayer
