// Player78
stat 6
	layer
		node -54.8106,51.3009,10.7374,107.456,-36.2178,217.365,-35.5562,123.746,-46.894,-11.7243,-25.0327,58.7671,75.2587,-21.5251,13.0349,-139.03,-32.9738,-32.0739,-24.989,-70.2712,-155.242,-35.2781,63.0807,-21.7135,28.6864,14.9896,
		node -1.34778,34.7261,-22.3127,215.356,-53.0063,29.0916,35.7815,-34.3844,68.5802,-97.8747,27.3181,14.8994,-25.769,-8.68944,21.3972,58.866,-109.363,83.4538,-88.325,-19.3852,-60.5199,52.7301,24.11,53.5387,19.444,-0.076815,
		node 52.4714,-36.1019,17.5134,-4.37834,60.7027,30.3661,118.405,-55.3932,11.354,-2.42667,-42.6065,-104.952,-34.2083,57.9395,-7.62406,66.4282,-22.3968,-7.15071,35.2259,14.8398,16.2036,-62.9124,53.0739,-40.4204,35.0726,-80.3574,
		node 9.02642,-16.6405,47.8603,43.4714,-56.8825,116.743,12.4988,-20.5127,135.687,-10.572,117.828,62.0333,-29.1041,-50.3845,-119.631,-44.7491,-76.2395,-26.2944,31.8329,3.53029,-44.0389,83.9034,27.1727,40.4265,-13.9833,-3.18415,
		node -37.8632,3.78907,90.3108,-34.3919,-52.8008,-80.688,-99.3491,-90.4222,-15.066,-2.14276,-119.006,-43.1343,-28.8221,32.8783,73.5972,-32.5842,-118.14,-19.9479,93.7279,77.5277,41.1295,-14.9238,-116.477,-4.51522,-40.0848,-15.0975,
		node 125.246,27.8571,-104.541,-26.9471,-26.0697,109.615,41.7411,-71.282,-24.58,39.5308,-68.1491,120.956,-16.5721,42.9187,-98.6603,-116.181,11.3506,-56.3808,48.6453,-68.2386,-53.948,-87.881,-42.1415,86.4728,-17.5948,-0.532658,
		node -39.5642,-124.578,-52.1106,56.18,-2.29387,73.5215,-84.1305,84.7297,-69.9574,-34.217,123.91,7.43668,-6.06661,-30.167,130.505,1.93667,12.386,76.8715,-28.8332,25.5413,-26.6843,124.14,0.626645,11.1827,-4.74251,-14.213,
		node 89.2746,19.9901,44.5048,-64.5627,28.9564,-83.0177,-34.5502,-19.9441,-48.5078,-23.7573,100.198,12.5925,6.07104,117.264,0.559723,-9.51248,36.6925,19.5862,-59.3198,-23.8908,-81.5165,63.4231,4.64931,109.334,-38.0403,16.8039,
		node -62.3526,-14.5686,-3.7573,137.367,119.546,-42.7588,-14.2153,33.5891,-0.814482,119.301,-12.7355,-116.807,-46.8273,10.5243,14.4982,-71.781,-53.3973,128.963,-7.60466,-3.22634,1.88017,-114.745,-9.87418,-22.4962,-21.8212,-12.4764,
		node 32.642,-87.8372,136.656,21.0162,-97.3759,-15.0725,133.42,-24.734,9.19256,55.558,-27.6844,72.1303,-29.9445,34.7514,-44.8227,-16.2978,-20.739,-54.7919,86.8679,-118.706,-4.41534,12.8411,72.0506,1.82212,-46.86,-6.36807,
	layer
		node -24.2722,-7.26698,61.1332,-34.3149,17.7524,51.9825,59.4242,-1.6317,24.1183,-73.2533,10.3512,
endPlayer
