// Player58
stat 4
	layer
		node 9.09449,-3.52725,-11.3915,44.4718,-45.6965,43.2488,8.22047,9.32966,-24.6761,-50.4876,-3.51192,1.01008,6.22115,31.8477,20.4261,-8.8905,-52.7256,14.633,1.02008,-57.6681,-10.2111,-50.1483,-26.5475,-27.9929,-29.6766,-3.82862,
		node 15.2177,-29.6974,-33.7732,-60.4284,-44.5153,-45.4397,39.1057,28.299,-44.4681,39.9106,19.3424,6.37143,-23.3213,-25.8909,-21.4834,-4.79493,-17.5629,63.3025,20.5027,-44.8644,-17.1211,-26.1246,24.7661,-25.9852,37.0697,-20.1046,
		node 38.5945,-14.7529,-14.8646,46.8487,-26.5,6.5708,-48.6921,30.8068,-8.48726,-23.7288,-11.2679,-15.9244,-13.1788,28.1076,9.71241,-3.52267,-28.3923,-20.8687,-22.1999,4.98419,24.3178,34.5055,43.0608,-3.88884,-0.358235,-35.8758,
		node 8.10287,-22.761,39.6914,39.1779,-11.2071,1.11997,-48.6328,4.44957,-37.96,8.83827,16.8176,41.6759,54.8088,39.6549,36.3537,-41.1895,-33.9403,16.2049,-15.51,62.0766,14.3675,27.605,36.1502,-6.71512,-47.0749,29.9508,
		node -35.6422,45.1275,10.2424,-12.1693,-38.753,8.91437,23.4974,-69.8753,3.90331,-33.7726,31.7444,24.7353,14.1067,-41.6289,10.6411,23.6181,-0.671821,15.2485,42.1479,0.185692,-21.9682,7.22944,24.7579,10.1751,50.601,55.4663,
	layer
		node 15.5452,-39.3156,-33.7438,-44.3972,61.0668,40.8673,
endPlayer
