// Player32
stat 7
	layer
		node 57.1925,2.9393,-49.5094,16.5957,-33.1403,26.109,-46.3566,8.92644,-62.4859,30.4688,-2.84594,-48.5984,1.03495,-8.23214,16.5157,32.6165,-68.238,13.7387,-8.35658,-30.4753,23.4343,11.3749,-22.1252,-68.6524,-30.4053,-22.3578,
		node 14.2167,-63.6832,40.2816,-64.277,-52.1359,-7.93949,-77.396,5.35243,41.661,30.3878,-14.267,-64.0236,34.8471,-10.6355,-6.68085,69.6409,7.6297,48.2667,-31.2561,-43.3242,-3.52618,15.4307,42.9839,2.57567,11.8438,17.9025,
		node 11.7551,49.0547,-21.9666,3.94195,-46.7789,-1.29514,39.2408,27.6153,-10.4913,-40.2309,0.761879,-55.1548,-23.4273,-46.6431,7.29285,-9.81162,14.0176,1.41936,-31.8667,24.522,45.0829,-26.147,-0.452212,-27.9473,18.5975,-30.3123,
		node 41.5472,-25.3457,-48.7374,4.97978,18.6424,-46.2277,-44.176,-7.66891,21.7267,13.1412,-22.4971,28.3271,-32.7898,45.6268,26.57,33.5647,-5.195,-4.28905,-34.8466,-9.15072,13.8569,-30.5096,39.219,53.8534,15.4988,5.36402,
		node -7.18764,23.9625,-8.03497,-58.1222,-53.229,53.0825,47.5609,-6.88335,-2.19318,-59.7193,21.4731,13.6403,65.192,-47.0642,-37.9474,22.5313,-67.3135,-1.44288,-65.3749,-23.3452,-4.25647,6.89844,3.77864,3.31199,-37.2815,41.9584,
	layer
		node 20.5498,-31.6175,11.6159,36.5515,-32.2122,-39.7061,
endPlayer
