// Player8
stat 3
	layer
		node -12.2072,11.9913,-11.2494,-6.26201,28.2553,22.6812,-15.9084,-14.6574,38.9474,27.6788,-45.3127,8.47304,-52.3378,-8.62253,60.6734,-7.91797,-10.841,-22.324,8.07687,42.7537,-11.1242,-1.81282,-49.4172,23.6209,-13.2229,-8.1425,
		node -20.8321,-56.2403,63.0734,39.8601,-54.3914,38.8646,17.7102,-30.8393,-73.1189,37.9268,-67.2222,9.33454,-45.7343,-32.1985,-55.1444,41.9811,-36.8458,2.74593,-34.202,-33.7895,5.49782,-27.6931,17.7147,43.746,19.0498,-36.4409,
		node 5.10346,52.1225,2.25461,-25.4849,29.8492,1.24833,37.9359,-54.6382,42.7327,-12.7287,35.2759,-57.8651,-22.3149,-17.9221,44.4628,-64.5951,10.7277,51.9036,-5.43332,-24.238,67.0564,0.333719,36.7143,-76.1692,32.5351,-54.5601,
		node -38.0117,-25.3526,38.9865,13.0738,21.7008,-54.6666,-67.7466,-8.91838,-11.6487,11.9199,-28.6801,-33.1656,11.6973,-3.64363,25.4529,48.9656,-3.55004,23.9932,-8.80061,42.3584,11.6803,0.157406,37.4498,-24.94,-31.9181,38.7749,
		node -39.1163,-55.9944,-13.6601,-57.7494,-53.9602,54.1553,41.1047,-44.9598,-19.6511,-31.1853,13.3834,31.8142,-5.98376,9.64804,-0.444774,-30.0106,-7.15504,11.924,45.7307,-0.958876,-20.0722,60.3117,23.38,45.0595,-46.2966,19.2687,
	layer
		node -13.4941,16.2374,-29.5005,-12.6017,-29.4953,-36.9846,
endPlayer
