// Player41
stat 4
	layer
		node 11.0084,67.2758,-57.7111,1.83912,4.05327,-62.7629,-35.7209,-18.6934,-72.0611,-19.4379,-7.5603,-48.3249,-1.46902,-28.1752,32.6097,37.9346,-60.2294,37.9742,32.0663,42.6032,15.9237,-27.2646,-22.099,13.4947,-31.7005,-19.6842,
		node 11.2984,-37.5594,34.8002,-63.6543,-36.46,-10.1304,-77.4239,-14.2528,-72.4277,1.06321,5.27406,-62.2498,33.6519,17.5013,-46.4753,-20.7589,9.3695,-27.9288,-21.8879,-15.1591,9.42427,16.4575,41.3809,-27.1609,12.7311,-36.5618,
		node 12.5735,49.0514,-21.97,5.29471,-44.5257,-20.9692,20.7115,32.59,-9.29552,-40.8394,27.8442,-7.25985,-30.5156,-10.0355,2.50922,-3.3349,28.2501,-16.2227,-27.2464,-25.4416,58.9494,-26.52,-0.845893,-24.5392,-4.99252,-33.2536,
		node 41.1629,4.90797,-47.984,-0.702331,18.0511,15.9271,-43.2005,-2.13096,-42.6625,-2.3941,-9.46224,-14.2477,57.6146,44.8789,30.2914,61.3365,-30.353,-22.6222,-8.31056,-30.9329,-1.64735,-30.2368,36.9589,-9.49188,14.6185,42.3534,
		node -54.1368,7.51373,-6.03056,-55.8462,3.56654,-7.70043,-25.5248,-5.11371,-2.27776,-60.724,22.3908,20.4193,12.9704,-49.8373,-38.1501,27.6761,33.067,1.00611,34.4983,-6.86458,-11.376,5.47607,4.04704,0.788306,52.6066,41.6678,
	layer
		node 4.15887,-33.3305,21.0468,8.68448,-39.9481,72.5576,
endPlayer
