// Player12
stat 7
	layer
		node 5.06484,53.957,20.4401,-7.42955,-50.0998,4.41339,-14.7001,7.05316,-52.8603,3.72765,8.91692,29.6631,-26.1818,130.646,19.9678,86.985,110.652,35.9654,-15.5769,48.5127,26.1502,37.3918,-18.6205,-6.56229,27.3305,-104.543,
		node 69.5669,-77.5652,84.8258,76.5701,-24.4618,-48.5453,61.2482,69.3929,-26.9658,-19.4927,18.6382,-22.9968,49.8551,-8.6626,-43.0356,-2.70834,17.4099,42.1615,-2.12039,-70.4055,-6.15887,37.8513,31.3304,-3.08729,3.52804,-56.2408,
		node -49.7849,24.9152,-49.8573,82.1154,22.1244,-41.9284,19.4731,50.6065,-10.7059,-44.8221,-32.8747,-89.086,-29.3295,35.4235,27.3104,-26.1377,10.8998,3.02174,-37.5455,17.2449,40.4347,18.3451,17.5274,-40.3967,9.52857,1.84549,
		node 54.7864,34.6129,-21.2613,-4.049,55.5874,-22.5355,35.2664,40.0565,-34.1726,35.7237,70.4757,-36.9666,-59.4335,-30.7341,-8.87406,68.5997,-2.66009,-13.143,30.8275,-15.5345,43.8472,-22.4501,4.93841,19.2029,-38.6809,-45.778,
		node -30.2863,1.92932,16.4826,-47.1591,56.7855,93.2151,-11.334,-21.9247,61.276,35.4309,-33.7468,70.4574,15.0078,77.2189,-56.5873,-19.9978,-1.41184,-55.0478,16.6705,68.288,23.7555,8.89282,-23.2466,-53.4823,41.7974,-60.3343,
	layer
		node 41.1706,22.0251,-76.3792,58.3505,-34.1947,-44.13,
endPlayer
