// Player64
stat 8
	layer
		node 29.3635,41.6503,-72.6757,-24.482,-12.767,-34.2805,51.5368,1.84431,52.4831,-50.0705,-74.4945,-48.8863,-39.9105,118.671,51.9347,87.9215,-21.1836,-47.1005,-6.99001,-10.09,10.9783,57.721,23.8025,49.6546,-53.4936,48.3702,
		node 3.43585,-36.6697,40.4684,-9.01906,-20.7231,-45.2951,-44.9611,54.1959,-40.8097,54.0558,9.23695,-32.0408,59.3748,10.0138,27.2013,-18.8177,-54.0568,-4.28793,9.21307,-47.1585,5.64589,8.44827,-57.299,70.594,11.6254,-51.3726,
		node 39.7897,-22.4153,-7.52823,62.464,11.7906,-49.642,8.4474,-24.6869,-59.6064,53.9507,15.8836,-46.2188,-46.6639,14.2498,31.8459,-53.246,16.2471,3.88791,-23.3043,-30.9296,-4.88582,9.59524,111.578,10.2192,4.02409,5.63947,
		node 51.1955,-32.413,-55.9693,-11.1319,40.4181,-29.2038,-11.1071,-8.25975,-19.2786,-1.72041,-5.59038,41.4487,1.35191,-27.9718,-15.782,63.4333,-26.479,47.7493,-8.47141,-76.66,25.8151,26.0402,0.529407,21.0761,-13.7427,-68.621,
		node -9.69101,-37.0572,5.12381,-4.05235,1.10583,75.5903,23.3662,24.3304,113.762,-40.12,-59.1431,12.6852,34.3088,58.9129,28.1662,15.3498,8.56937,-29.2737,15.8893,48.861,7.15308,72.4208,45.6313,-75.454,-61.553,-17.9691,
	layer
		node 5.61508,5.25973,-57.365,-39.5986,71.1372,10.6476,
endPlayer
