// Player73
stat 6
	layer
		node 41.2882,32.4405,-28.1556,-12.3524,23.8943,16.1334,-118.278,199.76,-29.6081,222.716,-12.7396,45.5098,-27.1892,82.6921,172.57,-12.8872,33.1518,218.811,-63.6696,-184.628,-180.64,72.4144,-191.766,171.111,102.098,34.5032,
		node -23.6475,-121.24,-97.5215,-114.507,87.105,-17.3505,95.2097,-37.8948,64.6863,-145.282,-126.016,-3.66392,-26.0413,66.4645,-53.0237,-134.301,164.526,-14.7872,158.319,-30.7213,123.892,179.96,9.44759,57.6961,49.2483,-127.262,
		node 60.0544,151.562,87.6605,82.332,-136.866,-15.8235,76.0142,-85.7569,-11.9388,-43.3938,-11.1931,17.3356,83.4231,36.0042,-46.8662,26.6087,61.4919,-39.6729,42.7434,92.5835,-51.1788,-53.7777,32.8182,97.9449,19.6066,-81.9437,
		node -155.639,152.718,-45.7329,-27.125,86.6317,-16.4651,-79.2093,-11.251,22.2855,167.571,-15.0482,-161.892,166.173,-73.2826,166.065,-5.71726,30.4192,187.033,81.5415,159.303,-195.049,118.513,170.784,4.13913,22.9164,41.6668,
		node -39.471,-124.169,55.7846,40.8301,-12.316,-1.38463,-92.0056,-10.1042,88.1946,112.78,42.0697,-2.66797,48.0735,-10.8986,-10.9638,4.18984,19.3268,103.89,-156.011,59.5073,-23.2943,-54.7467,78.9334,164.646,161.298,-8.2096,
	layer
		node -59.8983,-16.5639,-26.3756,194.134,47.7296,91.5913,
endPlayer
