// Player72
stat 4
	layer
		node 15.2976,113.144,34.8875,197.459,149.515,21.0595,-112.969,-13.4391,-29.3976,219.06,39.1921,47.941,-23.4753,-81.9836,24.4956,-9.65259,14.9875,219.469,-61.7246,-181.117,-182.82,1.52064,60.2315,-139.385,-65.9785,55.7402,
		node 160.332,199.999,-97.8381,37.9365,-31.3469,78.7677,87.6182,-38.5445,66.2847,-143.414,-128.548,-13.9866,-4.65835,-21.436,8.7763,10.2485,-133.236,214.691,160.599,-85.8495,-19.21,181.413,3.5614,99.0679,63.7272,-154.766,
		node -24.0781,-27.4088,17.4312,79.8936,16.7995,-13.4264,76.744,-25.4234,246.136,50.2996,-49.325,-147.044,-150.18,37.8062,-45.9548,26.2086,68.3278,-25.4306,44.4365,-34.6135,-2.78032,-51.9292,9.83342,36.8612,152.363,164.709,
		node 2.63786,139.059,-40.7442,-28.2267,-163.186,11.2949,-185.525,6.52442,18.9662,181.813,-198.779,148.953,-27.7565,30.7741,165.958,-11.1354,-72.999,175.882,76.265,109.257,112.183,81.1392,-165.319,-0.313391,31.8305,52.2683,
		node -42.1325,-122.163,51.7402,-25.6911,-11.3561,3.09412,-91.9976,-9.33777,90.8802,117.362,-43.3028,-11.0353,38.423,-12.6307,-13.5634,-12.5371,147.603,101.555,29.0297,57.849,-22.4507,-52.6941,81.953,-8.36291,163.304,-3.38764,
	layer
		node 102.113,59.3931,84.809,195.121,-5.04109,-84.5505,
endPlayer
