// Player19
stat 7
	layer
		node 45.038,98.5952,-8.70574,20.5799,137.403,11.2255,-118.355,-30.9988,30.1992,229.47,7.353,65.6853,-63.1761,46.4315,-46.916,36.6461,36.5443,61.6888,-205.508,161.584,133.565,131.237,-2.62465,181.284,-57.9339,53.1195,
		node -127.435,87.0522,49.9853,96.9339,-37.5127,-59.9148,-156.099,65.0699,-119.289,-238.304,-53.7647,40.9017,161.223,-21.8742,11.9297,-31.4816,-131.616,21.9874,171.716,-61.0041,-19.4867,-31.6535,-137.095,198.705,78.9886,47.7276,
		node 182.046,146.411,109.711,64.7432,-137.971,67.18,79.7222,166.298,-10.3534,46.4206,23.1093,168.365,-22.2321,89.3918,166.518,-80.7585,46.1862,106.036,37.7321,76.8623,-44.626,-44.109,3.20496,195.148,-44.2669,13.7791,
		node 56.6739,135.565,-29.3758,-8.22325,163.416,-19.6204,10.6993,-8.78532,5.31865,186.914,-186.222,55.7369,-29.6552,73.132,62.4619,47.4415,-72.2671,164.906,-40.2921,172.189,-188.237,83.3816,-165.347,-8.16654,132.526,46.9127,
		node 172.755,-124.23,-6.86005,82.5856,-11.1483,-2.95375,10.5585,-156.144,157.518,-15.4348,-27.2695,-48.1831,12.2612,19.1219,100.932,39.5998,16.587,89.4024,1.28646,183.706,104.77,-43.9067,43.3367,32.7933,167.625,-16.5707,
	layer
		node 14.2949,-61.3508,-134.444,-22.8393,90.6496,182.614,
endPlayer
