// Player63
stat 10
	layer
		node 44.0942,111.819,37.7924,202.582,148.042,-195.014,13.2026,-117.273,-28.7613,222.656,-20.4164,46.6696,-24.2848,-82.1395,-48.8169,-29.7504,82.8919,52.5195,-62.8967,-204.11,9.7863,133.049,-3.37634,66.3674,-23.1082,55.8604,
		node -22.1288,142.25,-102.93,-115.996,-32.181,80.2663,74.3773,-37.264,63.2968,-223.102,-117.57,46.3649,54.1931,-60.2657,9.06696,19.1711,183.686,-6.58985,158.656,-87.5517,-70.6649,181.766,-17.4043,59.7539,50.9546,-161.917,
		node -27.2853,241.05,18.2372,-13.5635,-185.109,-15.8171,52.9337,-25.5991,-137.567,-34.1489,-10.2192,-145.296,42.2439,36.6726,23.119,26.9838,66.6336,95.7906,-16.1868,78.6397,-37.5548,-53.8957,29.3748,125.332,154.346,-80.105,
		node 17.8985,147.025,31.8415,-26.7087,-172.247,-17.279,-186.666,-20.5353,192.831,165.979,-198.966,58.7034,165.952,-71.8079,-38.4343,-15.8705,26.7398,171.579,81.1634,165.06,-154.897,83.7912,60.0288,1.96072,36.0154,-93.2176,
		node -135.745,-119.844,157.853,-31.3469,-10.8183,-133.973,160.879,-131.204,74.9638,112.316,68.2607,3.46742,50.2725,16.6029,-15.2759,4.81119,60.3469,88.3565,-148.698,58.5372,-33.7242,-52.1617,78.1799,27.6905,189.737,-34.6764,
	layer
		node 22.9272,-86.5923,182.716,61.6098,48.8696,13.6601,
endPlayer
