// Player23
stat 3
	layer
		node 33.282,28.3255,-144.927,28.5272,149.298,85.2225,50.0456,-10.7553,24.0823,226.322,-12.7374,56.0755,-51.3485,55.9469,-50.6962,-9.53169,25.6873,228.105,171.476,45.5746,140.703,16.7549,-7.81615,-139.861,39.3181,55.313,
		node 97.1626,84.6035,-108.196,-116.748,94.8238,-42.3798,85.6138,-34.844,92.6987,-188.195,-176.249,39.6648,-22.1597,60.5992,82.6279,-43.455,115.135,-3.47415,165.809,-62.0405,-73.6623,-51.4583,43.337,-58.6392,50.3872,-19.4761,
		node 175.088,-33.3842,164.618,-27.2034,-15.0697,-8.67571,-152.239,-6.05649,-11.434,-32.7246,-51.8792,49.849,-31.7516,-157.36,-145.678,-61.7255,16.7234,95.9024,180.434,77.6864,-31.1483,-55.2412,-10.7613,135.273,152.474,-46.6831,
		node 46.2944,-75.3354,-35.2289,-17.7762,144.416,-14.4985,11.4735,6.78848,22.8246,176.185,-159.511,45.1552,75.6821,-8.03936,-93.9852,51.6667,17.2041,179.009,174.995,152.467,-194.635,144.46,161.153,9.285,-155.438,46.9539,
		node -144.845,3.08666,-28.2636,35.396,-13.9656,6.49925,77.2166,40.9347,64.7328,92.143,-50.0209,172.807,204.601,14.1683,18.0431,60.7089,126.729,45.1474,-162.294,170.388,-51.9377,-56.5963,-36.5447,37.5371,51.4857,-48.0017,
	layer
		node -28.1706,16.5777,68.6506,-150.771,-50.3277,-59.5432,
endPlayer
