// Player22
stat 5
	layer
		node -70.4255,179.917,125.348,-56.708,137.071,158.963,106.171,-62.3983,163.377,194.577,143.09,133.617,131.637,-142.738,103.008,133.849,42.3688,130.154,70.0731,83.8836,82.9105,114.099,-3.28562,14.1561,195.403,173.9,
		node -52.9598,156.704,72.3984,166.399,147.012,80.0484,101.348,114.717,114.14,64.1827,127.118,-9.07856,68.8186,-62.2926,117.171,-41.987,76.4401,186.918,163.464,204.012,155.086,153.3,167.342,188.199,202.398,-26.6595,
		node 87.5097,121.441,52.8864,124.952,67.7676,103.111,85.6161,135.168,158.735,128.458,72.2342,77.7073,126.946,128.006,-46.7185,-43.4903,159.961,113.929,250.072,76.7344,117.729,88.3383,-58.1821,83.1714,176.362,86.9909,
		node 61.553,213.849,153.74,141.174,151.893,-41.1111,119.882,98.0066,192.611,62.052,-31.8754,239.682,46.2276,94.9236,108.107,-27.5439,101.076,166.471,79.4973,179.106,72.0249,52.443,64.351,95.2742,88.3923,75.6359,
		node 89.6655,107.765,102.519,221.381,177.614,-82.3971,91.686,124.396,200.306,154.733,72.8782,180.287,114.442,152.523,121.032,-9.43914,103.681,129.376,105.926,194.752,36.6113,92.1912,68.0849,156.684,195.789,84.8407,
	layer
		node 152.601,-42.6413,173.582,220.657,115.384,75.1325,
endPlayer
