// Player76
stat 4
	layer
		node 224.149,281.595,136.512,-227.867,22.5121,166.116,-190.082,89.4596,-32.5223,262.649,52.1202,67.438,269.121,109.336,94.5096,203.477,140.466,-28.3144,158.229,265.115,-271.945,253.756,115.509,223.876,120.49,239.616,
		node -149.054,265.448,274.617,-235.461,143.001,-11.8905,103.233,-192.563,-183.916,252.625,95.9003,96.5068,77.2329,248.949,278.452,240.514,264.857,229.532,230.887,117.431,-18.4769,203.176,138.621,46.0309,171.675,230.683,
		node -133.465,101.929,212.646,214.523,140.563,-168.839,125.67,64.4493,276.118,131.644,115.666,237.441,93.4626,286.813,300.313,-228.843,238.493,-253.287,275.692,261.556,73.8424,157.781,247.421,224.627,272.197,166.75,
		node 127.03,97.4287,-315.235,53.2038,236.62,97.1959,-22.3516,-43.3073,99.541,121.752,-65.024,121.997,90.7531,-19.8494,212.344,-29.7752,-203.841,261.326,54.2817,61.4229,-231.859,-289.356,96.1373,146.931,367.919,187.231,
		node -193.893,138.818,-31.0992,-27.636,155.229,-11.6211,346.474,55.8873,200.617,106.865,-31.7858,281.094,142.295,102.237,278.408,194.282,-26.5393,45.2627,362.388,-52.0087,-212.388,65.2961,183.402,-271.2,166.354,-247.842,
	layer
		node -189.96,-44.4154,107.466,284.547,111.078,-36.7887,
endPlayer
