// Player15
stat 6
	layer
		node 161.075,230.503,253.483,-253.842,17.2464,172.904,209.58,-9.02018,44.1498,-204.64,241.474,263.365,258.428,-119.46,86.513,-164.881,143.358,-33.0101,248.843,108.488,-44.5761,114.986,122.783,223.604,110.696,237.02,
		node -142.702,35.5333,233.347,251.131,57.9986,-9.0614,-25.8274,141.576,261.261,239.849,-122.929,-135.543,62.2065,245.863,286.55,120.65,289.437,-13.3199,115.918,96.5031,-15.0281,231.524,231.929,48.4664,153.458,148.773,
		node -138.928,99.2086,48.5279,-223.885,-26.4081,-26.5115,-165.662,80.5475,235.189,141.512,50.7366,236.844,116.238,280.214,57.7985,286.407,151.171,-255.166,-238.658,117.017,16.3843,164.729,32.4911,222.966,212.07,54.9599,
		node -254.764,-22.3595,-303.07,243.332,105.527,98.8359,-24.1072,266.002,-254.649,141.719,183.845,108.326,86.2085,181.361,153.285,-42.3484,211.78,90.5189,106.633,134.954,121.103,203.753,97.493,134.745,369.062,182.526,
		node -219.145,-150.584,-30.1513,-131.962,-123.831,246.826,347.098,54.5669,107.072,191.83,-24.9394,62.2862,287.287,89.132,272.452,203.476,149.819,109.868,238.264,134.993,-207.09,-206.155,184.093,-119.088,167.373,-250.876,
	layer
		node 50.821,252.034,162.954,93.435,213.402,239.957,
endPlayer
