// Player56
stat 5
	layer
		node 167.211,308.556,98.0054,145.794,13.065,173.401,-191.744,-196.239,37.0341,235.949,282.314,3.83087,257.967,-113.659,103.701,195.776,103.188,262.379,250.346,270.707,-266.516,243.705,197.044,228.104,120.264,235.858,
		node -262.582,38.4715,277.815,222.536,144.833,-10.9145,101.951,174.236,-184.227,261.924,253.832,107.428,-190.334,251.198,111.987,122.806,128.864,232.93,115.692,120.185,-21.1527,-237.525,148.489,46.63,170.826,96.5663,
		node 278.151,-231.134,242.481,214.549,-33.6967,226.316,120.355,70.2278,254.532,135.819,33.8703,238.174,80.6539,285.945,294.716,-185.448,-170.265,136.685,-237.945,118.355,74.9748,157.203,35.1849,183.211,-206.023,194.652,
		node -208.263,218.303,-314.003,68.5069,229.872,99.8403,-27.0657,126.88,95.8177,123.335,12.253,117.085,90.6194,-24.54,212.714,-30.2509,174.336,-19.5062,202.78,143.148,-24.6282,112.332,98.0954,145.459,47.0951,226.429,
		node 92.3289,-188.651,-33.9126,-132.708,178.287,262.661,368.772,73.535,227.046,94.7099,-29.2649,62.515,226.429,65.8561,290.743,148.253,-23.6945,226.642,366.566,-51.8871,-211.862,72.36,95.06,-278.322,170.971,47.0838,
	layer
		node 287.177,56.2129,354.039,163.9,90.333,280.211,
endPlayer
