// Player61
stat 7
	layer
		node 88.1772,280.178,216.095,-239.654,16.3985,170.884,-181.07,-189.373,262.132,-221.148,289.584,2.61015,262.614,207.629,88.9431,277.233,148.724,152.985,239.405,145.668,-269.785,157.11,93.1037,220.297,229.963,91.1151,
		node 287.14,192.868,-139.987,-30.8529,153.067,-17.4014,120.217,220.923,236.039,246.21,-123.901,-137.749,77.7976,79.0493,307.694,-35.3885,-204.551,234.745,4.8213,91.3997,223.117,-235.661,256.388,-206.812,149.557,133.839,
		node 237.927,321.068,55.1309,218.049,216.189,-190.596,-163.909,79.6901,226.757,156.196,49.5336,234.377,128.286,278.531,303.603,286.691,-181.133,273.044,-236.441,118.984,88.3464,160.856,-119.054,164.361,49.7599,197.104,
		node -261.969,-35.2567,-300.595,247.491,97.336,-200.042,-26.3069,117.241,48.4006,114.193,-132.131,104.465,186.059,-17.2589,213.228,-35.466,162.047,88.0157,53.575,70.3089,255.431,-290.937,165.178,145.221,-155.821,190.439,
		node 129.702,62.5743,-30.0001,-38.6603,184.179,267.176,352.133,60.7725,142.827,97.0608,-198.094,225.543,140.03,9.94896,281.576,195.821,-28.4344,106.476,251.297,130.254,154.787,-205.573,90.5264,-117.729,-13.6317,-236.212,
	layer
		node 156.602,42.0195,-214.013,-36.1937,254.989,125.614,
endPlayer
