// Player29
stat 5
	layer
		node -63.9383,7.93884,-70.012,3.57142,-4.44941,-56.4795,21.9984,-84.7719,-49.1125,-82.7707,-82.2104,45.1235,10.2853,-103.774,77.5547,-29.2436,-38.2844,-113.746,-26.2607,-10.2756,-31.9096,58.9073,234.279,-165.711,-79.4639,-133.068,
		node 92.0455,-12.4195,-118.402,-28.954,-56.0204,-94.8303,-64.0295,-79.4104,-6.25426,-33.2758,-92.4695,5.18709,-79.354,46.6965,-86.711,18.1951,-55.3586,2.71553,-68.1811,-15.5945,-46.4548,-73.8705,98.6981,202.414,87.9527,58.096,
		node 210.48,40.6465,170.488,19.3938,37.6088,-8.77222,-18.8492,-205.689,-126.447,38.6715,-0.0703352,-53.5592,23.596,-54.6254,86.1243,194.833,10.8522,-18.9476,-22.8949,106.891,-140.966,-116.903,2.54521,115.447,-10.3576,32.2695,
		node 94.6442,62.8128,22.6727,-2.2727,-12.5906,72.8168,-42.0491,-7.49143,21.8931,106.722,76.9689,61.6693,-13.6886,-52.29,77.5934,187.115,-12.8168,124.277,-59.5007,-96.7726,-23.4141,-93.1492,-20.9834,-12.964,56.8603,18.9893,
		node -32.5699,-46.6043,104.109,35.4191,6.6799,-113.181,49.3544,-16.1574,-85.8196,54.4479,149.25,-59.1982,-95.7409,76.1726,-75.1534,59.0916,-46.0252,-40.5855,-65.4342,67.3823,3.56183,-27.2805,-35.9125,-84.5028,141.599,40.8682,
	layer
		node -200.041,34.514,-11.4693,55.5392,-107.842,5.62009,
endPlayer
