// Player89
stat 8
	layer
		node -69.6646,8.09977,-79.7603,14.9185,199.84,-58.5691,34.7099,110.808,-58.5076,-82.4517,-94.7272,44.6296,92.9248,-119.801,104.689,-26.5072,38.9871,70.1879,-71.4406,-13.2317,-42.735,-70.2995,88.8074,-158.866,-32.5798,122.044,
		node -21.1181,-50.6066,-15.0725,113.419,131.557,-42.8065,23.1218,-89.4235,-100.316,-24.203,1.8158,41.6586,-119.756,61.7674,-80.2219,98.6847,-9.82736,7.4908,-2.19666,-5.25533,-47.1901,-14.2764,96.4477,6.41299,124.864,124.391,
		node 204.092,-76.866,150.86,63.2304,-124.325,-23.6276,82.41,211.903,-124.752,35.9563,-7.0316,88.912,38.339,163.903,-70.9329,-30.621,27.5589,42.3707,-9.04187,-73.0937,-109.213,-112.432,72.809,5.17903,47.383,135.357,
		node 90.8892,63.006,63.3241,72.1166,-13.5509,24.6197,13.6722,-21.8622,-10.4458,-75.9614,89.2817,64.8125,-8.16229,-56.1122,59.657,-17.2619,1.31437,-5.49945,-122.615,46.3457,33.8686,104.456,-2.27873,-6.2701,-37.6478,9.29477,
		node -17.0041,-26.4895,82.264,-34.5519,20.1766,-114.945,26.5955,97.37,-19.8168,59.816,172.13,-54.5418,-82.9895,67.9602,-69.8461,-57.8972,-36.4169,-31.853,172.805,61.3716,9.26014,16.5482,6.99435,-95.004,14.0303,23.8222,
	layer
		node -203.143,-43.7687,15.5411,13.12,58.9842,201.415,
endPlayer
