// Player75
stat 7
	layer
		node -40.6913,173.22,85.7699,16.8086,-72.9419,2.6866,135.476,-1.20053,33.4725,-72.7017,-3.28785,-272.08,145.26,172.33,44.7313,-186.57,-134.535,43.4259,156.064,156.305,182.354,-69.2905,101.349,-1.94817,247.173,260.714,
		node 254.713,-34.6689,-42.3521,-60.4607,-264.832,160.527,323.806,78.5383,-141.544,-159.353,60.726,-79.1443,75.1365,-16.9073,-85.4655,129.143,-119.193,-75.8232,-116.414,-75.7772,-45.4174,53.9026,-120.423,-62.7398,-175.772,-96.5574,
		node 88.8782,301.653,-43.8917,-86.7285,132.331,135.546,-165.91,-187.859,-100.67,270.814,172.711,52.0379,139.232,155.387,-199.815,-94.8257,-160.676,198.41,-230.014,96.1924,-81.5697,150.313,-118.198,-61.0847,-81.5431,31.9007,
		node -136.841,-2.7641,68.1294,184.54,20.8401,282.587,147.467,120.724,-19.1652,75.3728,-155.338,-112.29,-4.28665,174.236,-25.2096,56.1273,159.091,-183.551,286.951,-56.7825,-155.414,40.4152,-163.93,161.278,-33.1313,164.319,
		node -59.1447,142.84,312.445,209.059,10.9186,148.16,-114.741,-126.153,-71.3473,292.574,114.501,105.054,-90.4954,29.5959,-59.2804,272.699,-108.613,-25.1044,-50.0552,216.679,-144.468,-112.248,24.9295,10.0996,60.9157,30.1358,
	layer
		node -151.105,-162.113,19.4169,121.594,135.241,134.318,
endPlayer
