// Player23
stat 6
	layer
		node 35.9225,-10.4169,-39.4755,-112.078,-37.7763,14.4142,55.7468,-23.0416,-31.2196,52.4913,-63.0218,18.9356,4.07457,-20.5064,-67.5509,-74.1386,-16.7624,-25.2978,-84.4338,59.3895,-66.2852,-32.21,33.9325,-86.8606,18.9576,-24.556,
		node -54.0626,-80.5113,10.8963,31.772,30.5244,-16.4819,66.168,-71.5884,-29.3318,39.1588,-36.6163,20.3801,-2.57598,-70.238,-35.4666,-76.8313,-79.1808,25.0671,-87.9932,-83.6184,2.46792,11.6604,15.898,36.7149,19.9194,5.75958,
		node -67.3299,42.6932,-70.5709,-91.9353,58.8659,-100.939,23.6121,-20.1115,19.581,52.4233,-1.8466,0.748843,-37.0033,-63.4957,-59.2796,-112.372,-126.228,65.4609,-25.4551,-94.4262,26.0257,21.9605,-65.2032,72.2841,-5.80945,-121.814,
		node -11.8332,1.15404,43.6124,0.911861,-18.7163,-34.0279,-5.92811,1.407,-82.0609,31.4201,-0.482314,-49.6912,-25.9806,5.78461,8.75454,-123.876,-0.641307,-26.8741,11.3919,3.67202,-26.3477,-44.5081,-86.2861,-13.8191,-13.2251,55.3763,
		node 43.8213,-84.1351,43.8903,-60.4934,-59.9865,8.787,-28.7553,4.77013,-144.665,12.8751,97.4101,-159.66,-135.443,-16.2585,36.2037,-8.7909,-39.4329,-103.828,-60.9418,-26.0812,-138.612,-77.4902,48.7464,-9.47921,-15.622,-44.8782,
	layer
		node -30.8978,-48.634,42.451,48.3993,41.4829,13.4262,
endPlayer
