// Player39
stat 7
	layer
		node -57.9637,-103.418,-9.33155,61.6194,1.39548,-13.9014,63.5606,-9.07568,46.0464,11.1314,-59.7495,36.2784,49.0129,-22.4145,-54.0428,-64.8869,-68.2984,-63.6001,-86.6312,-16.9664,33.3376,-70.968,-16.5261,-78.039,-0.126676,-16.1682,
		node -36.2799,-60.9034,7.13002,-22.9977,47.1929,-17.7493,-106.557,-99.0513,-23.0537,-18.3444,4.60134,-28.3086,-17.1196,-21.7016,4.96378,-90.7226,-124.411,-0.662262,-64.5981,0.0901276,110.234,1.48028,-30.547,-8.1877,12.8671,13.9618,
		node 44.4099,-124.861,29.5223,23.0098,-89.0615,17.4545,19.3511,-4.72272,-109.635,54.1659,18.924,10.9442,-45.9442,-65.2024,-101.434,-113.575,110.289,18.2198,-17.1245,-78.0344,66.0678,2.98468,-143.699,-10.5911,-101.975,-113.133,
		node -37.03,-21.6285,-85.7529,-2.68063,-7.40921,-34.8707,-14.008,-4.59619,-100.433,-127.134,2.72295,-54.5719,-47.8631,34.9061,6.82159,-130.51,33.721,-134.113,-3.7889,18.74,-37.4388,-80.1207,-136.348,6.38177,7.40052,-127.528,
		node 49.5396,-69.0119,59.5389,-24.6097,-33.0441,-25.3213,3.69951,47.6566,-37.48,12.4325,42.5248,-108.493,-105.828,-29.6893,33.1023,-91.7861,-42.4234,-4.62079,47.3651,10.7659,9.68449,-38.5986,-0.556039,-8.77085,-144.546,-49.5285,
	layer
		node 30.4563,-61.0058,-101.401,-32.9919,-63.7718,-67.1799,
endPlayer
