// Player11
stat 8
	layer
		node 30.8451,19.6786,-4.05807,36.9754,-17.3492,-30.7442,-0.137721,52.7154,11.0721,41.2227,-3.37021,-60.9943,-19.9859,30.5013,12.711,-5.0713,-49.0081,-8.45681,53.9402,-30.4432,-1.50384,47.3283,-35.4371,15.4177,25.0469,-24.769,
		node -15.2193,21.9777,-8.56276,6.64137,-26.7546,-36.2813,-42.1599,-0.745569,-58.6517,40.3698,42.4093,-55.8895,32.5696,5.40742,20.8151,12.0642,-58.3961,4.27603,-54.9362,16.0502,27.1941,7.45319,4.24442,-49.9772,7.16757,-8.21924,
		node 13.6014,16.1938,-45.9971,-36.4389,14.1549,31.9361,21.9519,26.8153,31.3318,13.1194,39.6134,6.9971,-20.7207,-7.74087,24.9398,45.0317,10.2574,10.1372,13.9918,-9.08677,6.71742,-18.4492,-1.89706,-7.15327,-22.6754,-48.8898,
		node 58.5451,-0.567823,-16.6219,28.5805,2.85867,-71.9843,14.918,-0.222963,-50.6043,-31.8454,24.5956,10.2108,26.4236,17.0208,-50.513,-15.9144,35.2475,64.246,7.52741,33.2558,-18.4607,-35.228,-10.7159,8.16815,-5.13878,-47.53,
		node 25.5785,-6.05675,10.3103,-17.9011,30.7968,37.7021,-22.3687,36.8708,11.3256,30.1904,11.6622,-31.5742,-52.7843,-50.1763,17.0165,-5.20027,11.2409,-36.4125,41.9669,-5.72205,-29.4314,8.30729,9.53544,-16.4288,-49.7194,18.2971,
		node 52.1393,20.7297,6.54118,-7.50833,66.6477,-1.78855,17.902,3.68006,1.07596,36.5518,35.2796,45.6561,-17.0216,28.6156,-33.371,-85.4526,-11.45,6.26348,-25.9983,9.43574,0.244856,10.8936,-16.5714,-35.754,-19.6543,75.5385,
		node -2.85488,-23.9208,-14.669,-84.9502,38.9392,-37.8678,37.537,41.8936,-13.404,-42.7923,-83.2631,-3.13643,-9.61023,-37.7404,-58.5584,-46.5609,-24.0564,1.06602,19.0917,35.329,2.5079,-18.7892,10.4136,-7.48942,-9.75114,2.11324,
		node -18.7938,25.3988,-59.3722,42.8145,21.1128,29.7001,-38.6142,-20.1748,-11.4549,42.7632,10.8645,-20.871,16.8888,27.0391,18.3793,-3.79089,-22.8975,-4.7035,30.8764,-47.0003,19.7804,-28.3778,-74.8539,-0.868899,7.53133,-21.2407,
		node 0.973274,-6.38486,6.6539,-8.80891,-42.8231,-23.0592,-1.4385,11.2628,5.98266,-39.9452,1.89089,17.6065,32.696,-9.64536,17.0414,-0.135989,-1.55914,-12.1114,22.7021,5.21782,11.8466,-27.8907,-43.9163,24.7481,-20.1573,9.34667,
		node -23.5583,3.09893,6.97655,48.8062,-30.5759,-7.95126,-6.73955,19.0014,6.50128,-7.79037,-9.67568,11.5653,-9.62996,31.3496,-40.0357,-28.9322,-9.5967,-1.54992,46.222,-2.75354,44.7849,38.3314,4.21416,15.8057,-23.1623,-0.788707,
	layer
		node -9.41689,-31.2943,-36.5694,-4.266,25.6034,8.4265,16.9363,-11.7608,-26.2184,5.26736,-5.4143,
		node 49.6112,14.2516,-12.3048,19.1715,-23.5432,41.904,-55.2158,19.0585,42.7319,-18.9039,-14.5625,
		node 47.2803,-1.69883,-33.8833,-21.2734,5.69628,24.5254,10.8224,-1.86833,-17.7158,-26.1771,52.5399,
		node 11.2252,10.1643,27.1635,7.79241,53.8282,23.0534,-6.36261,-5.50114,9.70089,63.2865,-24.3142,
		node -18.6346,28.717,-11.5969,-6.29528,11.14,27.4097,22.1471,-24.3153,-2.05248,-1.8125,7.60616,
	layer
		node -13.6524,-0.705304,-22.337,-21.8195,22.4434,-14.1536,
endPlayer
