// Player28
stat 6
	layer
		node 25.0769,-19.4018,-77.5886,-55.6657,-16.5902,-27.2856,9.61551,42.9484,11.4261,-7.53799,-53.2022,-70.4338,-27.9774,35.7573,-43.2595,0.271874,-16.9325,-4.58004,-7.44279,-55.3642,11.8345,47.0544,-15.8476,-18.8936,21.8344,-9.33513,
		node -0.130063,54.1139,-37.3032,5.74373,-14.8819,-13.5719,54.0289,3.73603,-59.3221,39.6755,44.4657,-46.1103,-51.7499,13.9691,36.3905,11.556,5.75024,-25.5639,-45.4393,24.9414,11.0567,8.16477,30.9376,-19.33,-13.5803,-44.6712,
		node 9.13126,32.7411,-49.5871,-22.2083,10.7852,30.6202,-1.87503,-3.23508,30.7388,-10.0549,56.5029,43.1355,13.0815,11.5623,32.0757,41.6279,-7.20046,-11.1999,17.4111,-10.2988,31.0265,-78.3008,4.15222,32.6004,-24.652,-39.2156,
		node 55.0207,7.53761,21.7851,-10.3371,-17.5851,-73.9737,-4.8333,0.889014,41.1098,20.355,20.8,15.9923,35.2261,14.2599,-28.8491,-24.899,30.7004,47.4361,-32.677,33.7156,-0.14326,-27.6384,-24.0797,4.18638,-36.1968,8.87455,
		node 31.5618,15.3591,-22.7421,-20.4295,26.3853,21.6361,26.4994,25.9462,3.83473,-14.8312,13.5111,13.3943,-9.83879,3.3362,21.4806,15.8397,1.11559,-2.66356,22.0737,-13.1123,-30.832,7.45544,19.6657,-36.5539,-20.7563,3.73229,
		node 37.7717,-15.5195,1.49952,5.03058,43.8529,-36.7499,17.8074,15.5224,24.1056,7.23141,47.5828,56.9704,-25.338,28.5672,20.8638,45.1561,-13.106,9.00026,-16.2831,-2.10297,-3.37208,36.3963,27.294,-31.5586,-26.2301,21.0688,
		node 4.64204,-22.1137,-19.8841,-9.54357,40.2394,-46.7852,-17.0132,40.4715,35.8346,-32.1093,-88.6103,-6.29927,-13.5325,-49.9199,25.9517,-44.7334,9.95953,6.99852,9.25408,39.9545,17.9053,-18.7782,2.12175,-7.30219,3.07317,53.3342,
		node 0.743463,34.3318,-54.2829,55.6154,5.83573,16.5204,16.9968,-22.8479,-11.9533,34.8717,37.9821,-9.63135,-8.01596,10.6079,44.3066,21.0404,-21.842,17.4638,33.7437,-0.640808,34.8496,-38.2195,-52.8206,-59.4868,23.6208,-10.4889,
		node 7.88896,-19.7229,22.6314,11.4577,5.53655,49.1952,0.538626,-23.7502,-12.0566,28.715,2.84169,-41.7788,13.843,-7.03906,15.5918,-4.28142,0.485951,20.1801,-3.59303,15.8937,0.61356,-39.9786,30.5602,5.53428,16.4058,27.4933,
		node -27.7387,-14.5757,-49.2784,20.2593,-34.5437,-7.73532,-9.55307,16.9533,-25.2284,-9.03036,-16.6585,18.112,-9.16515,29.7269,-44.4142,-32.4503,-10.7983,1.89593,35.8315,59.0153,6.14985,36.7483,2.22474,-5.88657,-13.6486,6.00259,
	layer
		node 61.6509,-31.2599,-42.6295,-38.8461,-4.48422,-12.7752,43.9822,-17.6412,43.4151,19.5905,2.26309,
		node 0.527461,-4.23141,-11.1844,17.0261,9.26491,-23.4324,-17.1467,16.8635,-11.4899,14.8341,1.78513,
		node 49.6866,-40.8795,-36.8792,-22.5897,10.5652,65.0785,11.3869,-31.8653,34.4904,-20.3235,-7.50659,
		node 42.7992,19.6477,-19.3643,27.4774,52.2214,-40.5618,-69.6542,-43.2763,11.7658,8.15949,-26.5121,
		node -20.7572,22.7617,-12.8893,-0.476837,9.53266,23.3638,29.8789,14.9651,18.5659,-7.69871,5.17065,
	layer
		node -35.9451,-4.88583,-4.33258,-14.4852,23.4098,-3.26065,
endPlayer
