// Player96
stat 9
	layer
		node 42.3077,-42.2886,-45.627,30.2089,2.09792,-25.8464,53.5629,-3.40282,30.301,-61.7192,45.1991,45.8502,55.8663,44.7702,-33.6837,62.807,42.1999,47.6588,58.1731,87.0972,80.4494,-95.3746,58.9686,-27.446,101.406,15.7911,
		node 112.606,127.624,-36.5067,51.2136,60.2124,28.5032,120.18,-88.5277,-95.4433,-76.9591,42.3155,61.4233,47.4581,-50.8208,83.6767,-129.332,118.492,-108.583,13.6478,-129.567,-11.6459,17.695,160.289,-14.1306,10.7393,103.782,
		node 24.8568,-83.0867,-172.742,-2.93167,-0.561102,-70.6214,95.4981,-56.705,44.201,54.5302,12.4916,42.9022,-37.9789,-43.9593,31.8285,-130.588,0.509612,56.9524,-40.8147,-28.8421,9.55261,4.87402,137.161,28.4643,77.5037,76.2521,
		node 123.493,115.858,35.9943,-33.5422,24.1994,68.9424,-14.0228,-12.6198,-3.8221,103.017,46.1314,13.0117,-54.0979,-35.0236,136.141,142.027,92.1154,-38.1357,-181.41,38.0446,3.0929,108.714,79.6451,74.0062,149.084,35.9671,
		node -56.3127,5.9923,43.9522,-8.79556,-29.3353,-5.20466,-5.33817,-2.23942,4.78203,54.7189,-10.1893,98.1607,6.15571,16.709,14.9268,-30.0876,22.2945,-223.857,-61.8565,-36.35,36.3574,54.4221,79.199,-14.346,103.929,19.9414,
		node -45.5633,-19.9079,124.969,80.2323,103.752,-26.8132,78.9655,-138.471,-16.7115,114.766,41.8616,18.0457,-118.998,36.679,13.1136,46.2091,-15.8606,94.632,14.9206,24.7859,-23.9493,-93.6023,75.0751,46.1294,30.497,28.3308,
		node 83.6188,-22.9868,-72.4999,-9.86138,-6.93997,41.7863,85.5653,-39.9673,83.5153,-41.5723,14.0822,-122.091,-46.2997,18.9927,149.526,159.951,49.0996,51.817,57.3654,-65.4986,83.1185,-23.5732,-44.99,-45.6679,21.1536,135.611,
		node 82.2078,27.3887,33.0269,-9.52694,67.5896,33.2383,-149.388,14.9361,95.1968,25.7959,-39.2228,10.8175,47.9226,-63.4136,89.082,-69.8425,-55.888,56.2087,86.7941,22.9645,-45.8872,116.133,-12.2839,-8.08236,52.6358,68.6064,
		node 64.9745,121.15,18.5587,24.6532,-41.7611,53.8673,77.807,34.8029,16.0583,17.4392,-53.0152,-145.265,96.8459,85.0628,-57.2369,-186.994,-126.891,-54.9716,-124.366,23.968,111.64,-183.427,103.417,111.011,-0.635804,20.429,
		node 14.3671,-9.91137,-96.2661,13.0556,-218.816,14.2823,-42.0055,109.227,21.1289,111.804,8.41368,136.38,166.264,-59.6504,-16.8462,8.47915,91.5456,28.401,85.2343,0.413888,0.161603,-62.99,82.2118,151.899,-12.9757,15.2129,
	layer
		node -22.3051,-30.5603,-28.9694,89.9804,-33.3364,78.0247,-110.2,-38.6415,120.447,-3.61546,4.98376,
endPlayer
