// Player39
stat 8
	layer
		node 23.1347,38.5868,5.42635,10.9841,-7.09604,-53.3188,91.6628,57.9331,24.2219,-61.2903,55.4495,105.366,46.3144,34.7826,13.0123,73.7932,128.472,56.1047,77.5217,-184.44,92.3422,-190.576,53.7717,3.65591,-78.927,-9.03178,
		node 8.165,135.539,-19.3898,54.7277,-68.5358,-53.6969,24.5263,14.245,-95.8726,38.9146,55.652,57.9682,42.6609,-128.201,0.497314,-1.25796,23.7515,-115.855,23.3636,22.5467,45.5301,-8.35256,-46.2604,-27.392,29.8267,89.0594,
		node 76.7829,-41.8025,-68.0732,-71.172,29.5272,-63.2092,-44.0826,-57.4392,-32.5329,72.1302,-16.8306,157.973,143.087,-9.8337,0.482162,-130.26,-14.079,-20.7255,-54.9034,-25.0666,-30.7253,9.49181,138.218,44.8178,37.3242,-103.775,
		node 56.565,17.9718,44.1599,-99.5867,-32.6752,1.69914,156.436,-3.622,8.82296,-0.14363,31.6607,0.998799,49.8435,159.642,120.363,100.092,95.1525,-163.67,-221.366,-24.7397,52.595,0.265644,17.588,51.5909,162.361,8.94898,
		node -66.2944,13.4532,33.9457,-21.0072,54.2664,127.117,-1.36239,10.5262,115.939,8.66269,-17.7386,84.4,-0.756786,-47.795,34.7768,166.609,19.5316,208.004,-14.7118,-17.8776,31.4817,58.3543,97.1567,-88.3418,12.9228,29.1447,
		node -37.6048,-8.3304,106.98,89.5683,96.7073,-35.8268,-73.9288,18.012,-25.2357,114.438,-56.8513,139.1,-125.058,63.5245,29.5398,-44.8246,100.219,9.185,23.0062,-29.5911,-13.0619,65.7675,32.5149,11.1148,34.3652,43.8105,
		node 81.3697,58.1247,18.2351,-5.16511,191.174,-89.7328,-65.7275,-49.7713,-18.3208,124.906,14.2025,25.4331,18.8141,-151.771,132.225,14.3251,54.6832,34.5288,56.6824,32.6474,70.7997,-31.4776,21.4839,-50.3421,20.6028,219.225,
		node -20.1237,23.8411,29.3929,70.4541,-100.497,30.5676,24.8135,40.1262,106.352,19.4541,-41.72,-51.1129,-37.7016,32.0017,45.7428,-134.021,-106.367,46.5003,-3.06363,56.4357,48.9147,137.613,-53.7651,27.6722,-176.013,69.0418,
		node 68.3379,53.3511,55.5537,121.457,-151.616,26.5223,-3.09816,36.0809,-83.9858,-58.5183,-52.0825,-22.2435,29.2906,54.2239,8.44459,-169.184,53.9434,3.60045,-122.016,27.0485,49.4303,32.5958,-49.921,116.528,26.4492,-5.45183,
		node 25.7161,-13.3292,-84.0461,112.913,12.7187,-20.7777,-53.0018,84.7663,22.8009,69.6352,-45.4971,-149.325,-114.965,-50.9238,-104.206,22.6135,93.3048,42.5984,14.4566,101.729,3.7069,35.0211,42.1765,62.9438,-15.8694,15.1429,
	layer
		node -19.8663,22.4876,-127.101,-41.8207,-26.7997,-24.4444,-18.1387,53.6195,-119.888,43.0364,1.08023,
endPlayer
