// Player11
stat 6
	layer
		node -119.289,50.1524,-136.037,53.3995,-9.44947,-35.3334,17.285,-110.685,-5.92099,108.652,-22.2604,-124.45,94.888,-128.993,-52.8998,-39.448,55.0514,-131.703,98.0897,75.2818,43.0655,-75.1116,34.1512,-56.1916,-49.3475,-49.925,
		node -0.252925,-69.6238,56.3229,109.813,18.0691,65.2944,58.0765,5.20571,128.276,43.4764,135.925,14.8657,-50.5747,-12.1828,-46.2057,39.8413,-82.3457,-0.562696,-97.5957,-39.8908,86.9866,-40.9552,114.879,96.2473,83.0299,23.5641,
		node 34.1371,-69.7683,-26.7132,-53.0874,56.1108,109.709,128.173,36.9224,-32.495,76.072,142.098,-88.8554,144.511,-103.275,-6.26571,0.407949,-3.24378,-57.015,36.5249,-133.963,1.61018,99.7028,-20.993,-96.749,26.3917,21.4284,
		node 50.4614,-53.4349,69.1144,49.1723,119.823,-29.4784,-55.2058,-52.4333,93.0524,-34.5544,-14.1109,138.783,139.227,-20.7205,62.5303,-130.711,125.098,-48.3308,94.3733,-43.1262,25.1168,101.849,-120.225,100.771,-37.4695,75.9949,
		node -23.7269,115.186,71.6907,31.1066,137.256,37.8877,12.0495,53.4411,45.603,-148.748,73.8897,24.0866,58.7027,41.7056,44.7576,47.7733,33.1126,-44.8191,-95.1813,157.459,-71.5851,63.8375,59.9955,-119.399,-79.2951,56.9543,
	layer
		node 9.92371,121.693,88.0572,124.678,-68.5163,-129.134,
endPlayer
