// Player38
stat 7
	layer
		node 20.8844,123.079,37.5896,74.6308,-106.427,-46.5018,81.0775,-100.458,143.814,-13.0305,2.01614,-115.444,105.337,-111.028,37.1714,47.0788,51.153,-132.101,32.8962,65.8581,43.0173,0.513374,95.3721,-50.0363,131.987,21.9398,
		node 15.117,112.189,35.4346,-70.3371,14.8953,66.8073,-124.439,-10.475,122.718,42.5634,59.0212,-6.86674,137.414,-15.1582,-49.7204,4.59076,-71.5867,27.7108,-113.002,10.5027,89.2788,-35.0136,-66.4926,97.0159,43.6598,6.57468,
		node -31.7297,49.8002,82.3147,135.506,-41.1699,34.6596,43.0516,39.4925,-37.3104,-42.3836,-36.3397,-92.9599,140.022,131.268,92.905,-36.6475,4.88164,5.33545,-35.282,58.0196,44.3032,99.8909,-17.937,-100.61,25.4353,-112.232,
		node -92.0301,-66.1967,58.5449,30.7904,122.163,-36.4066,-46.4754,115.33,-14.7867,41.6101,-32.4049,129.218,150.879,-25.1629,68.5021,-130.522,138.679,14.4767,86.4259,165.323,141.421,34.6919,-124.996,-28.4233,-54.522,14.5604,
		node 106.125,118.372,90.1258,-35.4926,43.9641,30.1042,-0.351831,10.7092,45.3728,27.5678,114.764,16.065,117.632,-67.8955,-54.7879,5.72231,-38.6995,-35.5113,-89.4785,-22.2516,-75.8849,127.391,38.7106,108.589,-17.8602,59.9097,
	layer
		node -97.7338,-47.9289,-36.5924,43.4173,-1.63375,98.4576,
endPlayer
