// Player80
stat 8
	layer
		node 212.703,75.2461,-43.7302,-118.271,16.4643,7.67309,-54.6762,-6.88662,-57.3658,-58.37,66.9371,-2.63809,-118.205,-50.0313,-44.0615,-31.7001,88.1358,62.5304,-19.6431,-73.3664,62.138,4.46881,253.936,-21.5186,-134.181,21.3207,
		node 42.6959,36.3893,-25.0705,8.00429,-43.2578,-196.832,11.4766,44.4755,0.249536,-16.6188,-112.452,-105.644,-56.1016,219.973,60.1187,15.1942,-70.3263,-94.6306,52.7947,-104.375,37.4121,-37.3374,-8.54744,-32.4224,-200.706,76.0618,
		node -24.9701,-24.3626,-14.6135,185.503,60.1456,-84.1781,13.4236,-105.151,41.9728,37.1059,53.6004,73.5888,-36.4056,16.4415,-57.2152,33.6398,65.6507,-2.13631,-17.4068,-24.9306,45.691,-47.7425,198.528,88.2287,37.1994,-68.5221,
		node -8.37544,102.864,-21.2282,-41.6969,189.376,-22.2548,99.4553,-57.6752,99.5747,-2.6611,-87.8285,47.5734,37.5583,-59.5262,-131.15,207.349,-110.261,-82.6494,-11.6367,66.529,70.1461,-5.72178,53.7015,-58.9126,-37.7202,-81.0538,
		node -5.35634,48.9807,-4.40235,-199.558,-79.5755,-22.9321,-71.2018,-73.262,20.9563,-37.6653,-3.61572,-93.9124,-22.3049,110.007,-4.92234,-89.342,2.45105,-4.70887,-97.0251,79.0393,196.539,23.2459,-20.0063,-98.0963,242.575,25.434,
	layer
		node -36.8907,24.1126,21.4277,-30.0609,-14.4389,209.438,
endPlayer
