// Player76
stat 1
	layer
		node -4.41897,177.962,-90.7693,-123.337,-70.2908,55.1404,-83.7649,93.5054,14.1303,67.5113,-134.141,75.4292,-119.914,239.367,-36.2629,-114.418,-59.5581,-90.7032,-3.64017,-79.4248,40.7242,-48.3417,17.7305,16.3421,14.6777,35.7662,
		node -0.880288,-38.0373,97.8627,6.65638,-22.9448,155.487,9.19297,-20.9884,-124.337,28.0113,1.12393,248.355,29.0383,-14.1393,-29.5452,-10.7957,8.9387,-120.925,-76.2473,-108.389,-103.039,33.369,-46.5376,-0.0994552,86.9004,36.8869,
		node -42.2441,-57.8333,-14.4537,-86.7074,93.1282,13.2343,4.19016,41.3122,-57.7371,28.461,-95.3558,76.7099,21.8907,80.0634,-43.4488,-15.3507,-33.7327,21.6015,-27.0656,207.522,-111.866,77.0377,74.1484,72.4914,-92.3702,-25.893,
		node -15.6383,14.5811,-4.27643,14.325,14.9288,113.375,-17.6651,-39.0076,-98.4774,-5.81958,-10.5288,-61.3287,-104.698,-63.7699,-86.2933,-9.79484,36.0291,-25.6405,-98.4246,59.7834,-24.2568,-7.43816,112.567,23.5518,189.617,-81.4805,
		node 119.993,-2.23298,-2.23947,-59.4162,-66.3923,-29.596,-75.3194,12.0644,75.8243,-113.981,75.2725,-45.592,-37.1095,-107.599,-40.5041,-95.4424,95.6903,10.7656,-105.099,11.5579,224.986,-159.36,-116.88,4.90478,-56.9259,74.5802,
	layer
		node -97.2192,12.0833,-123.233,7.06945,-144.958,-98.4322,
endPlayer
