// Player93
stat 6
	layer
		node -226.277,-13.4455,172.602,-67.5463,-143.004,90.0528,139.113,49.7902,-133.784,195.75,97.6663,-102.094,-202.316,77.708,-33.115,-154.736,-149.182,72.986,9.51824,-177.784,-109.909,-108.841,168.302,204.734,-31.1842,-33.9758,
		node 212.658,82.6942,135.565,-202.116,-57.568,-147.295,-131.064,-111.705,129.367,157.726,211.771,-39.3522,21.3356,-130.651,-155.021,-133.745,166.593,189.039,143.368,15.4642,-182.85,10.409,-181.802,117.578,153.923,49.51,
		node -145.497,197.946,130.401,-155.105,68.0485,172.64,-128.71,29.2251,153.188,150.024,171.986,164.645,115.475,206.437,223.059,147.002,-134.111,-210.125,-27.6448,-191.62,156.883,125.753,-124.227,-26.2795,-190.399,-4.01088,
		node -154.587,-133.98,-184.269,152.162,120.644,-184.799,98.7683,-151.195,219.867,348.487,-145.182,-5.36604,139.691,172.608,-148.66,-128.402,13.9851,91.992,188.522,113.869,-145.386,255.254,81.4576,-153.185,-207.576,-134.711,
		node -61.1888,97.5371,152.361,-172.636,155.454,227.188,168.826,66.6677,93.1863,6.40672,132.902,22.3648,163.346,-115.144,-149.851,349.18,162.527,124.334,227.815,-173.2,71.7328,177.346,210.381,100.577,155.808,127.229,
	layer
		node 160.9,175.655,151.571,77.7495,166.746,-128.083,
endPlayer
