// Player73
stat 7
	layer
		node -182.63,117.147,-172.924,-126.333,-104.278,157.141,145.309,53.59,-124.907,197.695,160.287,101.025,-34.2646,76.0885,161.472,-3.50878,-158.575,149.207,8.98017,230.647,-100.149,-126.976,135.848,202.833,-18.3178,-154.18,
		node -2.16267,127.561,207.535,-42.5106,126.083,117.606,215.134,-171.418,125.745,145.52,-132.227,-57.4459,5.43777,-130.944,205.36,-138.358,151.78,206.066,119.514,268.726,98.4624,122.13,332.397,115.622,145.013,50.307,
		node 330.55,197.522,-35.0243,-120.264,74.2539,-1.55179,121.157,-46.5126,341.642,99.7354,-158.771,163.81,155.493,171.181,225.241,51.1779,79.1882,114.081,107.337,-180.64,94.4853,-83.1662,-36.1663,-27.1963,201.524,-54.6853,
		node -44.3776,-128.613,149.172,-141.067,1.80245,166.927,223.616,-161.279,141.994,270.275,237.909,-191.685,214.53,-142.632,-146.133,-152.455,189.464,-146.351,198.899,116.259,-198.846,-178.224,72.794,151.657,-153.521,-139.994,
		node 187.374,114.561,155.119,9.90776,169.56,221.763,217.928,-159.634,-117.84,-151.404,211.455,27.4634,259.153,175.006,-150.823,-165.301,168.033,137.348,-185.955,93.4589,179.637,88.1569,217.136,111.686,53.5729,27.2841,
	layer
		node -164.861,-86.6963,204.214,10.025,-153.236,126.739,
endPlayer
