// Player6
stat 5
	layer
		node -56.8524,203.947,124.643,-119.823,-164.961,36.1524,-145.843,56.2084,-170.305,178.937,-34.7923,93.9053,-21.4673,-213.465,146.733,46.2027,-155.806,-155.946,13.5769,114.244,250.694,-177.686,135.673,209.432,-164.401,165.873,
		node 209.666,146.991,189.117,-52.8161,-102.682,174.355,194.584,-121.339,-152.976,-48.3593,-128.455,-236.775,1.83315,148.87,253.926,-168.205,-151.272,187.285,-175.932,-87.1044,-100.421,155.877,52.1166,264.107,210.351,133.917,
		node 328.481,177.999,137.054,216.53,67.6182,277.732,-124.132,247.514,169.765,123.432,-34.4407,162.135,184.825,89.8521,185.092,222.596,88.1868,35.9143,-209.136,-199.755,106.345,11.8837,116.215,3.08082,275.007,331.324,
		node -184.102,-121.925,15.1833,155.16,63.3442,-161.838,135.111,-145.619,218.893,-246.288,-218.122,-190.079,181.731,-143.232,17.6825,98.4381,176.297,-27.1444,-143.237,-50.7209,174.387,-133.305,-28.8985,175.206,-199.581,192.41,
		node -164.448,200.614,100.135,-147.783,172.265,154.102,100.683,241.239,94.1445,175.955,115.81,175.177,60.7475,180.96,42.0493,162.173,153.859,128.903,228.471,262.744,196.706,184.09,-136.248,171.512,117.252,22.0079,
	layer
		node -127.013,192.612,340.811,165.562,-9.80056,-157.649,
endPlayer
