// Player37
stat 5
	layer
		node -10.7591,18.3134,344.182,-3.35853,86.8159,-13.5546,197.996,-69.7084,-70.0271,15.9683,-43.087,156.658,87.2648,-137.895,-65.5629,-10.8472,-34.5519,270.995,-92.1245,247.709,74.9348,26.7243,99.3622,120.145,-4.38278,-18.6485,
		node 223.785,34.8732,-67.9863,192.056,18.1307,29.5091,85.863,-79.9297,-208.174,124.34,375.746,-131.244,5.2901,98.1407,137.171,126.824,-165.497,-115.994,37.1107,-15.45,20.8222,137.849,-258.845,-74.242,57.662,152.006,
		node -75.6841,-184.046,33.9252,-113.013,-254.363,139.768,52.1048,-32.4818,-0.122755,-56.6036,-31.6594,163.384,27.2834,235.916,183.126,-62.3548,29.6573,201.413,102.44,-208.971,-18.3503,79.3238,-230.145,-127.027,-254.507,-52.357,
		node -8.87121,105.199,254.77,111.899,159.862,196.971,33.796,175.458,-109.178,-142.797,68.8391,-142.592,161.241,-59.6509,-104.17,2.51142,107.154,-214.688,125.268,-107.218,130.817,19.1098,-118.623,72.3942,32.7445,19.3246,
		node 40.4434,62.1901,84.4598,-363.374,-15.475,60.8373,39.8882,31.3683,37.6996,15.947,90.6601,-41.8521,-203.987,-11.6231,56.8186,-15.7633,191.194,24.0552,-26.1727,140.155,-19.0563,95.3651,67.3524,-132.91,314.71,-106.306,
	layer
		node 135.785,-32.4475,-33.8084,345.678,247.764,-162.244,
endPlayer
