// Player61
stat 7
	layer
		node -8.58833,-15.0556,322.074,7.1015,90.3705,-62.384,174.194,-63.7318,-61.7637,28.493,-48.2249,138.114,87.1325,-128.017,-66.6648,3.14889,-30.6949,275.263,-95.8924,234.348,70.0349,15.3331,92.7046,112.064,3.00696,-10.146,
		node 221.999,24.536,-55.5686,166.128,44.8496,65.7287,97.3134,-71.9069,-208.397,124.825,357.118,-116.285,-2.54558,98.2624,144.362,134.866,-179.498,-111.172,56.6087,-39.4779,28.7729,135.452,-277.155,-65.937,85.9615,152.201,
		node -133.802,-179.187,41.3915,-96.2215,-261.657,137.38,84.8674,-30.7236,-14.8522,-60.7464,-26.4176,128.642,30.1746,240.233,177.519,-81.7682,23.9588,212.182,90.8647,-184.654,-15.4325,79.4952,-234.409,-127.224,-267.341,-58.9206,
		node -6.87433,110.376,239.898,122.295,179.521,193.962,43.1958,123.675,-113.138,-140.809,50.782,-144.323,166.984,-48.38,-109.532,-1.98312,107.951,-208.447,117.374,-116.192,141.267,41.3895,-115.022,64.8638,25.9409,8.41075,
		node 35.2581,62.6816,89.7667,-369.077,-24.4624,28.4339,28.1566,-11.7676,47.3059,30.0018,64.0244,-50.2966,-215.47,-32.0475,55.3166,-10.0915,193.558,22.9932,-14.1266,134.744,-10.6871,102.11,61.9398,-129.538,303.935,-100.889,
	layer
		node 123.004,-23.7553,-19.8779,307.903,251.032,-160.619,
endPlayer
