// Player34
stat 7
	layer
		node -18.5513,1.38662,338.738,-8.84412,87.8286,-54.6383,177.547,-68.7927,-28.702,18.1548,-37.7769,162.384,121.345,-144.097,-70.8447,-4.99926,-19.2677,269.216,-89.9074,233.535,85.355,28.8379,102.697,133.399,0.659916,-24.9182,
		node 236.465,28.5937,-69.9092,178.008,35.8796,6.96938,103.388,-41.6632,-226.209,114.176,367.123,-107.573,-1.22226,97.8077,112.892,122.678,-165.035,-116.303,36.8292,-13.3584,23.1343,143.542,-244.283,-87.3118,66.7296,145.897,
		node -76.9007,-170.696,32.1727,-98.4844,-270.353,134.431,54.6988,-36.847,-23.7082,-62.4727,-21.6367,116.912,26.9161,236.859,190.68,-54.1434,27.9604,223.299,108.606,-207.982,36.7857,79.3127,-234.713,-130.315,-255.088,-47.7207,
		node 19.1853,112.455,233.832,121.722,154.185,197.08,39.4131,120.29,-107.63,-154.792,78.3309,-151.137,152.164,-63.2147,-93.2639,-16.6897,112.504,-214.893,95.9468,-87.8393,147.916,8.03453,-128.932,77.2352,50.1455,17.4645,
		node 52.5624,60.1906,118.847,-370.221,-26.0143,60.0802,6.94435,-1.29014,47.6037,30.0326,72.961,-54.5023,-210.698,-19.9547,49.0827,-20.8925,201.372,27.9127,-14.4915,140.736,-1.99686,93.7577,62.0917,-132.188,306.847,-105.518,
	layer
		node 128.686,-38.0938,-18.0179,348.152,249.991,-170.326,
endPlayer
