// Player95
stat 8
	layer
		node 82.5226,-4.64526,30.1053,-57.4633,10.8829,-23.9247,8.73911,-15.0513,31.6131,-14.1801,-53.5138,-5.36457,-6.85384,33.9302,-50.7653,19.6412,-12.9896,-59.0853,2.52567,13.5406,10.0215,-7.22515,71.9179,-34.3267,7.49484,-1.32712,
		node -32.2083,-6.48809,-24.3961,19.8797,-51.113,-8.32359,21.8787,18.2732,-6.44636,-72.5334,57.9824,-5.52798,59.8073,13.8467,20.3429,-4.23073,-13.3753,-32.3813,-3.72381,59.0748,26.8359,37.3896,7.61028,35.2408,-8.1929,-52.3208,
		node -11.1282,1.97649,38.1044,27.962,7.66295,-19.121,-55.9241,23.2667,-0.044855,32.6967,49.5366,-1.99823,44.0455,40.7217,1.8023,-15.137,-49.0278,-9.73633,-28.6432,0.600529,11.1827,-25.3212,12.8186,-1.17068,-40.506,-14.5611,
		node 7.07273,-16.732,14.4448,26.2876,29.8899,19.1027,-16.6154,29.8147,-33.5298,-28.491,-72.0383,17.0464,-38.2474,-23.6816,3.79164,-53.0699,38.5884,29.9222,-12.7512,3.84192,11.2727,-51.7969,-26.7445,-37.2534,31.607,-14.5478,
		node -37.2606,1.76163,-8.14975,25.7615,8.30855,-27.182,3.55779,29.356,-4.82889,-19.6808,12.3639,25.462,23.517,-3.48553,-23.0813,13.4058,7.60234,7.2803,56.9098,31.2003,-29.0218,1.86743,38.0608,14.1556,-15.2157,-18.4163,
		node 7.49804,-20.769,-12.7225,17.6919,-53.1609,-16.5498,-50.7804,-21.2726,26.1373,-41.9677,-30.2188,-0.866471,-69.2365,-17.1418,-37.844,52.4093,-35.1782,24.0958,22.6052,-16.5027,-33.6205,34.5395,-4.09534,-40.9608,-65.7154,50.915,
		node 3.84141,20.8468,74.4883,12.8646,31.4184,23.1468,23.3459,53.0502,-3.73665,-23.055,29.7749,-18.6884,2.70045,-46.1088,-19.0815,82.5283,7.48503,14.575,28.3378,10.2486,39.0592,33.3765,-19.8235,12.456,-42.1399,-16.9609,
		node -47.0686,25.8614,9.27806,69.1594,43.5709,8.7255,11.513,46.3186,33.1547,24.9356,24.255,10.8538,24.579,23.0532,36.4301,-13.7872,23.9724,-47.5,17.4556,18.8068,43.8795,-41.5768,54.5151,40.6033,-2.87464,34.383,
		node 17.7719,-59.9629,64.8201,-19.5009,-40.1203,-67.875,16.0276,43.3247,-2.63778,11.5349,-7.06616,23.0009,27.1363,24.815,-25.393,-5.72223,-47.6499,-25.5556,-45.0829,-17.1313,30.6248,-59.1957,-7.07368,-15.5527,-11.8504,-14.3899,
		node 32.5102,-7.20084,20.4739,-19.3361,-12.4998,45.5369,35.2555,27,6.39777,41.4532,-14.1197,53.4609,12.0019,-14.8756,23.5283,-16.7036,2.45768,33.2327,-1.77314,36.3774,-37.1813,-9.72628,-51.5886,32.4372,-1.21958,-5.88423,
	layer
		node -8.9761,-10.6158,45.0424,5.20031,30.9351,26.6666,-11.9864,2.46376,-7.77216,53.6324,-9.56954,
		node -18.2399,13.7084,-7.73749,0.264684,30.6266,9.49456,7.78149,-44.5725,28.1224,30.2441,-20.6713,
		node 27.9628,18.8116,12.6058,3.99675,23.366,10.4473,-23.2684,5.83068,-26.7338,-6.01697,52.7763,
		node 7.97328,44.9275,3.92473,62.0758,2.25496,-24.5768,-57.7556,-9.08405,-9.88692,-18.9826,28.4161,
		node 58.3971,40.2701,-8.57444,3.04147,0.0285838,18.0222,3.78753,58.4196,-5.07507,-11.4285,-2.36827,
	layer
		node 5.24144,5.39828,30.1843,-34.7621,-30.2254,23.672,
endPlayer
