// Player26
stat 4
	layer
		node 77.0839,0.654519,52.8438,-58.8008,33.0794,0.585901,3.38422,-16.2218,18.7155,20.3875,-32.3799,-3.50844,-8.08071,20.1781,-22.0325,73.4278,-2.17629,-57.344,2.95065,20.4822,-12.8311,-12.1932,21.1262,-9.88168,27.0243,19.3451,
		node -41.9903,-21.8863,15.023,40.0045,26.8254,-7.53422,0.610664,2.21847,24.9426,-76.3269,26.4916,36.8195,50.1927,-1.54795,20.0945,0.606148,6.80298,-1.2355,-10.3525,-5.44035,-60.9538,22.8339,45.1913,-18.6858,9.50182,-52.2751,
		node -17.0425,-7.77908,2.17409,-7.20674,-99.1726,-16.1507,48.575,31.288,-84.4799,40.0326,43.4826,-3.64248,14.294,41.67,10.3497,-20.453,-21.3858,-6.10332,4.84335,10.3051,33.1771,-17.9595,29.6524,-52.1718,-38.9667,-2.51915,
		node 2.04629,24.4615,-26.0786,30.102,-21.6055,27.0341,12.7482,26.7062,-78.9023,23.9238,-47.2965,27.3235,-20.9445,-10.7092,45.5724,15.8377,-29.2599,-66.6585,-4.65668,2.30073,14.7648,-40.3498,-19.9267,33.4655,38.7609,-19.4514,
		node 41.9122,-58.8011,59.1206,46.3952,7.53304,-22.9147,11.0115,34.2436,0.365822,-48.1828,-0.700944,31.6793,10.4897,11.5726,18.3907,-12.6751,49.7588,-16.1155,19.7269,19.1648,23.1512,-13.51,0.313819,-19.4198,-26.1891,-18.4769,
		node -6.86605,1.94405,39.2892,11.1716,-49.7921,40.5308,-46.6522,25.9217,45.8215,5.9704,24.3949,19.2082,-80.8637,-9.46248,-45.3901,37.0716,-42.694,27.4373,-46.3956,-47.0262,3.91228,13.1994,-4.7854,28.6188,44.5546,-13.5906,
		node 5.93339,53.7659,-6.9096,12.9467,-0.333596,47.2948,25.8166,-6.28064,-53.3355,-16.24,78.9487,-14.314,16.5092,-45.5032,19.9481,19.454,10.9541,-25.154,24.6976,-11.0202,16.0008,19.6682,-54.2485,5.96398,12.7924,-4.04596,
		node -36.7569,33.6114,-4.71202,-6.81372,12.6452,-44.854,-40.1029,14.2605,-52.9807,41.7933,22.1712,9.99931,26.1855,-12.1153,45.7501,18.4699,22.7071,-55.8934,21.7195,-31.906,7.80218,-40.0449,40.8121,-9.25281,-10.1751,2.03438,
		node 45.2663,-47.5588,63.1382,1.13111,-21.0374,-68.2135,-6.14998,-41.1605,-13.2765,34.9618,-27.3757,12.2384,17.219,-29.0833,-19.1614,-5.33884,18.8241,18.1735,-41.2699,58.5166,46.6275,12.488,11.4831,-11.0702,-13.5992,-10.4153,
		node 39.7029,-8.33048,16.908,18.6091,-9.75742,1.0462,45.4359,14.058,9.07251,47.9575,48.8218,45.3145,17.9379,-14.0979,26.2901,52.2615,-23.2379,52.2094,-25.0582,34.3055,5.91359,26.9682,20.8431,24.0336,7.79227,-0.360269,
	layer
		node 35.9304,10.1862,-12.8571,11.99,31.8147,17.5853,49.0581,11.9711,38.072,48.2141,-10.9854,
		node 16.3388,38.8949,43.2218,24.5993,-1.80937,5.95215,-6.3844,49.9129,-51.9432,-24.6461,27.0007,
		node 36.9592,8.9348,23.9677,2.22282,-29.9956,-14.1768,-10.9611,31.8424,-1.33581,-15.5048,47.5501,
		node 25.1498,17.8839,3.70594,-20.9654,-59.7678,-19.3067,14.5244,-26.4972,68.2664,23.0824,26.1099,
		node -6.78013,-37.4017,26.743,-7.17274,21.3473,-11.1763,-62.0307,10.4529,-3.04389,36.5868,-65.2524,
	layer
		node 1.10209,-52.4271,36.026,-44.3947,26.4665,-23.6699,
endPlayer
