// Player15
stat 8
	layer
		node -22.5262,28.1351,11.3376,-17.4517,-37.7022,216.714,-42.1098,108.315,-46.647,-11.1197,-18.7291,-35.3124,69.4092,-11.5601,87.8293,138.215,-85.3051,40.1653,95.0438,-73.1978,-41.3352,-54.2049,114.015,8.4555,-138.295,4.41824,
		node -4.95416,26.8296,18.1035,49.0844,-36.2754,-98.1003,21.0689,-36.5451,30.9509,-111.604,23.0483,33.8893,-23.9808,-28.889,-91.0656,22.2924,-124.423,-26.0647,-26.5164,-2.5568,-97.7436,-29.3616,-66.4474,52.749,3.09148,-0.396196,
		node -71.6303,-17.6552,3.16145,57.668,-72.9371,35.6427,-49.153,-104.044,5.93928,-1.51293,-30.5458,28.4649,-74.2015,59.2004,-17.7825,-30.3164,-18.546,-36.2868,-12.916,6.27109,-36.8679,-46.213,54.6499,-85.923,-13.0772,-59.7018,
		node 54.6909,-25.6586,-53.9676,24.9593,-22.5739,-40.3201,-51.7574,-82.6464,12.7383,-33.0608,110.927,30.9973,12.4676,-46.1362,21.4932,-70.7246,-40.7031,40.1007,-87.7058,-48.1314,-38.8796,-66.8489,-173.796,124.749,-35.2198,1.326,
		node -68.7936,79.9716,70.3401,-29.385,-51.1495,-15.8804,14.6348,-89.4522,7.31128,20.9103,-69.3324,-77.8266,-9.06721,58.9578,-44.9071,-8.2879,60.2008,2.89533,82.8173,80.2772,-25.1998,-24.8738,-117.371,124.938,-41.1547,42.5465,
		node 27.4769,37.3836,-101.941,57.1137,-18.0952,70.7605,36.2327,-78.0878,-31.0869,-30.7558,109.675,-42.9422,-15.5283,48.9355,-74.6013,17.8734,30.4233,-60.1284,140.01,149.45,-62.2084,78.0401,-54.4099,-94.7682,133.291,-0.648965,
		node -57.2681,-109.308,-52.8679,123.312,-47.0042,-61.3274,-56.5445,82.3353,28.6088,-19.7453,127.062,32.9196,89.6146,-23.783,109.192,-31.0421,-0.922207,-96.6741,-17.8004,31.3391,-13.5445,-80.7083,38.062,-23.2851,-77.8414,35.3409,
		node -55.6481,15.8892,45.893,-58.2847,-61.2466,-29.2743,-59.6746,4.74051,44.5139,-30.9304,-74.9939,-44.0139,-119.407,111.27,-9.86089,151.317,-46.0294,140.055,-53.6264,-82.9787,-73.9241,-4.19239,-2.65715,-28.642,-43.7552,-41.0318,
		node -76.8707,-6.26663,-5.19855,-43.3549,129.847,-50.6428,30.1371,56.3577,60.4187,94.6578,31.4485,-9.79673,-42.3246,34.8744,-72.5825,83.4174,-32.4477,116.89,-6.92658,15.8111,11.563,-118.972,3.98771,22.1497,-12.3319,111.814,
		node 38.9007,-89.4386,-15.1207,25.3236,28.492,-148.721,43.0045,-92.9949,24.0304,-14.2598,58.2524,-32.2945,144.369,-0.768747,-58.2917,-21.5297,-96.3081,-58.4445,48.2315,29.1737,29.9298,3.59809,74.8746,-9.76805,-34.7305,-5.63774,
	layer
		node -32.4766,55.3914,5.31017,-22.0678,-59.0335,97.0965,-29.4854,-20.9885,-80.7919,-16.644,-38.6577,
endPlayer
