// Player54
stat 8
	layer
		node -71.3155,-31.0634,-83.5011,-2.60831,-76.96,-70.6433,-10.8144,6.90851,16.0298,84.2715,-30.3278,9.37891,-17.5907,9.42714,40.4072,-47.5239,47.5054,-15.6973,4.7476,-85.5469,27.0708,-5.52068,4.30459,-71.2693,10.4417,-57.5779,
		node 37.3073,12.7487,-125.318,-17.5056,-27.484,10.591,-43.7449,-79.1085,-82.1337,-103.367,97.6652,16.6299,-70.2711,59.1172,-78.2927,-21.9947,34.3517,49.7567,-12.5076,-80.086,7.40156,-59.8976,9.39024,17.743,2.75066,-38.3769,
		node -13.7667,41.9095,-62.8639,-65.2792,-20.5327,-26.3097,-26.905,12.5999,-88.1499,-5.46546,29.4592,44.2929,-73.2748,-2.29603,8.17949,-14.6169,-27.6077,-107.398,38.4295,-6.6114,-12.013,6.80393,-15.0675,-13.0201,-0.134351,28.9707,
		node -18.6701,-36.5195,7.71071,21.4199,-65.264,-24.2702,-51.6002,-21.6287,-60.2616,-107.23,-51.2004,-19.2339,-8.44806,-24.7942,109.015,-1.6411,-93.7094,-16.988,-32.481,-92.9646,71.433,-21.7825,-151.192,-55.1132,-23.0001,-1.9743,
		node -50.679,-6.57742,103.097,-33.2949,-34.1502,-67.5718,35.9198,-107.56,49.4034,-31.7235,-117.501,1.22556,-15.6013,-13.2109,-57.8165,-136.395,-26.0824,46.1191,31.0809,5.55846,-102.446,-109.476,43.2307,0.0637447,1.26712,25.7729,
	layer
		node -72.2262,18.3997,-50.8529,-16.533,34.1074,-13.9013,
endPlayer
