// Player40
stat 5
	layer
		node -59.1976,-27.3341,-85.4424,28.4634,40.7377,79.7735,-50.4072,77.0219,22.3897,16.7867,-95.1784,15.6607,-59.3966,12.9076,77.5782,2.82937,-66.1872,-15.4913,-20.8769,-86.4554,-11.958,-9.49996,-33.1328,11.7661,29.3389,5.77845,
		node 32.692,4.18532,-108.825,46.0753,3.35776,8.01931,-21.6434,35.8789,10.4129,21.0851,-13.4473,-18.4325,-70.0927,-23.9219,-50.8782,1.64622,-78.1477,-57.8474,-10.162,8.50313,-23.2289,37.6341,78.0521,-2.52626,-32.3048,-110.365,
		node -114.729,63.089,-98.2907,63.122,-35.846,-26.2134,-27.7731,-33.9163,-17.2728,4.15451,36.5559,-0.529854,5.70864,20.6595,15.3012,-4.27318,-38.613,-5.81046,48.2323,-6.38982,-6.12069,71.6317,-5.29,-21.6742,-70.5535,-48.7892,
		node -24.9374,15.6558,-35.2006,15.2061,-109.208,-30.8405,-105.04,-16.4172,-26.2922,-48.7583,-45.7948,2.13842,-16.6328,17.799,-42.5096,-2.08879,22.682,8.6008,-13.5289,-95.197,-7.73822,-107.707,-150.595,-144.124,44.3152,1.78392,
		node 29.3656,-41.591,-15.9421,98.6492,40.1537,-20.2514,-93.1329,-94.0675,-45.9357,1.96194,-36.0765,-52.1838,-15.3993,-18.3035,-63.0941,-38.3122,-30.4949,47.3919,-24.3542,22.3181,24.8798,-5.759,-82.4527,-67.4724,1.71023,-14.7216,
	layer
		node -31.9949,-74.7637,-35.3195,53.4665,-49.7158,-52.6398,
endPlayer
