// Player10
stat 5
	layer
		node -41.778,-25.1812,-51.3476,-100.399,64.3245,218.774,-26.2664,238.981,255.708,256.188,285.755,256.248,234.966,274.154,283.881,82.8904,235.008,-16.8897,199.787,308.543,101.391,-95.7549,-3.13296,87.6793,-111.629,130.209,
		node -150.698,80.6612,270.218,-35.0773,-66.0966,47.2987,146.745,267.879,-95.4402,276.969,-103.916,234.308,318.616,-90.8379,236.93,287.951,282.447,247.539,277.394,110.73,292.495,299.922,233.169,-55.2004,71.7121,-139.279,
		node 293.344,28.5589,-63.5543,-86.281,228.434,27.5491,-54.4043,-123.224,-114.454,0.24201,156.319,1.22673,311.263,-72.8167,290.553,-50.0124,229.87,310.721,268.481,319.451,-47.32,186.518,-50.3156,-18.8407,93.1717,-54.4046,
		node -3.48428,0.892462,219.715,271.857,71.6017,81.9236,-101.113,189.973,125.932,-105.865,229.593,62.5846,258.742,254.494,128.516,67.717,348.119,284.145,61.625,209.265,154.785,287.034,294.771,42.9894,280.44,33.3093,
		node 230.495,53.4883,-149.276,98.4511,-34.157,189.188,-59.4775,229.22,102.541,-125.687,227.9,-77.9839,240.126,206.873,243.323,-19.3589,299.866,-62.0484,269.063,110.464,338.254,0.786505,3.11196,96.9832,213.035,10.96,
	layer
		node 254.194,198.714,187.162,-48.3856,192.88,-79.2868,
endPlayer
