// Player94
stat 9
	layer
		node -27.207,-27.3472,-46.1199,23.9451,244.915,235.027,-58.6747,-37.123,172.464,263.365,210.43,266.074,325.171,270.527,8.01802,92.0973,231.1,230.346,305.124,301.276,-40.4287,269.566,212.452,63.4412,274.162,143.096,
		node 233.79,77.8593,274.392,239.281,231.964,44.2737,55.5122,-53.9595,224.849,162.853,287.256,-119.381,317.232,96.9755,305.968,269.695,-39.4607,282.117,274.47,107.497,318.035,310.147,320.677,261.793,74.7921,-128.221,
		node 283.229,-52.3213,73.999,-94.1298,251.017,-49.3931,80.2857,-117.507,-107.971,198.214,-81.5278,111.008,134.672,-73.9248,286.767,198.637,192.957,311.254,-6.05486,160.488,-49.6408,-7.4157,-50.9065,19.9587,275.537,319.48,
		node 170.545,3.14716,166.894,271.683,75.4808,79.023,-46.527,315.577,212.953,-109.629,229.957,305.492,-54.1213,267.382,141.501,83.8727,67.5862,-24.716,113.492,16.3361,71.4041,224.679,289.884,46.9615,148.34,211.436,
		node 234.061,62.7836,-150.752,108.441,1.1401,190.742,-64.5182,219.534,95.3888,322.05,228.682,-73.3973,279.335,182.842,223.441,-123.37,203.385,320.809,269.822,272.232,-21.8886,37.5332,55.8057,-47.4287,209.136,1.82781,
	layer
		node 279.69,167.107,154.815,-55.1473,103.551,39.1267,
endPlayer
