// Player83
stat 7
	layer
		node 212.587,196.677,300.558,96.7846,62.7513,-75.5769,235.346,-37.3523,171.57,262.88,-140.119,272.682,325.461,268.794,283.617,94.7394,230.956,-22.1108,304.689,305.818,-85.0656,265.658,-108.617,72.5012,274.497,-25.9549,
		node 236.149,-55.9848,220.831,-21.9445,278.74,78.3651,-116.226,29.341,225.705,117.942,-101.21,-48.7409,267.366,277.318,234.303,282.273,338.463,281.183,281.727,110.302,61.0047,225.45,227.718,-60.2601,45.3146,-126.505,
		node 249.524,214.109,312.68,-83.6572,252.619,253.572,60.9948,250.265,281.505,186.393,246.929,8.47899,249.574,-71.6532,90.3622,256.326,281.605,296.761,-2.93649,83.9304,290.592,193.703,-40.9922,19.5178,100.221,320.562,
		node 243.681,-159.847,-153.066,-7.6078,54.6738,79.1233,75.6609,-150.021,209.997,-103.658,-20.306,62.1253,61.1219,255.634,143.113,83.3773,192.557,-24.6259,104.833,125.423,152.12,277.604,23.45,44.1304,23.0958,300.872,
		node 61.1833,62.8446,222.508,85.8444,34.0583,188.714,246.265,236.043,97.8307,-117.775,226.214,-72.7327,264.502,-78.6589,313.628,57.4853,298.334,55.8896,213.224,-77.751,-68.937,234.223,5.16619,-52.9522,317.482,18.5209,
	layer
		node 102.326,155.181,86.3099,279.304,-125.77,-108.409,
endPlayer
