// Player22
stat 10
	layer
		node -47.933,-25.675,-42.9563,-105.716,274.946,-72.9025,-60.9279,239.66,208.04,258.345,243.82,231.699,9.89029,260.135,48.0089,93.7974,237.149,233.091,299.972,304.956,-87.2413,-92.9986,-111.667,68.051,233.848,127.787,
		node -155.645,32.0941,238.937,-29.6621,-36.8713,46.0846,240.084,36.0527,230.038,-20.0328,-105.707,-53.8468,315.965,110.6,282.472,273.05,334.377,160.245,57.6237,-57.4798,291.312,256.138,185.671,4.12884,64.0747,-125.862,
		node 281.906,216.694,-57.0389,-88.7095,-136.053,-53.3129,94.552,295.387,-113.228,37.6509,214.437,188.45,126.374,-103.274,289.33,205.72,229.223,281.13,306.58,311.699,-49.7794,307.93,64.9628,15.9697,91.7215,261.858,
		node 0.624622,-40.7506,-102.758,188.532,-88.4588,248.296,-40.1864,240.432,122.645,20.3497,291.012,103.653,157.758,282.753,116.221,92.9226,-37.8294,240.943,69.1198,8.7711,75.9572,-44.3472,18.7043,49.2385,197.983,31.8896,
		node 239.923,45.5488,-150.376,-39.6712,-35.5292,268.349,194.89,-139.874,104.657,279.501,235.145,239.345,275.031,-39.9729,244.555,-118.649,217.222,322.038,208.26,190.675,-68.4713,32.6,4.54218,-46.4899,213.93,4.27782,
	layer
		node -142.256,174.427,166.282,316.09,167.946,306.663,
endPlayer
