// Player21
stat 5
	layer
		node 102.414,4.97862,102.654,62.9991,67.1318,-61.6514,90.4675,125.583,-53.5077,74.6827,19.9083,29.6621,35.5062,-142.901,-71.5382,-68.3145,22.634,76.7087,84.5955,117.195,-189.785,-30.3598,65.1147,25.6952,-135.948,-15.4767,
		node 115.545,55.7006,-190.294,64.338,-13.872,73.9111,95.2856,89.1619,124.906,69.9934,36.3783,109.523,115.452,44.5652,-30.973,29.848,-30.5752,112.408,35.3877,19.6102,121.306,-45.5657,95.4487,72.3934,113.84,88.652,
		node -103.945,123.601,30.9118,56.5848,82.0083,82.7294,37.432,2.82287,-45.5479,-57.2641,69.1395,-78.1958,125.616,95.2403,105.433,40.2934,80.0907,26.8506,45.6764,6.67053,86.2988,86.948,-43.2543,-53.9405,28.2408,1.17066,
		node 36.0658,-56.6114,-109.98,-83.1478,12.6551,72.4452,19.9961,75.9466,-105.335,86.5564,60.5113,-66.9194,43.2936,-21.9149,87.4758,40.3016,-84.8538,-65.251,-113.703,87.1856,4.01909,-31.3274,68.649,9.30093,54.9162,-90.5118,
		node 34.7732,73.6121,-85.7114,75.1289,50.6397,27.7188,127.962,83.9049,-123.511,36.4958,56.3735,24.5275,-59.7241,-78.051,40.8768,76.5468,-10.0916,32.4613,53.816,39.4062,52.7794,-148.17,71.1228,123.948,41.4324,-115.308,
	layer
		node 122.59,59.4412,59.275,29.9357,35.8252,100.367,
endPlayer
