// Player41
stat 4
	layer
		node 95.0064,-40.7242,38.5105,-50.913,14.6945,-69.5212,64.6567,-34.8425,-21.4459,27.3014,93.911,-1.58216,-107.966,-2.59489,-32.0467,-98.8726,-67.493,73.8695,-60.1251,0.484637,-88.8046,84.4258,32.6554,-19.7575,-50.3245,32.419,
		node -52.3807,30.5135,-40.886,-7.55422,-68.8148,-16.9446,37.6135,92.249,144.519,-18.5861,25.4905,-17.7282,129.781,-80.8065,14.6016,26.1514,-1.73019,7.39509,27.5913,-14.6643,-1.03825,21.4151,-51.4756,-0.413415,-29.3411,-97.6767,
		node 22.7265,43.1861,107.353,-45.5482,56.7161,27.1502,18.1156,-14.9678,-9.87911,29.9437,-65.0509,71.0782,-58.2949,28.7095,139.44,-128.431,-45.0338,9.05606,-25.162,11.6013,-7.88156,86.8742,-36.6265,-84.0192,-65.2823,73.4169,
		node 61.3844,31.5078,-18.1945,50.7311,-78.0831,-62.2679,1.76544,-79.8149,-6.14365,-142.847,28.5415,-84.8296,-21.7188,38.8273,19.7296,-96.443,-56.7361,-41.6666,-32.0056,22.1826,40.9824,71.5705,-22.879,59.9693,-24.2286,-44.8169,
		node 7.0414,89.4334,54.8739,103.042,47.7445,-25.5096,3.91419,88.249,9.59992,28.038,-35.0489,-23.7638,-13.5766,33.2506,38.1297,57.7115,-54.8543,0.663028,-105.092,70.3289,-46.6981,-33.4258,70.4517,18.009,59.0537,-25.8208,
		node -3.49934,-33.4932,85.1357,-6.48976,-37.0881,-30.7886,3.40049,-41.3861,79.727,64.0351,-17.8171,-146.075,-44.7599,16.2844,-42.0799,-114.152,-130.613,25.2478,-40.5556,19.6229,-25.6785,149.603,-39.7623,64.3719,60.8386,-71.0012,
		node 94.7729,75.9917,-3.34848,-62.656,-37.5114,26.5446,-55.507,-121.398,7.61981,24.3699,-54.5914,-29.3578,47.1298,11.9332,87.7334,20.6609,-14.9074,-11.3675,-83.69,-74.101,-21.1153,-90.157,10.7298,-3.17259,-51.4343,-61.654,
		node -38.3776,74.6866,-101.726,-25.5535,-131.145,-18.3794,-20.0533,-49.3782,82.778,26.194,-51.0442,-7.87075,88.6019,87.8708,82.9975,-11.1357,34.2889,2.97879,-18.7576,-58.7147,-2.00965,-8.47111,-39.5053,31.5647,49.7756,-146.486,
		node 33.5038,33.9127,-90.1202,-3.08686,-66.6685,-59.2935,20.1219,41.9233,-122.79,-37.0951,-32.6207,-44.8857,-49.8035,-31.4573,-78.1776,96.1299,-54.5774,46.3375,-4.59237,-16.3214,0.116537,-40.4456,33.3434,-22.8626,-24.2189,-17.4819,
		node -23.2096,58.8589,-30.3393,74.7894,74.4775,103.449,-35.167,-19.9838,-69.4303,94.4347,-45.9201,18.9582,-49.4297,9.47117,-23.517,-108.545,15.3207,93.3297,132.433,60.7844,73.6925,-76.4522,21.2874,-16.5935,-22.7081,-28.7137,
	layer
		node 49.2127,36.2844,-30.9945,-66.9071,-88.7697,-59.7063,-81.4823,20.1121,-59.1949,-89.4125,-32.1722,
		node -80.0885,46.3096,-43.2559,129.135,-49.1,-58.1578,-19.0096,14.2139,-3.66785,-43.0143,-7.08134,
		node -57.9409,52.2896,54.7594,69.6432,67.5733,-49.5377,34.1298,64.9863,-7.56205,32.0923,79.4624,
		node 4.2671,-44.3453,-75.3807,22.4435,-55.3985,-114.108,39.1133,1.76219,61.6883,-58.8684,-60.8471,
		node -22.6054,-33.4319,2.30426,-71.9099,-42.7745,-140.699,-89.6298,-83.1454,9.02684,2.97282,-10.895,
	layer
		node -22.8,-3.17867,40.1689,-123.448,-27.6599,-37.4559,
endPlayer
