// Player90
stat 7
	layer
		node 2.2582,85.6443,40.9905,-70.5888,21.3666,77.6445,-24.4122,-92.3608,99.7048,97.6506,-52.3707,-68.2779,-19.7477,62.0226,60.2826,-25.1406,-24.0395,-27.8943,-142.054,-59.7823,-31.0251,-76.0803,-70.225,64.2322,70.4616,82.5776,
		node -48.1975,-23.3545,75.957,-144.909,24.0544,47.3554,-11.4474,-28.6619,-172.855,65.5608,27.9183,-56.2751,-31.7781,18.822,3.77515,-97.4874,35.4305,-11.1726,2.0397,41.8583,-113.239,-21.8744,9.46856,-8.67086,53.9101,37.7827,
		node 93.9531,14.238,37.2946,-173.324,-84.0766,-14.4413,61.5794,27.397,-71.1671,-43.9312,-6.94575,-40.2806,82.0414,-76.2246,-25.238,-14.2751,19.4211,-71.385,-24.7834,91.421,-16.0124,-31.1683,-75.4394,34.2872,-87.5187,-24.6273,
		node -105.799,79.5345,15.7135,-46.6967,-35.2536,-33.9212,55.7998,79.6651,83.9496,-38.2375,-22.9308,-21.6776,82.8283,-38.9445,-23.5737,-23.1591,-39.6036,-66.1666,-41.2035,-151.96,34.3779,71.8402,59.8001,-53.6301,41.3953,19.5471,
		node -89.0688,65.6993,-115.349,-29.3876,51.896,66.3271,-66.273,65.0594,-25.7826,-24.8237,-127.753,-125.012,12.9283,96.6576,31.3782,-99.8968,56.0082,86.8343,112.421,38.9296,-15.8127,-44.3312,-22.9486,-37.6319,78.7605,5.82365,
	layer
		node -55.3836,45.788,-3.02627,35.6815,68.1246,92.8188,
endPlayer
