// Player31
stat 5
	layer
		node -44.0184,54.2575,-27.6728,49.8942,67.287,4.85312,-143.307,-238.817,-22.14,-5.45829,-122.821,101.13,-10.947,17.4661,55.59,16.5883,74.858,102.754,63.1844,-235.383,29.1946,-81.8675,98.6692,59.0685,25.2682,8.77116,
		node 64.0277,51.3719,-228.697,36.675,-128.796,-9.83218,100.513,-80.2945,11.4059,18.913,59.0489,59.4197,32.3217,15.6952,94.7234,59.7305,95.3488,50.9369,62.9178,41.0973,-150.695,47.4993,-11.9395,21.86,84.2627,-103.597,
		node -30.5612,-1.28375,-182.974,62.7157,-227.941,2.03035,5.58685,37.1563,43.9731,50.879,4.77719,-74.662,38.1526,-19.1829,-129.984,-82.3628,25.3576,48.874,-234.663,-48.2228,76.4077,76.5672,57.4232,32.9301,-46.2386,5.33122,
		node 37.7997,10.446,-42.7819,43.5443,-237.316,54.7521,-20.1277,-8.49715,27.1784,97.7802,37.1568,50.9417,36.9876,9.9356,31.4867,-127.37,72.5885,15.803,-44.6542,-127.026,12.628,108.732,-49.9681,59.1721,-132.418,-44.2147,
		node 98.7398,-4.46702,-51.991,9.05382,-5.15932,-2.5893,64.5677,-11.1609,37.8427,15.7404,-121.133,54.7075,54.2089,-234.177,22.4636,1.51449,-22.7418,63.2824,74.2806,-5.74684,86.9685,32.3394,-11.9642,31.1465,50.549,-44.1199,
	layer
		node 38.0339,75.8364,-58.9884,-115.525,44.2193,52.6697,
endPlayer
