// Player43
stat 8
	layer
		node -46.4891,-46.9668,-27.2208,59.5971,21.6012,76.7345,-149.384,-239.638,-32.2145,81.6812,-261.891,-15.4452,-5.97813,83.4077,64.2574,18.7538,-222.394,97.5903,-48.3352,-46.0861,64.1179,-7.62216,98.645,108.961,40.2007,-130.573,
		node 73.551,104.139,36.1878,25.2121,-241.53,-207.86,-3.36334,9.39788,5.2832,11.9455,-20.6322,-132.042,13.6803,110.471,79.5186,14.8379,32.8061,48.0002,-135.094,67.5019,-138.063,-7.38185,-139.311,12.8776,-120.252,-123.931,
		node -14.7636,-248.244,-29.9594,59.6823,33.3568,-138.253,-168.966,36.9502,39.856,-63.7227,-6.33802,73.0991,14.9789,-31.5814,-16.6726,-260.823,66.6735,50.0298,-233.787,-25.5595,63.2957,61.6861,54.3269,17.0257,13.2236,-34.4303,
		node -78.7411,75.9492,-33.0779,-29.2372,52.8782,53.0663,-10.9175,-10.9403,25.5626,17.0831,-7.37146,31.0205,89.2161,95.3522,14.6473,93.4886,-6.46717,70.6387,-49.7379,-41.9781,-12.078,110.799,-51.8717,-104.509,-86.9844,-34.4163,
		node 104.386,89.4876,-41.7046,8.54664,74.3151,9.32728,87.6412,-11.5846,32.5758,18.5996,58.1317,-59.7986,-19.9265,74.5898,26.8186,-6.18774,-28.0852,-55.8476,-220.791,23.6246,72.6333,-11.9078,10.584,35.6318,6.53904,-39.3399,
	layer
		node -131.328,105.145,-24.5686,-35.8894,18.1768,5.034,
endPlayer
