// Player86
stat 5
	layer
		node -95.3834,-41.4751,-7.74664,14.8176,41.844,-11.9645,63.8429,45.8741,36.777,28.386,12.0084,49.0157,-24.3026,-56.4029,-7.14203,-16.17,-69.1192,6.66687,40.877,128.102,123.291,-32.6066,-39.2555,18.538,35.214,71.3014,
		node 90,-42.285,23.8147,-3.7579,59.2631,-21.6594,76.4575,-17.3266,24.9165,-44.5269,-147.319,25.7962,1.75644,-42.8441,-48.4971,29.4886,43.8667,76.2367,104.86,48.3957,25.9697,-14.6001,6.46517,17.467,-20.992,25.3011,
		node -76.2929,-79.5079,-29.9943,-11.1974,-1.98403,-47.0328,21.5163,37.6013,-43.314,-12.3672,56.8197,123.038,-14.6929,-6.03307,-31.7295,-23.0981,9.50437,-16.1784,-0.569045,18.6607,23.9802,38.3089,-21.9303,114.917,48.2165,67.2187,
		node 174.719,5.59429,111.43,-53.7441,14.6818,40.5808,29.7569,-50.9561,48.6219,-23.7653,-1.14724,19.1295,-34.9108,-39.3208,-17.5308,-146.307,-32.5081,-25.1522,14.871,23.1163,1.43641,-39.7255,31.8906,-3.24364,-12.2817,-6.41532,
		node -12.0651,-7.0124,-39.4143,-71.9275,73.2423,-5.60635,-9.82822,-73.807,127.606,6.31652,2.368,13.2798,-67.4881,23.2744,-65.7409,-18.4405,-0.720692,24.4638,66.9922,7.76786,14.2756,-23.7087,0.0166011,0.448936,75.2503,32.4964,
	layer
		node -51.137,-28.7196,-63.2639,6.16883,27.3362,13.4767,
endPlayer
