// Player36
stat 5
	layer
		node 90.9154,0.609546,50.07,-24.5955,-88.5891,21.9146,45.8354,-4.99527,-19.0884,-93.1168,-19.4097,85.4266,40.3734,45.7894,-52.1792,-26.3088,-88.9576,102.313,50.5032,-23.2798,4.62447,-30.5237,17.1246,-29.0053,26.7585,33.9367,
		node 142.043,136.574,14.1427,-13.2087,-5.08023,-59.6974,-99.0032,26.6009,-76.5982,39.7414,0.891155,7.37676,25.9686,-44.177,111.894,-25.3612,-5.548,-86.1339,-71.3167,19.5741,-21.5376,1.13897,-31.1449,-49.4993,-35.538,124.317,
		node -11.6773,-27.608,-42.8458,151.907,-59.032,14.2754,-24.4757,-23.8209,-25.1417,-90.0507,46.9135,-41.415,-24.4833,50.0638,37.4922,-73.3886,-25.5647,6.83721,97.0139,-21.7576,-41.3833,147.445,119.857,-115.098,14.4128,70.4567,
		node 137.57,-4.99148,12.0176,68.4246,-33.2991,69.6638,-38.427,60.5842,-95.7377,6.67356,133.682,-7.69766,35.831,-56.1299,-17.9547,154.093,-0.964994,-26.189,22.5218,45.6391,35.7596,-114.036,-109.052,98.7422,16.6593,4.72626,
		node 30.1872,5.3273,-17.3354,-15.6185,99.0955,50.5317,-24.7477,64.2226,135.77,-82.1995,36.7753,-36.8541,-37.448,0.497482,-31.2938,60.3787,144.181,-37.5741,23.708,-97.0995,48.5818,98.3949,-61.9332,0.86445,-41.4195,-27.9896,
	layer
		node -132.024,-64.895,11.3044,-54.3275,-134.791,-37.7611,
endPlayer
