// Player32
stat 8
	layer
		node -61.3284,-12.3077,-10.7552,-39.1391,-80.1581,-2.09715,42.0151,39.5248,-20.8004,-94.9744,-60.7893,67.4632,57.5999,45.4003,28.6429,-5.11464,-114.324,100.275,51.2277,41.354,-27.4066,-39.9618,12.6537,-56.3508,-72.2535,30.1205,
		node 166.605,182.216,15.3945,-18.0146,-6.42517,-48.1721,-60.0733,40.9976,6.03866,56.2935,30.2365,13.1161,-32.6565,-47.3017,-27.4923,-64.682,-14.5873,-76.581,-61.2407,4.57347,-9.57384,-3.41613,15.6032,0.278722,-72.017,27.0839,
		node -21.8704,-15.3848,-0.0751193,-3.39416,41.3354,48.1471,-22.0681,-25.8271,-26.6043,38.6342,-19.128,-44.5037,-20.6197,40.6405,-102.81,-64.2105,39.3946,-26.6212,113.244,-25.2223,-20.2652,17.6078,-4.63679,-128.253,33.6931,-8.16821,
		node 134.027,84.9566,27.4516,88.5712,10.2439,66.2099,-34.1305,-61.5657,-82.8024,3.05264,158.476,-72.1379,27.4997,6.17055,56.3903,11.599,2.30083,-36.3933,21.9594,3.54669,38.2332,-111.912,22.7903,-30.6764,115.066,-17.4787,
		node -7.92114,9.40628,-22.6007,-22.8576,108.101,-84.7597,-33.9457,55.1052,-24.1478,-103.937,33.6087,54.8777,-31.8065,-133.799,-28.8891,60.5635,138.8,-44.0028,139.41,-79.3723,46.2235,56.9806,-73.2192,-3.49917,-46.8736,-26.4184,
	layer
		node -45.091,83.7103,-8.65201,-35.4684,24.8102,-28.7898,
endPlayer
