// Player91
stat 7
	layer
		node -59.2491,14.8595,56.8367,155.121,-76.5905,2.74612,-33.4051,-3.18168,83.0118,66.794,-29.0662,92.2553,40.3206,56.6527,-131.24,-14.2504,-41.3175,-20.5732,23.8223,-21.5882,22.7251,-42.7201,53.8047,-54.2464,-36.9312,23.6802,
		node 144.126,159.059,32.1303,-13.2862,-18.6641,3.49866,-76.2183,24.7607,-10.0931,46.0256,39.52,21.2048,36.3128,-49.7978,100.949,-103.39,-8.69472,-86.9975,12.5159,17.0326,-0.402072,-20.6617,-19.9064,-1.88285,-25.9863,2.16801,
		node 15.4545,-25.0625,-7.38153,-71.7374,-47.7747,-77.8653,-29.7707,-209.423,-14.7892,-84.8271,-19.5667,-27.2992,-8.47074,44.6752,-101.707,-39.906,-40.1693,10.6129,107.062,-30.0338,-52.0678,23.5205,-22.9226,-118.076,4.07102,-9.88594,
		node 134.673,0.517895,36.1425,126.524,3.9562,49.5471,-18.5623,67.8167,-90.5503,13.4415,132.485,-50.6262,-92.0046,-1.45399,-44.3125,128.565,-8.0858,-31.5478,-131.162,13.0194,38.2813,-33.5525,44.196,129.128,10.9405,-7.87718,
		node 4.73077,5.21835,-176.159,-11.5763,-40.3126,46.4843,-55.1109,-14.6901,-32.7426,-99.7927,37.3139,-193.421,-37.0297,2.43502,-5.08456,67.8331,136.077,-35.6562,6.86584,-93.637,-38.9537,87.5914,67.3273,-195.689,5.20677,-21.4061,
	layer
		node 154.654,9.65182,-56.8565,-52.4443,-8.54015,-22.2407,
endPlayer
