// Player33
stat 7
	layer
		node -113.559,142.445,33.0136,-97.7454,22.6268,133.724,-114.935,25.5892,56.4534,-62.7032,144.216,-8.28438,-66.331,147.938,56.2699,-149.438,94.6903,-102.565,53.1651,-85.8242,105.489,136.998,115.414,-128.608,-18.6556,254.428,
		node 78.604,29.2837,129.982,139.021,31.6962,-49.7131,101.933,65.9186,133.715,-9.2707,-123.573,-2.8491,283.688,112.336,-102.599,-94.7721,-108.392,-1.61036,272.519,-15.7027,101.823,183.826,-71.7476,71.085,-48.348,79.4942,
		node 30.1128,55.5198,-71.9363,4.50372,13.6161,241.71,-39.5761,103.083,-7.88624,-82.659,-20.6986,22.3756,66.2469,152.822,-79.9398,-51.9168,98.1018,105.966,92.5759,149.648,297.085,134.072,5.86777,48.5532,66.5948,98.81,
		node 34.7498,-92.3113,-18.9115,-37.4299,129.954,-49.2918,158.218,108.111,-112.964,93.1639,140.39,108.806,-10.961,-78.2831,68.1507,108.617,138.692,-47.6896,-18.5521,152.387,56.4688,14.0145,-96.2496,104.209,51.2932,87.641,
		node 196.152,157.858,-120.701,-43.6699,-15.1638,-53.9349,-8.05714,120.729,-152.735,93.5501,140.046,33.6639,-70.6532,106.27,-167.7,57.2576,-122.361,119.303,-80.5449,-53.9796,-62.1447,74.961,-117.939,-36.9249,-43.5031,236.386,
	layer
		node 134.276,-141.483,-83.5275,40.3356,84.4127,96.7075,
endPlayer
