// Player5
stat 8
	layer
		node 43.3699,167.814,-102.193,-154.108,-32.1744,119.509,-82.8741,-145.36,-110.726,-113.561,93.6048,-90.5477,-98.9018,-8.81715,188.158,-184.526,113.218,184.605,21.2646,79.4931,230.769,-139.467,-89.7222,243.198,-108.579,-84.7814,
		node 105.837,-102.407,240.699,-41.691,-9.34638,-8.49177,-101.603,-117.768,-76.8436,-34.7003,173.693,-66.3764,-53.9114,-124.634,249.453,14.7983,-90.5008,120.945,50.8794,223.824,-135.39,-23.6134,136.717,102.977,135.916,-80.9017,
		node 113.022,-55.4652,-90.268,-78.2864,9.84069,-123.361,-45.9345,-54.4806,-105.687,-115.386,-132.902,249.45,-64.9561,-45.6554,-98.1672,56.3757,282.337,-80.4507,-108.778,-117.49,102.753,93.6145,-94.9259,24.4275,45.8177,95.9224,
		node 266.602,-58.8352,70.7129,215.206,-184.874,-151.361,-72.535,-125.492,116.068,-98.44,-89.1105,-156.943,61.2961,-118.185,-125.101,-107.148,-86.3665,61.0729,-79.9072,-91.1176,-90.0846,11.3093,106.041,150.341,-102.52,139.859,
		node -69.017,-83.689,-70.2165,-101.011,-11.1815,-78.7222,78.594,268.454,-65.4143,-128.82,-114.372,-96.606,-14.7352,35.3965,213.414,-93.1941,11.8514,96.2196,-109.704,109.552,-126.686,47.1261,6.29268,-83.4225,-101.674,-152.699,
	layer
		node -104.486,-119.019,121.153,-113.621,117.881,100.832,
endPlayer
