// Player40
stat 9
	layer
		node -84.1933,-109.132,-163.908,-104.806,-114.654,52.5049,-88.0812,-137.26,-97.8816,-22.0645,-85.8146,-96.294,9.82299,-72.3962,177.348,-104.333,-125.84,-60.086,-82.9207,83.0231,42.6634,-109.677,-113.842,44.9196,126.742,100.214,
		node -126.239,-71.0516,242.687,43.2866,121.953,8.60071,-38.4047,130.083,-94.3795,-99.9233,-58.8715,-49.5862,-51.73,245.957,-66.5113,-45.6408,176.977,-113.335,-108.115,145.852,-130.691,230.153,145.478,99.382,120.187,4.96566,
		node 281.923,103.877,126.476,-78.6352,30.6967,-119.005,184.154,256.264,-163.242,-113.098,17.856,79.587,94.7323,-56.232,-83.1818,-80.5786,-121.026,-107.189,-92.1448,25.8425,-96.0738,-107.988,-85.2203,216.568,61.3735,23.552,
		node 111.966,21.7297,63.9538,42.4694,-79.7295,-105.266,-96.7533,-103.415,214.244,-165.695,-79.0808,-126.008,-81.3875,-120.015,-133.525,-86.8136,-129.771,62.1798,-87.9901,-91.7747,95.6888,-72.9142,-34.3777,-31.492,-80.5145,136.527,
		node -185.594,94.2359,146.249,56.0615,-6.52208,-126.442,-88.994,-66.4542,-150.717,120.767,-118.875,236.942,-14.3864,147.277,-28.4094,257.248,-137.81,44.8526,-81.3038,-79.1059,-124.824,-37.6812,-150.304,206.994,-192.735,-131.814,
	layer
		node -85.1715,-126.557,-121.404,102.254,-161.514,-86.5277,
endPlayer
