// Player64
stat 3
	layer
		node -0.438324,73.4204,114.159,225.119,-3.69033,-13.2833,126.695,105.201,16.3363,77.9193,24.6165,-17.6317,22.3379,111.299,-45.1392,32.9487,68.112,85.0887,-150.937,15.3851,-76.7328,66.21,-10.381,67.3401,27.0143,45.7646,
		node 59.3001,83.6025,69.0856,43.9433,-91.4312,89.1213,-19.5029,28.1133,25.0962,3.67214,-68.1879,154.968,38.8749,-173.072,-57.6819,40.2542,4.75881,-203.363,-136.486,-45.8106,93.2975,94.1035,91.0172,30.9658,78.6562,68.3145,
		node -28.6919,44.9261,-67.9017,-13.3633,224.118,88.5833,219.969,-27.9209,148.459,-88.5258,-61.0198,-154.454,61.0568,72.0017,-55.8063,32.0318,84.3704,70.5315,93.242,-33.91,-59.909,-86.3908,68.1999,38.7672,-124.321,177.768,
		node -150.112,92.8157,-5.76734,26.7579,-57.1709,50.9786,119.624,67.1961,70.838,-11.2289,-3.31495,-30.6766,-52.6418,95.5619,-110.686,29.7466,5.59525,-90.0744,159.242,27.6961,-20.6699,29.3419,54.632,56.0054,87.787,-183.999,
		node -34.6765,68.23,-32.4962,47.6398,-85.5514,-50.493,38.1618,109.767,135.723,38.8903,63.6753,6.62612,-48.6141,61.0976,-69.4067,-34.9098,59.4917,-90.2864,-14.1353,20.6507,-2.21516,24.8097,79.173,119.644,24.8544,33.1492,
		node -24.867,203.106,21.8597,-5.29401,68.3568,-33.1199,38.4195,68.3926,-1.90871,-126.488,99.3968,16.989,2.78097,-67.7346,-21.9613,-144.824,62.2078,-63.5504,-17.8876,-71.3058,-14.0645,58.7188,8.65611,-172.673,52.9706,15.7824,
		node 90.6325,-164.202,98.7926,-52.517,-13.0394,-7.47721,114.325,-29.7419,-97.3306,-40.628,-108.669,-166.758,-110.796,-38.002,19.7094,-59.7497,128.44,-174.501,187.219,40.197,-22.9155,81.1262,-142.038,70.1688,119.417,-138.013,
		node 59.9967,-33.547,4.30982,70.3251,-9.37019,18.3348,100.067,-82.231,1.46526,-39.6009,74.2453,-9.20896,51.4424,57.0782,108.78,-19.7092,45.9576,46.0674,78.9383,-47.0224,-68.1117,93.5836,12.0873,4.27672,33.5161,49.1975,
		node 65.8727,-38.7436,-75.355,37.5387,-60.3028,-56.1436,-38.2485,25.5155,-40.4828,76.9243,28.1787,48.6118,-9.70383,-4.19425,36.7717,-24.3135,56.6002,-45.5619,104.687,-41.5396,88.5571,220.03,115.01,-69.0472,-48.8689,151.023,
		node -61.4571,120.205,113.831,-11.7469,-0.612194,66.8974,137.942,3.70732,-26.9975,10.7627,73.045,0.223616,48.3091,-34.8068,-23.5891,31.012,-105.315,-115.024,75.9042,89.5535,-39.9971,5.45167,12.5477,-136.577,-44.3589,-15.4906,
	layer
		node -99.7024,16.3169,64.5711,71.7289,68.158,103.781,-47.9117,-96.8767,0.204438,15.842,107.537,
endPlayer
