// Player37
stat 9
	layer
		node 128.696,103.363,106.349,-18.5055,-12.1322,-10.9758,135.953,-78.7042,68.9865,80.9662,28.2614,93.5962,22.7999,114.886,-41.2577,-17.6279,9.58147,42.1051,-152.889,17.5831,-70.6622,9.83811,-0.964123,19.6712,85.3491,25.5714,
		node 54.8926,84.5029,-116.079,107.315,149.643,44.2653,17.6225,135.525,-47.6445,8.10147,-51.6498,149.455,31.2057,-174.293,-64.0038,34.3758,86.9688,-45.8092,-59.3575,-61.4111,94.0045,-24.2503,-27.5911,33.9126,15.2241,85.1041,
		node -91.7131,32.6843,95.2872,9.66771,-64.8101,90.4326,2.04644,140.567,145.335,108.397,-60.207,96.4392,92.4675,102.05,-58.3675,96.841,72.9309,67.8589,-57.6237,-108.175,-56.8525,-26.2242,72.9344,48.3366,-8.22479,183.396,
		node -9.52226,89.8894,-56.9309,39.2176,-63.1332,-33.4728,-11.2235,-36.4531,-60.3499,-15.8092,-0.279959,0.997393,-36.0024,139.513,-110.888,65.2684,3.77306,-58.0899,-6.91759,-9.73848,-29.8067,-132.892,110.966,46.9448,-47.1528,89.6756,
		node -10.0964,-14.674,-6.38253,47.4706,-59.7922,-38.5262,2.57569,107.665,-62.6045,-99.0308,58.5963,-13.9201,25.1022,82.7497,-59.1882,-43.3585,75.664,-93.0247,16.2969,-142.351,84.0036,14.7255,-100.573,105.054,75.5227,103.487,
		node 83.6701,196.924,49.4966,-41.2697,55.1792,61.3092,-3.18851,-34.904,-39.6919,-61.1158,100.993,-0.243737,-17.6515,-89.7862,117.252,82.2068,100.886,23.7929,-7.77759,97.9486,-18.3901,59.6299,27.6799,121.573,36.1338,21.2046,
		node 20.3349,-101.196,-58.2974,-55.4866,-23.0532,-18.4851,-38.1426,-32.7406,-92.4806,-43.5464,-4.12364,74.4776,-102.321,-41.6225,78.4883,-41.7378,32.6173,1.12384,96.6064,40.4984,95.1601,109.346,-154.046,61.888,108.801,-172.342,
		node 62.3984,62.136,2.41742,-47.6324,-57.5057,24.565,-54.0637,28.3557,77.9301,41.8333,64.1886,12.436,136.861,56.2644,-101.424,-30.1115,22.9447,55.5207,80.577,9.24978,-53.0637,32.9334,1.76342,-2.42174,19.6484,-48.4063,
		node 60.7944,-37.3345,-16.9626,41.8877,-7.54357,46.2834,-38.4129,27.493,-126.954,-132.881,224.768,61.9651,-162.471,15.8941,90.8329,-177.985,62.1565,-49.4409,110.627,-49.3386,89.431,29.0603,104.758,-67.5649,-54.4353,-108.643,
		node 17.2247,8.37954,111.459,-44.9469,18.7962,-52.9883,65.6639,-105.614,90.5632,13.8792,106.745,38.0107,77.6028,-27.322,87.6904,117.417,-61.8744,-33.2037,79.9203,50.8795,-12.0287,-36.1908,6.97122,-122.674,69.9901,-7.98839,
	layer
		node 33.1173,1.60172,-39.325,45.3238,-40.7459,-89.0757,-110.45,-29.0576,64.5758,88.7362,-19.4719,
endPlayer
