// Player71
stat 5
	layer
		node -11.04,-105.965,-91.1554,159.945,-2.96024,57.3754,-17.0208,30.8008,-29.4987,-60.9892,3.52213,60.7486,150.876,-50.3551,-7.13081,55.7101,30.1382,-91.5138,68.7869,172.876,25.1228,-55.9188,33.7013,33.405,24.214,60.2043,
		node 152.588,27.251,8.1684,-63.3165,-74.3184,-98.6557,10.6558,49.4991,-21.3073,-22.676,-30.9232,-53.19,-21.6346,17.2413,199.559,-10.3861,-14.274,90.1075,-122.815,67.3364,-43.2304,-18.366,-14.0387,-4.42936,-23.1446,42.596,
		node 54.4703,6.92432,-6.23586,24.2121,20.3411,-19.1924,-112.502,-70.3672,-36.0734,-83.051,44.7174,-1.18308,-79.8931,-41.7894,-133.664,37.7376,169.728,142.067,-15.6708,69.0003,-150.391,95.324,-80.5836,-49.8048,-8.48425,-14.6193,
		node -45.3254,-87.0355,48.7295,59.9695,-20.6787,20.574,0.00713092,-4.85408,56.1841,-18.8541,37.4551,136.576,12.5956,-71.0944,19.8752,-20.3523,3.00791,-73.5994,-79.5874,-124.15,67.5512,70.6252,2.95809,7.05926,-98.237,-25.2894,
		node 87.2267,11.3724,96.6039,1.5047,-13.9726,116.031,34.4584,-5.73939,101.648,-12.1017,62.0105,-10.8411,14.9909,-4.84217,-3.85211,-87.1658,-14.3022,24.0543,-3.1012,79.9483,36.7096,74.0455,-1.33464,-7.50335,-79.3819,-104.749,
	layer
		node -34.6544,31.444,-101.472,6.36474,-124.265,-95.2696,
endPlayer
