// Player58
stat 8
	layer
		node -91.3972,-34.5912,51.9714,20.8294,119.129,-17.5786,-14.3168,28.2817,-18.4938,-93.1827,65.1665,71.346,-55.2877,-78.2402,10.5496,43.4545,57.4195,-96.9454,64.1311,58.6702,15.4992,46.1646,-120.044,52.7351,16.402,13.8842,
		node 24.2576,34.8097,114.572,-85.6799,-74.4527,7.09333,18.4227,-144.417,145.363,-41.6492,51.4451,18.4051,78.4508,61.2475,179.385,40.4101,-23.1137,90.7023,-13.4683,45.7662,-57.5687,44.96,-55.1513,-60.6469,-22.2967,60.8886,
		node -59.2118,14.1117,-96.955,25.1194,-24.7274,24.2418,-43.2449,-64.2791,-15.919,-78.17,-25.4544,-13.2238,-79.4803,-47.8265,-13.6394,-6.3505,55.9948,133.226,161.394,62.4304,88.5555,105.227,-32.9878,36.538,11.6568,16.1144,
		node -104.757,-92.3518,34.6806,-30.4071,-6.23396,96.9691,5.00658,127.57,5.20302,-19.9398,49.7918,58.1346,-64.1359,-65.7616,6.84126,-19.5897,78.4664,-1.33376,73.5225,41.9313,57.948,-12.0575,-10.3679,5.72227,-58.2435,4.67834,
		node 155.685,28.4409,-7.51645,1.74146,-11.9722,66.8192,-21.1349,-24.7133,-81.7568,-0.248889,54.3279,8.15043,-100.778,49.8692,-69.2352,-85.9793,171.349,20.854,-61.0823,42.9922,4.30229,1.54753,31.5105,5.71388,60.1452,-18.4823,
	layer
		node -16.9907,42.9332,-90.5113,46.8698,7.32396,61.7504,
endPlayer
