// Player78
stat 6
	layer
		node -18.6273,-103.617,116.177,21.408,75.965,-9.22857,-19.1528,-136.675,-24.3196,-92.808,-20.3589,-147.469,125.486,-78.3045,-33.9409,124.489,-79.8497,-113.996,67.5978,42.0469,21.8196,49.9759,93.6668,-47.4409,-41.3392,18.4244,
		node 19.3927,33.6098,5.83989,-85.4236,-78.8722,4.79924,-16.7358,-51.5768,152.218,70.5893,30.4881,16.4116,28.5099,23.1154,31.3983,40.8976,-38.9815,88.9129,-17.6066,65.743,-58.4811,33.55,-5.87679,-58.3427,-20.9232,-9.6512,
		node -51.1289,-81.1095,-91.6751,27.5386,18.8668,-91.1759,-45.1652,-74.7402,-7.39713,-85.5895,47.2702,-4.85809,-98.5976,-40.0982,-12.2312,39.4107,29.3283,127.679,155.288,-19.3427,8.32984,102.049,-26.7934,50.0911,-101.887,-9.83348,
		node 125.259,-169.566,-9.61774,-8.59188,-14.0894,102.036,-112.62,121.359,69.6001,45.6302,49.0063,36.5226,-54.3026,39.9384,-14.9437,38.621,108.992,1.26096,66.8789,24.3768,-55.3265,-11.4987,-49.3353,-128.507,-94.0154,6.70832,
		node 82.407,-1.94421,9.42682,-3.94393,126.207,-82.1435,32.8719,-21.5397,41.1223,-10.8861,63.4985,-40.9408,29.6323,94.0605,-68.3094,-48.5092,171.134,119.786,-56.7158,78.9487,38.8027,50.8864,52.6927,6.77835,-70.0508,-22.7361,
	layer
		node -79.9073,61.6044,-102.374,59.8784,110.503,-153.704,
endPlayer
