// Player5
stat 7
	layer
		node -14.6195,42.7742,51.0956,143.07,-145.081,9.5646,-52.2984,34.9048,-15.3398,109.192,-91.4722,-142.868,53.035,53.2575,88.5732,47.5037,64.7468,-105.279,-98.0043,55.747,13.2459,75.5217,-24.02,-145.285,-44.6756,47.0468,
		node 151.457,-83.515,-83.7457,46.6998,-83.9818,0.658859,34.6342,81.3422,-17.3211,-44.9863,-45.5378,19.4919,95.8278,7.4959,-29.2716,-2.73485,-30.7018,86.9431,-19.8733,59.0482,3.75624,50.238,56.2261,-50.5467,30.013,146.808,
		node 194.037,163.798,-104.811,-116.647,56.7566,10.8095,-35.1159,-77.8197,78.8081,-82.3891,-32.3287,-16.815,-98.9652,-89.6752,59.2225,12.5817,38.093,136.551,163.348,60.3901,-90.607,113.443,-82.3383,-17.1484,22.9886,53.2578,
		node 67.3583,-169.511,52.3809,-10.4577,-18.4046,96.7839,25.44,38.217,-63.3942,-8.36145,20.5358,37.306,16.5402,-54.9889,-2.28336,-99.3445,51.9508,-83.9195,68.2547,15.7632,-59.5315,29.1066,-0.231028,8.68678,-63.872,-51.954,
		node 146.345,33.2892,89.5458,-7.31391,-90.9666,-9.42556,97.0253,-26.5259,-89.3054,-145.835,65.3097,70.6896,-52.2155,-22.8355,-17.7679,61.1011,-88.4138,29.4921,-102.876,82.8804,30.9162,76.01,39.8421,-102.426,96.3322,-18.8434,
	layer
		node 58.7657,-103.145,5.58774,-4.60761,66.3276,-34.6262,
endPlayer
