// Player52
stat 5
	layer
		node -15.2956,-90.0947,-90.0732,164.054,-133.975,15.9375,46.8957,37.3511,-33.7181,-60.7837,-22.3427,-140.649,46.9893,61.0244,-28.1516,102.498,61.7676,-97.9631,72.8732,-23.099,23.0752,40.9051,-21.5013,-50.5908,-47.1181,65.8011,
		node 151.481,74.791,4.6837,-63.2002,-81.4761,-95.9084,-76.6128,51.3828,54.2251,57.2515,64.7817,-5.16332,88.9941,-2.02181,204.643,-10.569,-28.6941,95.633,-122.293,59.0956,59.7904,18.9384,-52.4395,-0.651631,-30.5554,20.2459,
		node 51.6583,38.4613,55.227,26.1391,45.337,59.113,-43.3485,-82.4678,7.28073,-133.975,46.2454,7.08636,-16.2866,-72.5267,-133.003,-23.1242,166.593,117.751,147.395,62.5996,91.1337,105.088,-25.2324,-39.5705,-17.054,10.9592,
		node -50.6574,-91.405,-9.87704,-17.0469,1.26137,94.8458,-109.982,-40.9428,59.699,-33.984,31.1737,36.9601,12.2139,54.2635,10.342,96.4991,1.05505,39.4215,-79.8554,23.4853,65.9936,-10.4,5.27902,12.324,-37.2596,41.8662,
		node 0.22288,86.9809,13.065,0.398825,-7.57179,-47.9124,-36.38,-97.4955,-85.5456,-38.9286,51.3225,-74.5357,-55.1642,-3.8677,-12.6184,-79.659,-14.2128,41.6159,2.90112,-23.8719,45.7819,-108.719,82.2069,-7.64427,85.6843,71.074,
	layer
		node -8.66963,-78.6923,153.13,103.228,147.025,-89.8183,
endPlayer
