// Player6
stat 4
	layer
		node -33.5473,-121.827,79.363,-43.8341,60.1335,30.8695,-144.279,11.4347,53.9822,-33.4933,-113.242,30.7202,29.2452,-87.8772,-14.744,-68.7666,30.9431,47.2951,1.75081,-71.0608,5.63142,-27.8866,62.8512,-92.0188,-21.2041,-54.1851,
		node 70.3398,-12.2775,-26.3454,17.543,-21.5786,-54.4223,78.5121,-34.7417,33.5127,63.2208,-19.9078,-83.8603,-59.2452,44.6668,8.39512,68.7299,-26.6784,-127.543,24.6397,-141.316,-5.7054,-36.8787,75.9905,-21.8775,-4.59908,16.8173,
		node -22.5323,67.7434,-84.4269,-52.68,48.352,-4.90652,20.6276,64.9689,-69.4283,-36.8583,29.8506,-104.092,8.11188,88.1685,1.88312,35.6737,61.6761,74.5008,-64.7749,23.9055,94.0265,-60.1816,21.5094,18.8869,-91.9736,-22.1532,
		node -4.77812,32.6494,25.0022,32.4022,32.1068,-25.593,49.6723,-65.8209,26.5069,64.1774,-93.6255,-42.1304,-91.9847,24.9633,69.8095,24.3584,-0.82605,61.9083,-41.496,-33.7055,-38.1982,91.0394,45.9255,-69.884,30.6262,-19.3829,
		node -58.3046,17.7896,-82.5271,-91.4897,13.7466,-58.0157,-139.835,42.3538,66.5703,-61.1538,-19.7683,23.3045,29.5381,-44.8956,5.2766,13.282,111.931,-25.1488,11.1744,76.2466,-72.2212,11.1964,11.6191,-36.7571,24.5836,-64.2061,
	layer
		node 32.0174,-53.8082,-49.0637,6.27434,-22.3057,-54.4034,
endPlayer
