// Player56
stat 8
	layer
		node -50.4743,-115.629,-56.7523,9.09587,-111.626,55.4599,-92.0779,-59.0972,-72.6393,-37.511,27.956,-90.8574,-42.9445,13.5124,60.761,-43.7725,33.4755,48.4414,0.473773,-76.2964,-61.691,96.7385,92.5702,40.7765,-95.3756,-64.1774,
		node 59.8207,-17.0095,15.0352,-58.788,65.1574,32.1899,-65.2481,81.258,-38.2001,70.4784,-134.503,-12.6554,-1.32895,-41.4401,40.6931,-16.8544,-40.9086,73.6997,-46.9313,101.843,-101.138,30.1627,39.2551,-20.9816,59.2979,-17.0468,
		node 1.06667,-15.7366,-43.5195,-73.188,-53.1878,-5.34338,81.3517,99.9458,9.15891,24.648,95.7932,-96.538,-97.8956,21.2361,-28.3524,-43.308,-1.45733,36.2124,-52.13,-123.714,-51.5439,-25.0766,38.4832,68.9949,-19.4311,6.63648,
		node 28.8279,-32.9136,-81.5359,-1.75021,-34.0752,-49.207,47.3255,-122.531,28.7619,63.7188,-42.3922,14.6144,19.7043,-49.078,72.1028,11.724,-2.19833,34.9509,22.6669,70.9611,-42.0788,-35.3891,-60.6027,-58.3047,16.0852,11.3362,
		node 31.1998,14.4404,-34.6131,-103.285,32.7805,-70.1456,-143.586,42.8104,-80.5393,-59.0041,-75.4216,-90.9216,34.1044,0.986295,14.5681,-159.706,53.878,-3.45002,-56.2758,-31.1451,23.2298,67.5622,-11.5336,28.6165,-47.0659,-54.4752,
	layer
		node 46.5081,-21.849,-36.5058,-95.3852,-33.3863,-25.307,
endPlayer
