// Player78
stat 7
	layer
		node 57.2795,110.287,-19.3838,54.8359,-91.6521,-55.3599,102.502,89.323,-0.663479,103.203,-130.219,-58.0794,-0.49975,16.711,-96.4616,-154.727,14.6775,96.0917,-14.4642,32.0241,-65.2757,-61.2062,162.51,-26.3962,127.044,13.4717,
		node -8.55726,-53.0549,25.3835,82.3976,-95.3639,-27.363,23.3182,8.69991,0.263404,-84.5993,127.367,-54.7442,97.1806,73.4975,56.7358,-37.614,-125.317,74.62,59.9978,95.8459,10.5206,-81.0417,-25.4661,65.6721,-1.60427,3.69597,
		node 44.4762,-30.0337,2.88591,38.7303,-3.96834,-27.1829,1.62055,190.441,137.239,-11.3911,-32.9521,10.6216,-108.887,14.1785,48.2513,-46.3958,30.7718,-3.87728,-9.00739,85.5552,-6.3546,-9.6127,-33.3248,-155.303,-3.47371,82.7653,
		node -26.9714,-62.2144,73.6835,-85.8228,-49.5443,-0.80831,79.9468,-45.1724,125.959,-148.851,84.9315,-42.6587,-71.4322,97.5704,-121.186,108.434,-42.4855,-109.301,-52.6504,94.2144,26.1536,25.3931,-81.336,-117.585,73.8797,-0.721525,
		node 0.62289,-21.7813,-90.1974,13.4125,-42.3157,44.5505,-122.182,-59.3927,126.252,-84.3351,21.8244,99.6642,-6.69672,104.49,43.7951,-8.06334,-67.76,-69.7826,-26.9737,96.8593,-29.459,-19.7531,-36.3011,90.6856,44.3095,94.0708,
		node -65.8501,29.4911,-69.1335,-28.2552,-61.0461,75.7254,-28.1817,41.3432,-22.5168,49.3073,44.0293,-23.2284,54.6924,-0.0512811,74.0464,-155.264,-46.3958,-69.0839,-171.415,0.0203872,-77.3797,67.9238,-30.0528,72.3003,-70.8657,-167.369,
		node -15.7129,-126.525,-40.9547,36.8425,-91.1406,-10.212,33.5855,-62.9011,-61.093,-1.13515,10.878,11.8495,-44.7634,-11.4069,-8.11259,98.907,139.004,135.84,157.9,31.2104,-46.5351,-111.483,-14.8877,-35.1251,-52.4737,76.2291,
		node 29.0541,91.5044,0.302048,-64.3748,-0.0469633,-55.3786,-69.565,-82.5513,-79.1434,-18.2518,69.8286,-25.4911,-26.7415,-39.3958,-98.325,25.8242,140.696,-164.558,128.279,-17.9563,158.514,-16.9279,116.15,1.10552,146.014,9.26621,
		node -117.94,-35.307,14.6792,102.869,-11.5783,28.9719,61.1905,-20.2832,-9.70124,92.0332,-26.4209,38.5447,-102.288,104.668,-19.6064,-44.092,27.5532,52.7962,29.6914,22.2757,15.7356,-83.6945,42.4456,-74.6356,42.3469,30.6021,
		node 54.0679,-29.7318,47.0556,-6.39233,-17.7256,-61.3955,77.2174,23.2193,-35.8203,-12.9492,-38.1449,12.6936,78.6035,-11.9544,-108.481,-12.1285,-12.2205,-0.550413,-48.5284,7.28303,50.9416,-122.747,-19.5998,13.7645,-36.7439,12.4387,
		node -51.8561,69.376,-16.4599,-83.1769,9.09109,43.5092,43.131,33.0724,52.8888,46.4626,-101.745,120.327,-75.3476,-177.612,-103.056,-114.826,-102.301,-35.5132,30.8782,45.5164,-146.303,-40.9256,14.4065,108.067,32.9,11.0872,
		node 114.842,-53.0191,9.96244,157.009,8.55909,122.923,-6.8209,117.803,81.9362,-109.369,-104.806,47.829,-78.5746,82.288,-198.022,96.4457,-20.1645,-1.03759,85.3094,1.3598,-14.986,-3.53326,57.7078,-13.1974,42.6595,14.0328,
		node 46.5552,-108.685,33.487,100.624,24.2549,-94.4544,-15.1468,98.5237,-12.7778,-111.75,-29.7059,-29.3968,30.7634,105.927,-81.9247,-32.7725,90.3739,-51.6846,-167.391,-89.8707,78.3112,17.9847,-25.1979,29.3574,37.903,102.581,
		node -105.075,11.6702,10.3392,-37.1313,30.8685,85.6733,41.6666,-0.213106,-104.425,-25.5417,-58.1133,104.749,-6.48255,31.2257,-66.2217,-125.926,25.8523,-2.01153,-36.9816,10.3816,10.5903,3.71145,42.3748,128.059,-96.5521,-99.9667,
		node -2.08636,-122.008,17.6316,-34.48,-23.8925,61.3597,-15.1958,-57.154,110.613,50.2402,-4.88986,-100.378,-161.515,-127.01,70.9049,2.64123,-72.4143,-155.62,0.791046,-184.239,13.5256,-104.454,-13.4595,-65.2877,14.7314,-157.461,
		node 68.5343,-50.1907,-16.6384,29.0805,33.3227,-10.603,89.8127,-121.493,47.2004,65.429,20.663,-31.0563,11.735,48.5982,76.4536,65.4185,29.4647,43.6465,-27.4397,78.8925,36.0419,-51.0535,142.291,0.165436,-23.8867,24.2226,
		node -40.3703,-33.6205,65.6092,0.330164,18.0712,52.4614,-47.7017,35.9259,-78.9701,-83.1229,128.998,12.609,-1.53828,-129.339,-22.0978,53.9865,51.7955,49.1204,18.1515,-72.2728,-43.0579,83.8257,-98.9398,-112.234,-69.1282,32.0486,
		node 36.9742,-13.3369,118.825,33.255,1.21636,19.7999,-43.2932,77.5724,51.0969,5.82395,-14.0864,-159.953,-105.2,-70.4016,-179.723,142.291,45.1622,-41.548,-23.6417,75.4092,-72.1225,105.417,81.2625,25.4995,59.0982,31.2812,
		node 18.1287,88.3233,-40.7246,-18.3197,-224.85,17.2957,42.1379,70.4161,-86.1861,77.5096,155.241,20.1886,31.8266,-160.625,105.984,-109.725,-21.4495,-40.9458,-92.5195,-60.5598,77.8266,-6.93369,92.1935,6.27098,-37.8493,48.5598,
		node -70.5497,8.03993,89.4084,-103.401,-166.189,-83.1262,56.1099,-124.7,16.4081,17.3346,-107.004,50.8396,-9.42134,-96.0015,47.9822,75.9363,36.2547,7.23597,-70.7159,0.67836,-86.9396,88.6553,-15.268,19.2553,-129.533,58.1745,
		node -77.9728,2.7154,0.649902,64.7624,88.2032,57.5328,-166.806,26.6208,41.5972,-33.835,-2.83419,-85.0414,20.4852,157.308,-4.14342,124.575,-6.0109,61.7944,85.6652,-8.57142,25.949,-13.0341,59.2566,-6.70809,-18.4142,-153.759,
		node -50.8678,66.7532,53.1484,143.322,53.0221,39.5739,88.3586,0.83286,-98.6169,-37.7443,111.785,-10.6395,-65.1522,-48.4773,-36.5827,-101.388,40.2163,-38.373,-134.653,-41.4489,80.3355,-8.73514,33.3596,5.21025,-34.2839,-131.316,
		node -102.503,-68.1913,26.6049,-0.894493,-61.2739,33.4297,-3.50513,-47.4802,144.668,55.2986,68.2062,-117.109,36.1527,-40.2801,-147.705,-30.6069,109.196,47.6791,-62.4027,97.3381,53.3331,-18.6416,-70.5773,92.5949,-25.3689,116.59,
		node -41.7249,64.3694,131.546,12.7794,105.612,19.2531,176.377,-73.382,-12.7112,86.5846,7.37599,-99.8045,-104.885,37.7786,131.975,-20.7653,19.9951,-27.2228,-108.603,55.1377,-77.017,-16.5701,-7.37568,-154.187,-0.53817,-87.3743,
		node -31.6758,-118.174,63.2378,3.63407,47.8149,-44.1531,30.0981,-14.6438,55.5076,-195.851,-44.7308,-51.6184,-62.1674,-82.5245,17.968,39.0043,-70.3017,-61.9744,-27.1067,43.9616,-100.377,67.5811,90.4894,17.0556,-1.03096,27.7749,
	layer
		node -16.131,-22.6961,-71.2933,-76.0281,-12.1263,-16.2337,-11.2331,-111.189,-134.342,10.7945,-17.6837,-11.5749,-22.9603,4.54489,-15.5957,36.1046,19.418,-47.9459,53.8338,-21.9284,-27.7677,8.27377,-194.392,-44.3635,38.3258,-17.2914,
endPlayer
