// Player5
stat 5
	layer
		node 65.4234,101.539,-61.9324,25.1913,-92.7988,-63.4311,91.3575,92.9454,7.01136,65.0019,2.80182,-44.8112,5.35835,14.6806,-98.4405,-116.78,28.9705,77.4923,-8.37592,20.9435,-94.4116,91.8558,159.624,96.6333,117.887,15.3405,
		node 0.704985,-47.6557,69.0744,81.5097,-93.268,-21.148,-35.4645,-22.6259,11.702,-80.6633,131.632,49.3886,110.263,70.8435,52.8637,-36.3512,-143.346,86.4718,59.3324,91.8235,3.84344,-112.231,-47.3385,51.8908,19.5463,-11.493,
		node 30.4697,-18.4439,-8.07894,45.5737,-20.9285,-22.0085,-2.73096,176.378,122.322,-9.73461,-28.7597,26.8225,-117.464,16.5245,122.418,-151.427,9.43111,3.03329,-11.8647,109.691,16.7853,-16.2378,-32.7511,-153.84,-7.04198,77.6632,
		node -44.1606,-58.3752,72.7714,-109.299,-47.8925,-1.7553,61.994,-23.761,71.1293,-119.758,103.678,-44.6504,-71.5184,-19.9654,-150.511,129.501,-53.7431,-115.951,-48.9543,101.228,44.1823,29.5317,-30.0054,-108.311,82.8463,-16.1475,
		node -4.94527,-83.829,-96.1158,10.3514,-28.3352,46.5941,-156.205,-54.6099,137.383,32.123,-11.4004,96.8714,-18.9079,111.097,42.6344,4.95158,-61.9084,-50.3695,-50.9495,106.176,37.1984,34.3417,-32.3863,80.858,39.7806,122.094,
		node 124.299,33.5774,-60.7663,-43.1599,-64.6477,66.3393,-11.9821,8.11539,-23.1568,95.2748,76.3793,-20.9016,54.5915,-12.1324,58.9406,-159.104,3.64402,-34.5788,-0.243222,19.9177,-73.1566,56.1106,-31.6355,82.3045,-90.6145,-182.239,
		node 74.938,-122.559,123.535,37.6081,-85.3985,-7.54997,31.1145,-89.0512,-42.0807,26.9038,-14.3425,-18.7776,-37.0475,0.409092,93.2303,106.708,129.291,115.791,142.016,33.435,-44.7421,19.7962,-24.9462,-36.0364,-29.3268,72.8211,
		node 22.242,80.6854,-14.3028,-68.8023,-4.36733,-53.9024,-79.606,-76.1858,-70.7381,-18.8954,63.5652,-17.477,9.86314,-20.4305,-105.296,28.2964,-15.8015,-168.392,-134.223,-15.7193,149.557,-15.088,102.397,123.855,30.629,22.9904,
		node -101.702,-66.1051,12.1899,111.656,-27.015,22.1173,-3.00599,-20.4069,-4.39356,82.9741,-41.8029,52.8591,-107.745,82.7165,22.5922,-46.1381,33.3637,-66.2734,34.5223,53.3197,30.0195,-80.9538,37.429,-78.0584,46.8325,42.7882,
		node 48.1913,-27.9723,43.6015,-12.8641,-2.39349,-59.5471,90.2326,27.1793,-15.8115,-14.1746,-34.7715,6.59091,78.8446,9.2758,-104.263,-5.47953,13.1902,-5.40515,-63.4614,15.3297,-70.9714,-10.6181,-34.7142,16.6832,27.7183,11.1902,
		node 12.1382,68.9371,-23.7431,-72.59,1.56753,50.1324,53.1216,52.6086,41.6081,41.7206,-88.0272,-3.05058,-4.84933,-172.45,-84.2413,-99.3121,-89.4324,-52.2608,58.5426,46.3425,-115.979,-31.1608,17.2915,96.2218,23.7434,22.9622,
		node 102.965,-53.0219,2.7373,155.193,14.8191,122.91,-0.485781,115.248,86.7842,-143.705,-20.3025,25.1191,-93.8584,83.2451,-189.789,108.903,-62.8439,9.59057,86.2098,19.06,-15.1619,-16.8926,57.4142,111.146,65.4485,5.40325,
		node -87.2193,-114.892,35.1316,86.6839,-68.1685,-90.4134,10.5057,-31.8859,-13.2505,-94.6381,23.8315,-45.5721,-27.405,-68.3711,-78.4678,-18.1848,91.9633,-56.9262,-132.591,-78.2618,75.0894,29.4705,-23.8335,98.6219,61.715,131.825,
		node -128.378,13.4004,30.9438,-33.6475,34.007,140.851,36.4403,-8.57972,-109.618,-42.0326,-40.9176,80.0168,-14.825,17.8818,-56.9826,-117.122,40.411,-1.62945,-41.7621,19.8944,-4.08963,-6.75983,57.8403,141.958,-115.039,-1.62427,
		node 18.9864,-122.122,11.6202,-17.4196,-24.2339,68.3588,-33.8593,-21.9252,121.7,53.3827,8.55788,-97.3441,-158.931,-138.223,57.4152,15.4549,76.9763,-67.7206,34.805,-161.303,13.9894,-104.042,83.8865,-63.0516,15.4873,-171.548,
		node 46.4623,-84.8237,8.1134,51.8606,30.8723,4.92491,124.423,89.9991,51.1961,65.0751,53.2934,-26.7969,23.7772,51.341,76.6777,39.7061,26.1545,39.4702,-21.1542,80.6526,51.2066,-59.5138,138.73,17.8259,-28.6883,27.1475,
		node -31.519,103.336,77.8311,21.2927,25.124,50.1167,-67.1216,34.4868,-73.8655,-106.637,133.795,13.1625,-17.2466,-133.531,-17.1524,47.5076,44.5,76.4357,23.7072,-68.232,-38.3282,75.4167,-114.392,0.897835,-26.1272,34.909,
		node 47.2961,-29.8112,-81.0571,27.2698,9.25066,22.3783,-38.1623,100.398,55.3765,-30.8271,10.1745,-146.103,97.4838,-79.7007,-167.126,135.96,31.5775,-41.3402,16.0789,77.6051,-60.7584,113.607,84.1268,29.975,65.0011,23.2407,
		node 13.1036,78.327,-37.1545,-140.99,-190.506,70.0569,17.4119,84.4766,-70.8805,59.9645,138.512,27.4011,-77.268,-142.384,98.7941,-116.769,-57.6111,-25.8935,-78.1416,-50.2135,102.099,1.17624,-44.5807,-15.8964,-27.5069,43.4114,
		node -71.3449,-32.6904,60.8725,-107.967,-165.054,-91.0333,15.1601,-47.4525,14.8283,28.8757,-103.047,54.0238,-6.23909,-17.5768,24.5602,69.5716,30.0123,-13.4885,-69.7498,-2.61047,-92.7304,104.994,-7.05907,12.886,13.8346,-88.7696,
		node -59.637,10.1919,4.62985,48.7692,69.5198,53.0871,27.3073,34.6243,33.336,-53.6552,-5.749,-64.1197,54.6374,150.371,51.6693,116.616,-22.9397,73.404,-28.3287,2.13898,23.009,-27.4842,41.4823,-10.687,5.38573,-159.326,
		node -54.5031,69.9579,36.7948,102.13,57.4656,13.0349,84.8936,43.8162,-98.3388,35.5729,114.902,70.3425,-66.8976,-48.3122,-52.7927,16.6193,33.412,-41.6181,-123.262,-42.7375,82.1848,-11.8462,-25.285,5.62482,-31.4174,-130.488,
		node -89.1195,-68.716,6.07616,82.296,-36.0559,-44.1088,-6.80914,-24.9953,125.69,67.5273,61.3852,-103.763,-9.7983,-37.441,-2.581,-9.40018,90.7235,1.04676,-19.118,117.672,-130.379,-37.8914,-91.5453,64.1009,-12.3099,107.44,
		node -45.2864,-18.4133,131.019,-13.5264,99.1895,25.7558,178.719,-88.513,14.5269,101.497,2.59913,-102.034,-81.2074,43.8106,128.584,-9.54452,9.32971,-78.2011,-91.5688,52.6666,25.8472,-0.0740372,-6.5758,61.3062,-8.36104,-73.6803,
		node -33.4051,-109.491,57.2658,15.9757,35.6175,-38.2322,34.2756,7.22022,73.2589,-193.127,-38.1546,-169.706,5.93719,-71.4614,23.1743,-0.250475,-77.103,-71.0814,-27.014,43.6622,-101.502,80.9733,97.4995,30.9923,-28.5474,64.2022,
	layer
		node 37.4597,-19.945,-181.838,4.39628,46.1706,-18.1521,-27.562,-144.464,5.16658,-14.1595,-9.21566,-89.6628,-69.5572,-17.7603,-11.9192,2.48563,-78.4439,-88.567,-5.30095,-69.5572,-0.124887,18.5843,127.944,-9.32292,6.25128,1.60298,
endPlayer
