// Player60
stat 3
	layer
		node -18.656,52.2593,-76.8618,-76.7647,97.7845,-95.5811,79.0639,-22.2555,-13.6616,87.1516,-71.683,-52.4997,120.07,-56.1435,-38.2283,31.3575,9.22522,-64.1433,-48.4364,-183.03,82.878,-71.2257,-39.3462,18.0671,110.286,-40.4509,
		node 14.6215,-28.3264,55.3767,-18.1941,7.55328,-74.9669,65.805,25.1908,73.8792,-4.26387,-11.4189,9.52972,80.7174,128.694,154.731,41.4055,-71.0849,-95.047,-84.6704,-114.804,66.5179,-1.18486,-82.9311,35.6867,-95.9974,-55.9791,
		node 5.29191,-58.7684,-25.0311,-14.6053,-10.7453,-10.119,101.861,-179.055,-9.27272,26.4866,49.779,36.3153,-102.187,-16.6054,49.2662,30.2302,40.7939,-13.0409,32.1818,144.202,-11.7891,41.4213,61.7934,-66.1193,-123.128,-40.8998,
		node 50.0364,-36.7719,-32.0692,38.3975,37.0866,-93.1242,33.0136,-26.4635,-7.94106,10.4982,12.2207,25.2786,45.7316,-13.7167,61.548,107.528,37.0031,161.048,14.2026,25.0584,-89.4243,55.0392,23.077,50.8475,20.0237,-1.61614,
		node -45.8145,-25.101,-10.9728,47.8742,-127.727,-38.2876,33.0968,32.409,-2.1217,73.7834,39.572,-136.399,-39.6787,25.9248,4.94339,-64.9773,39.885,-28.673,10.9657,-108.357,36.3562,52.5129,-80.3015,-68.0183,-19.6769,157.014,
	layer
		node 38.3257,6.45285,-4.35079,-17.0728,15.8404,26.5357,
endPlayer
