// Player96
stat 7
	layer
		node 94.087,-101.073,-53.5598,25.979,-54.3528,141.486,-1.2537,-18.8285,-23.0513,-41.2317,-22.7633,25.659,-109.95,-62.1222,-38.9791,-92.8895,-8.17796,-10.0234,-46.5181,-164.574,10.7429,-68.2716,-46.531,22.1467,28.914,-54.9976,
		node -7.13142,-3.04726,40.5549,-12.0573,5.30707,-70.8945,78.9231,28.0588,65.0099,-3.70578,-45.9253,-4.20543,66.6589,28.5134,89.9299,21.9342,-33.6067,-91.5192,-54.1956,-31.614,147.468,-61.4452,-103.175,-68.6055,-102.261,167.814,
		node 53.562,-57.8026,-18.7727,36.8427,-11.643,-39.5497,-13.0967,-21.1425,-38.5279,8.2768,70.2849,51.6983,30.4903,-21.0567,48.9561,31.0647,34.7811,74.5128,28.12,-10.8167,40.9207,-62.0707,-73.719,-56.3318,38.8547,-40.1845,
		node -113.444,-35.7507,-58.9848,35.4865,48.3966,-109.618,35.4875,-24.7035,-22.1229,-32.6412,58.6887,26.1717,47.7524,-25.3615,55.9752,87.579,-180.082,161.191,-173.534,61.1251,-88.2915,41.9291,-63.2911,-7.6902,22.2154,-9.48222,
		node -41.2319,87.5059,-16.3919,71.5881,-12.2111,-23.3932,29.4866,51.7151,-12.8249,65.4908,17.8386,-70.5809,9.99618,-23.3214,19.5697,36.9473,17.0884,-117.58,45.7716,-110.549,49.6295,-95.2122,-88.8586,-71.3103,51.3875,157.695,
	layer
		node -58.8965,-10.5126,-9.56587,112.096,51.2003,-112.636,
endPlayer
