// Player7
stat 5
	layer
		node -8.59937,-101.113,-54.4722,-69.7312,-54.0348,31.262,3.52242,-20.4357,-12.4372,-32.2825,-71.1006,17.576,49.8102,19.7617,-30.1755,-84.094,17.8523,100.789,-36.143,-160.087,85.3526,-92.8963,-40.8661,23.8742,22.2441,-140.171,
		node -50.8387,-0.0685312,35.102,-16.3601,11.2882,-69.7261,-162.965,27.8135,-52.2047,-32.5295,29.8044,-15.3417,-17.1647,-141.948,92.0464,43.4941,-34.6766,64.3284,14.4091,-29.8633,56.2739,-97.6368,11.4669,-69.2307,16.8044,149.021,
		node -145.253,-45.747,-19.492,41.0174,-15.8951,-30.4245,86.9798,-23.0316,-34.0582,-21.6759,46.2508,-96.2588,16.6171,-16.9727,49.3546,33.2736,32.9449,-38.9402,27.3171,146.125,39.7774,10.2439,-70.9969,-54.1736,70.2946,-40.8835,
		node -114.983,-34.812,120.849,46.051,47.7276,-120.716,91.597,40.9921,-23.1116,-32.597,55.1519,-133.489,50.979,-25.2267,36.6381,90.3848,73.1992,162.076,-175.682,25.5611,-72.1569,-111.553,-33.0341,-17.1941,58.9173,2.48857,
		node -64.9987,90.688,-49.5349,47.0432,-17.3419,-36.2842,-21.1899,-72.6499,-29.1052,61.6161,-8.99871,-125.905,-56.6679,-23.996,15.9268,-19.5487,-3.51446,-116.931,2.89338,-98.3281,30.9336,55.7317,-90.5748,-65.5653,-19.1741,-14.7623,
	layer
		node 48.5485,18.8005,-31.9511,110.524,149.951,101.1,
endPlayer
