// Player19
stat 9
	layer
		node -130.316,-181.616,-116.146,-66.4999,30.8775,117.782,-129.105,-64.1478,13.3476,203.835,-102.551,-128.757,179.303,-167.116,-17.5695,-52.8142,-30.7945,-119.286,-151.369,-76.0206,132.842,-78.0878,17.5705,-151.019,8.99707,180.442,
		node -149.927,162.321,-183.367,-120.145,162.258,144.416,111.583,-119.45,-64.4311,164.706,-8.63238,28.8247,-202.313,-167.507,-99.2933,-185.962,10.4186,19.5024,-110.439,125.644,-114.701,-110.039,112.302,-85.9086,23.9144,151.91,
		node 18.1836,-53.3762,115.014,-104.861,81.6866,51.5996,181.53,38.5427,-189.516,-127.073,185.644,-125.462,-76.316,-105.428,39.1442,-162.95,-201.683,-164.268,-60.9113,11.4854,71.8944,57.0385,-95.5517,-90.9793,57.9509,-154.205,
		node -75.1205,-114.847,62.0195,157.389,-117.973,-126.574,-88.5974,-182.328,-111.502,-111.388,-248.805,-156.275,-53.5061,-166.536,-74.724,-149.885,171.791,163.229,199.285,-109.322,-112.999,162.288,-6.79451,-68.1054,-81.476,-119.969,
		node 72.8316,-120.88,-115.19,-69.4687,-75.9547,-27.9893,-112.785,164.273,279.892,157.822,-18.4386,8.30846,-70.6756,152.548,-19.6438,-144.322,-132.251,20.7123,-106.569,-112.048,-128.922,261.548,20.3209,-145.155,-102.777,-132.019,
	layer
		node 160.585,-47.4865,-193.049,-40.3741,-86.4721,-221.915,
endPlayer
