// Player75
stat 6
	layer
		node 143.327,98.8689,-193.538,-177.111,-174.617,-67.1321,35.1696,-72.7354,-147.775,69.5653,-102.494,-127.36,144.888,266.313,-106.832,-172.802,-78.1991,-124.196,151.158,-179.107,-105.768,-181.341,32.155,-96.6207,19.8293,64.6839,
		node 184.686,-81.8436,-184.491,-45.2295,115.986,-139.869,124.842,52.0051,-28.372,-76.3268,156.311,22.8646,-72.7585,84.0511,-98.2815,139.651,-108.925,-8.98852,-112.096,25.7535,-104.838,-119.722,67.7592,-121.128,18.5676,155.003,
		node 17.8139,-172.314,-103.413,-209.027,-110.332,106.627,-36.7649,203.948,30.6614,-135.07,177.412,143.651,54.505,-123.684,-58.8784,208.795,-215.219,-174.768,-86.1582,-116.62,-144.563,-74.3071,142.481,296.294,47.17,-152.847,
		node -68.2516,-99.7335,73.2824,143.61,-132.745,160.559,-165.754,19.7436,143.202,-107.653,-184.942,42.3839,-219.038,-72.7988,288.435,-86.8885,-139.671,-110.857,-52.3456,-81.8399,-107.987,-81.194,-72.9681,-90.6665,-118.264,-16.7205,
		node -118.527,-154.155,-113.142,35.3608,-78.6694,-120.997,-13.9148,10.993,-83.1066,164.026,-30.1001,7.16835,-64.4706,158.666,-12.9405,36.3296,19.4646,-76.5214,-207.104,128.853,132.015,138.506,-146.51,97.1267,139.684,-133.837,
	layer
		node 26.8026,-92.941,119.801,-31.378,166.914,197.461,
endPlayer
