// Player85
stat 7
	layer
		node 33.0732,70.3974,-106.143,-25.1886,-10.111,-38.0278,7.17294,-146.662,-52.2396,-132.534,-81.8455,48.7906,4.24849,85.9024,-125.345,34.9418,-22.4218,71.8753,80.2564,8.88776,-5.45883,43.8635,-64.8883,11.9285,-71.56,100.713,
		node 65.7352,103.374,-93.2787,45.9751,-74.2325,-103.821,34.8084,-126.097,-125.441,-78.0097,-148.273,-101.174,71.3975,-116.601,-94.6738,-85.4526,-50.6486,-30.4193,65.0248,10.7671,81.8866,40.9272,44.8812,-27.5598,-153.516,-174.628,
		node 97.1168,-140.521,-45.7406,23.3538,-100.904,133.143,-152.437,-41.7476,106.684,-69.1364,-97.5527,105.422,-23.1227,-150.678,-34.4522,-81.3312,-8.75791,-1.41001,28.051,-53.6221,-40.3638,61.4637,-6.94506,-41.604,101.83,-80.7424,
		node -39.6282,91.5532,55.0323,-168.938,-144.341,27.6931,-137.068,-56.1444,51.855,-43.2669,-62.2519,86.6064,59.2155,-123.757,82.3283,-72.678,-54.7882,121.881,-0.706237,-99.4517,17.8791,-16.7791,-57.4546,-47.5005,52.2207,-24.1747,
		node 92.2348,69.9754,-115.651,37.7791,-35.9293,-17.3312,-102.481,50.2722,-59.2438,-42.0404,64.6956,-15.3616,25.275,-32.4999,-147.455,68.1862,99.8088,108.506,38.2144,-77.1953,17.4707,27.9297,72.8069,-4.36088,-62.4677,43.795,
	layer
		node -88.4922,35.1805,-63.5773,81.5147,-131.999,-140.084,
endPlayer
