// Player48
stat 7
	layer
		node 15.6633,-47.106,20.9701,-30.0298,-53.6523,-34.2767,18.2999,59.5277,-25.1899,5.47482,-61.059,17.9615,-23.7191,-48.0183,-5.71232,-0.773115,24.7234,-16.7038,22.7974,-14.0845,0.732955,26.1067,-4.76995,59.6342,-51.4705,21.5012,
		node -18.7314,-2.40543,40.4353,-18.7564,-9.17442,-4.64855,12.7856,30.7277,58.0621,28.3206,8.53541,-29.376,9.10393,0.0779031,-14.4064,-27.4114,33.6427,-22.0118,2.78615,-3.32207,28.3643,2.95151,29.5776,-39.5652,-17.1601,3.6506,
		node 3.95646,11.9069,21.9111,4.043,23.1605,-5.86442,11.2665,-5.20022,27.9344,-0.127883,28.8111,28.6598,-23.5748,-38.4841,56.9539,-54.3374,2.05491,-6.72766,-42.6308,-4.27723,15.968,8.78612,22.3523,-0.137229,-21.1171,59.3263,
		node -37.7257,18.4831,41.5303,27.7722,-5.4757,-1.70407,22.8159,-43.8383,-42.3596,-8.04046,69.7321,-59.7121,-6.95111,49.5658,29.6473,-33.0187,-28.6427,-25.2642,12.0113,-30.0621,5.76911,4.02374,45.7323,-8.19304,10.5427,-1.24432,
		node -25.2682,16.9498,-46.9535,20.4758,9.94777,10.4038,4.48922,16.8278,16.31,-7.78618,2.81674,41.4588,0.0362328,-31.4632,30.7966,45.7385,-6.32388,-50.5281,49.5192,13.3061,-12.5197,-2.92464,17.3035,-32.8384,-7.81742,-8.10626,
	layer
		node 5.66567,-11.1537,61.905,-7.82592,-12.1967,52.2719,
endPlayer
