// Player73
stat 2
	layer
		node -2.80788,-38.3443,35.9579,2.01868,-3.77897,27.7068,-33.439,-0.808999,-21.4649,-47.7492,-44.8946,19.6756,13.3733,44.1869,4.27582,15.4876,82.2461,15.0997,20.4384,-25.4731,-15.4338,22.601,-1.39734,-12.9319,57.3599,46.3945,
		node 27.6376,5.77868,-13.6557,-5.74816,-58.6443,26.6874,43.6287,-41.5285,-18.8305,-51.5825,-58.1217,15.1412,1.11253,-12.7675,-11.6315,37.008,3.55878,51.2789,3.55596,28.7102,-21.343,-3.78815,39.6107,-28.1122,-14.4668,13.2446,
		node 25.8245,7.98075,-14.8395,-32.6144,32.2201,-38.5097,21.2067,-3.23916,26.8396,9.14844,12.9068,-21.1788,-41.8035,4.20455,46.4676,32.3635,-9.08298,6.2336,-37.8903,24.0515,25.8664,-60.3883,-4.01592,2.6803,-52.7875,15.7308,
		node 70.241,15.7114,-3.74859,5.28339,0.109063,-75.4191,40.8202,-27.2077,-71.1522,75.6395,-15.4162,26.4087,-30.6528,50.3618,-29.8561,-6.10933,1.05064,7.42692,9.23552,-16.2252,25.3749,-40.4596,-26.6015,-14.5378,53.7314,22.6332,
		node -13.3208,67.5123,38.761,-7.12585,-23.6429,-6.19473,2.36777,12.0375,-7.34002,2.123,-10.6203,-52.3313,-3.42717,65.4345,25.9178,71.6352,-11.8097,-4.44194,-61.5344,0.0866395,24.2603,-3.65277,3.40651,5.85746,46.8682,-11.565,
	layer
		node -58.0639,-4.73083,57.3889,-4.57891,32.7276,-19.2101,
endPlayer
