// Player94
stat 7
	layer
		node 112.749,-9.96058,12.1246,1.6404,9.78156,-9.09395,7.92036,-9.07544,13.8348,26.7029,-0.334625,24.0208,38.5488,111.719,-2.25021,20.5425,15.5963,-51.477,78.2741,-59.7911,31.087,-4.33366,-17.8881,-65.9849,55.282,-102.029,
		node -31.0075,13.8278,112.696,9.33903,70.648,49.9375,111.187,-26.0038,25.9082,-2.01807,41.8139,-13.6743,-88.1354,-30.9068,-2.5866,55.8051,55.7121,17.6697,89.0734,35.5256,-41.648,121.759,62.1887,-57.8096,6.47972,54.3439,
		node -1.82436,-14.7673,-123.735,119.381,66.6291,10.2783,-33.1371,-27.5081,117.634,-105.279,18.0446,-59.5491,-5.1101,8.42581,44.3302,-37.8517,81.0584,-58.5328,5.52227,-4.8142,112.282,70.4513,-44.3936,100.468,44.0899,46.1138,
		node 74.5877,-76.7619,-14.033,104.161,37.4645,107.357,12.5648,-26.9442,6.4418,29.932,-64.0541,-63.7753,74.8633,-59.9611,-29.718,40.8031,11.4632,107.478,14.4986,-107.168,58.7161,-55.6531,-36.9222,-107.029,-3.10882,121.846,
		node -77.3729,-94.5219,-6.71969,-71.8593,-71.3109,120.907,47.099,50.88,-25.1511,-61.778,-47.8307,79.6199,37.6906,-113.958,91.2272,112.336,105.551,38.6498,-81.3017,12.7994,-35.8655,-66.5438,4.29627,-6.28633,-10.4631,8.15678,
	layer
		node 88.4934,-97.893,-33.455,-26.3955,-2.89168,-23.407,
endPlayer
