// Player82
stat 8
	layer
		node 23.9131,25.1026,-15.9423,7.41954,13.1294,35.4207,-28.2696,11.407,14,-19.1078,-47.7869,-27.2592,60.5461,-2.87735,22.8549,51.247,14.4263,9.01276,-26.7632,25.6692,16.5927,23.6083,-33.2674,-5.56715,-19.6563,-20.9042,
		node -44.7924,3.01381,32.8087,-2.79447,-13.4375,-40.3685,-21.0701,28.114,15.1737,-37.1306,-22.657,1.10772,27.3376,-11.7572,-19.9537,18.5685,26.6167,21.5396,17.4588,-29.9705,-26.6456,-21.4643,8.11286,15.1112,-23.4563,-13.0566,
		node 17.48,33.462,56.5743,-3.41534,42.9558,3.65634,19.0079,-43.0931,-32.546,-21.2589,15.3576,-54.4198,15.5471,28.8482,19.8075,10.0294,62.0067,-8.30595,20.1407,61.1529,21.3704,-0.34235,-30.7177,13.4721,-30.8013,27.9052,
		node 30.7718,21.4615,9.83141,-16.1684,59.8985,71.3894,60.6878,-31.2577,-2.50879,9.34469,28.2286,-13.4218,51.7438,11.4553,-25.1898,23.5905,9.92611,-36.1891,31.8737,-6.16279,-18.282,20.426,-25.0013,-36.8788,-7.86651,-28.965,
		node -49.1821,23.2748,71.4559,36.4837,25.8051,-3.84756,8.17248,2.35171,-15.5415,-5.61457,-39.8089,-19.1789,-1.80059,18.3094,-42.677,3.95371,76.6716,16.1916,-1.81538,-33.5847,37.3462,-63.848,-25.0059,-2.51535,37.3608,27.2969,
	layer
		node 6.74092,6.18839,3.98456,17.1324,-1.44483,-0.239715,
endPlayer
