// Player35
stat 9
	layer
		node 8.38258,5.37351,4.33596,-0.146671,-44.4546,19.5801,41.7714,19.0135,15.0162,23.077,29.7261,-41.7118,54.8283,-35.1196,-3.25796,20.3937,43.5086,19.4034,-47.8387,-6.80957,-34.4941,-24.2227,20.7225,3.92803,-38.3717,25.524,
		node 11.2615,-9.67323,62.8123,29.2323,-32.9885,-59.5268,-6.52263,-29.5725,26.8125,-42.5793,-8.58367,-34.8624,63.9217,37.3746,9.75833,41.0377,23.1928,57.1278,-23.2806,-19.837,54.7482,2.60461,-75.4967,12.2529,-29.0824,-7.19331,
		node 12.9336,29.1527,6.99719,-8.87188,15.3267,12.0234,-34.1852,-9.24953,-43.1407,-24.0815,5.1449,-31.3193,21.0064,-5.21341,24.705,3.67241,69.4171,-9.51818,-20.8143,48.7523,-46.9833,23.516,-39.5484,12.8849,-29.731,22.4409,
		node 5.14222,11.5504,-13.2934,59.5962,58.8916,12.5603,27.0732,-4.02304,-11.1604,-17.0385,-21.9384,30.4711,-18.2858,-17.8331,14.8938,-15.3212,3.05877,-17.3629,29.46,13.333,-23.2998,32.8111,-65.0099,-62.8254,26.969,-37.2631,
		node -47.1073,-0.285587,3.03938,33.5425,-4.03155,-3.7921,4.83939,22.3449,12.5426,9.65014,22.1037,5.82768,-25.8908,-32.4919,5.9166,3.48542,3.0666,-3.72921,-2.52009,0.431161,-0.326801,-62.493,78.8399,4.30583,-25.2369,18.8863,
	layer
		node 28.5581,19.9122,-47.7222,62.252,54.5723,18.5434,
endPlayer
