// Player74
stat 4
	layer
		node 1.73034,27.0652,-15.8478,-3.91624,-44.7949,12.2387,-18.0703,1.5513,-16.8063,-15.0369,50.8237,-27.585,47.4352,18.1291,-1.40713,61.3449,25.2427,-8.43851,-18.1761,-9.98146,1.13993,15.9464,-31.777,-41.6947,-53.8295,-16.6248,
		node -7.14474,-21.9842,40.0473,-1.19734,-13.2103,-4.77975,-60.1385,-35.8438,27.4194,-34.5786,18.9792,-21.7901,38.0263,54.6666,-26.0816,-11,18.5046,-23.0262,-1.48663,17.5219,-35.9615,29.3783,15.2949,-21.4257,-28.8215,-10.7934,
		node 24.7857,30.6274,10.7432,-6.1621,47.1219,9.46428,-37.5519,-26.9745,-33.0819,8.83778,12.1429,-32.4748,-74.8861,24.673,18.5574,19.8573,28.6768,-19.3054,22.7834,57.7172,-31.6204,6.69545,36.5484,9.14017,-31.429,41.0087,
		node 6.04774,17.1156,-13.4192,-19.2229,63.3483,-0.588673,56.5115,-97.369,16.273,-22.0046,-23.1469,37.8284,59.0736,80.8983,-31.1996,1.01237,8.9714,-20.5053,30.7344,-8.97521,-15.3046,-13.2568,-27.8763,13.2475,35.8744,-71.1379,
		node -52.4904,46.122,-26.2803,43.0226,-37.774,-8.28932,-20.8791,9.50845,-17.0083,69.3333,-7.21179,-60.3431,-4.62956,-22.7053,6.4523,4.00056,57.6153,16.9002,2.48529,-34.9978,36.7705,-60.2398,-4.54746,-19.9652,-8.71989,19.423,
	layer
		node 37.4949,71.9711,-20.8325,20.2846,32.6956,-25.4246,
endPlayer
