// Player9
stat 8
	layer
		node 18.8198,28.5027,14.308,-0.0461194,15.7338,36.2112,16.128,11.3199,-13.0123,18.3222,26.4133,-27.637,31.4241,-18.5727,-47.3908,58.3529,5.31879,-27.8988,-31.316,-0.22938,23.7465,-39.6198,12.7572,-30.9772,-3.67681,-24.8753,
		node -31.6766,33.8209,32.5511,3.59233,-46.8814,-38.5781,14.5607,-33.2013,34.6062,5.15902,-22.6879,-33.6869,46.8833,-18.428,-24.3432,-18.6456,22.425,20.0053,-36.1523,-17.9151,55.6021,5.03687,1.83754,20.8721,-24.493,-11.506,
		node 1.16033,25.9472,44.197,-20.2333,55.3626,-0.795583,12.8518,-4.75273,29.9665,-19.7184,27.9128,-56.8052,2.45856,28.5622,53.3505,-39.6366,-20.2981,-18.9689,29.731,42.9946,-37.3128,4.1407,-40.6552,13.9654,-30.4157,-22.1315,
		node -0.467124,-55.2064,-4.39673,-11.5676,45.8698,30.8872,-2.17005,25.2266,11.4742,-10.1265,-22.345,38.254,45.1891,-51.0521,-31.9758,-31.6773,12.7116,-38.727,26.6785,-13.8068,-25.7674,-4.20911,-66.9551,25.9914,64.2481,5.95772,
		node -4.27864,18.3638,0.851377,-4.97257,19.9127,-15.4734,-6.07182,-3.5677,4.99408,-5.16308,22.9386,-19.9819,-5.07343,-27.8107,23.7601,-21.7126,78.9264,-24.5328,16.8987,-6.56354,49.0749,24.1052,51.7259,6.35545,-1.50687,27.6065,
	layer
		node 20.7909,-11.6644,31.7474,30.1519,-4.74545,9.97406,
endPlayer
