// Player94
stat 2
	layer
		node 21.802,51.7913,-13.606,-125.131,-18.5944,-114.63,15.1916,72.9832,-22.7748,55.6141,-64.731,-85.4112,-105.68,-34.9691,-69.898,-57.1234,-120.706,126.855,259.943,74.9102,32.7014,82.0134,48.6438,-112.734,100.984,125.003,
		node -140.439,-120.6,84.3773,110.887,81.0354,-209.735,32.6556,31.4803,168.64,26.5697,-26.3393,-75.9707,122.788,73.6434,67.6381,19.1465,69.4935,-145.436,108.574,23.6388,-63.9698,65.8088,139.903,-74.4063,-62.1388,-39.7553,
		node 17.0521,125.618,-115.777,71.9521,135.403,-52.2784,-88.905,-72.699,-35.5608,-104.633,-95.1463,-23.2308,35.2315,70.6162,-167.022,102.306,93.8647,-78.5831,150.282,66.2334,21.9072,-14.2491,-34.2799,27.1985,36.3718,-43.9963,
		node 0.221659,37.3406,-98.9581,112.127,-35.6759,79.5452,-94.2537,-102.482,79.732,-69.6433,230.14,-95.2947,83.2982,155.911,92.8602,246.76,-51.3556,98.5794,140.18,-75.2719,93.0581,-21.0711,38.9228,25.2426,-16.3848,117.134,
		node 217.249,-102.543,83.6407,0.300138,-92.0354,114.592,10.2158,-79.4696,70.5369,-24.8521,37.9723,-12.1433,-115.564,-20.1664,99.8442,5.79497,23.4782,-115.134,117.106,-70.7554,-106.247,-113.425,37.5289,-157.096,-125.176,-27.3185,
	layer
		node 116.849,27.3462,93.7564,72.8554,-139.515,-85.3062,
endPlayer
