// Player0
stat 3
	layer
		node 83.7313,-72.5616,-82.9751,185.772,-42.9339,-23.1717,-86.5669,7.90819,100.163,-114.816,96.8185,65.7102,122.096,-76.7337,-1.00272,157.725,66.4195,-10.124,-63.0466,-19.0554,62.4723,146.662,31.0169,-60.8983,-50.6163,-135.157,
		node -3.23387,0.938107,117.223,156.083,-14.6674,162.494,82.0379,-7.57372,89.5731,154.466,95.351,147.154,50.0912,110.705,53.7254,-143.35,23.4414,-10.8289,-12.3316,-9.79203,105.127,55.2301,73.31,-20.8493,141.768,-97.2308,
		node 103.436,36.4992,19.9977,-92.4188,-24.9068,-80.6162,-14.8687,-23.0117,27.7191,-19.9646,-143.083,-77.922,-95.5866,-38.2644,-12.1293,104.049,-20.6411,59.575,-74.6337,71.7518,16.8719,178.026,-21.8425,4.0823,-133.81,84.6543,
		node 52.2938,187.019,-57.2682,-119.939,117.424,-58.7195,-66.5433,-130.439,96.5694,101.511,170.532,-18.2026,67.2425,-96.8176,-51.1625,-34.4972,-45.3477,-72.319,-83.4909,-10.9662,-97.34,106.454,47.314,-3.07292,-79.1009,50.2292,
		node 129.792,-69.858,-9.38975,53.7122,-62.0397,50.2557,-79.7055,30.3177,62.9562,-102.189,150.197,132.56,125.673,196.7,-28.5581,36.6931,-59.3002,17.59,108.026,113.668,-66.481,96.7844,38.0173,-76.72,-86.3561,153.054,
	layer
		node -115.113,-102.873,44.5399,-112.794,-133.654,-75.2876,
endPlayer
