// Player25
stat 7
	layer
		node 18.4781,4.52232,10.717,10.2643,18.2718,-61.3421,-41.3931,-19.4401,-17.5273,1.95499,-1.3554,24.8503,20.2628,37.0046,57.2429,-4.98132,-76.8573,-24.1724,6.93647,40.0423,18.6183,-14.2105,-54.6746,-8.36716,29.9298,-3.88268,
		node -2.65087,70.6427,15.937,3.75348,73.4759,-3.78217,-70.0997,19.234,63.2155,-9.56541,12.3324,88.8722,82.5143,48.9859,69.9845,38.1956,-16.5637,-29.7421,-1.81409,8.79235,-8.63143,-27.3139,-30.3007,110.431,-22.6001,1.00303,
		node -60.3531,-43.5684,5.60084,-35.7802,-3.65632,-10.8626,35.5387,-15.1327,6.5964,40.7851,16.2451,-76.5263,46.0497,40.4157,-9.21312,-15.3136,-13.0075,-147.605,-11.8982,-25.8373,-18.1912,-1.67216,35.3619,-58.7974,-20.1704,-28.131,
		node 22.1851,16.2279,24.4298,34.8736,-16.3997,-11.3588,13.3423,50.2531,-40.9832,11.8583,-67.2931,99.5998,-25.7062,-0.285755,13.807,-1.75765,56.4591,8.44181,21.0072,-99.5857,-95.6871,0.827467,-16.9067,-15.3922,-52.2489,-2.95689,
		node 17.7919,13.6189,-28.02,-98.0497,11.9501,-8.97052,-18.0999,6.60036,11.1832,22.3164,-20.327,-37.0036,66.8574,-48.9512,25.4358,21.0529,-30.0236,29.135,15.4352,-125.237,-74.1505,-48.3195,-8.32261,53.1345,40.7963,-25.1987,
	layer
		node 68.0102,-101.488,-31.4344,9.74887,20.6665,70.7515,
endPlayer
