// Player76
stat 6
	layer
		node 197.696,185.703,160.545,-2.17336,-61.8211,10.0282,36.5091,25.4972,24.3571,-106.156,61.7411,87.0342,35.7771,81.6219,57.9268,-85.9192,32.7904,-34.0563,189.948,-13.4048,-73.6485,-82.0064,70.5656,39.0372,11.6647,-12.2425,
		node -114.094,-93.2637,21.6562,26.6112,239.762,201.045,-102.526,-23.15,-19.6997,-88.3667,-51.0801,187.761,-84.4241,17.714,24.6276,11.5881,5.78362,47.5567,62.5487,-0.8233,3.91314,-45.3667,48.2729,26.4528,-12.1411,-37.7898,
		node 169.764,178.245,16.8108,48.0653,47.2374,-23.335,-19.1524,22.6201,85.0943,-162.541,39.03,5.67506,45.0667,-7.04212,2.08285,-81.3697,-63.7982,82.1057,6.88147,55.828,153.964,-18.701,37.8659,22.172,-7.85263,-75.3374,
		node -119.737,-117.536,-103.574,73.3252,-100.764,-72.9952,92.4513,30.296,-71.3636,0.70425,57.0542,16.3787,73.2399,28.4779,100.9,-25.464,-24.3065,-170.608,59.9982,-54.3847,18.1255,-25.9597,9.19069,46.4869,-1.44358,203.064,
		node 41.0354,203.331,-42.9752,-51.6982,85.3799,22.6445,-2.00968,-114.424,14.6188,15.7991,19.4058,52.7488,-81.643,-120.408,-33.939,26.8978,177.012,9.57941,125.435,44.8948,23.3219,8.27718,-51.6822,-10.6255,-45.9278,-147.935,
	layer
		node -86.8527,-42.6652,21.47,-8.3373,169.126,14.4685,
endPlayer
