// Player62
stat 5
	layer
		node 40.0186,62.739,37.9057,34.2669,92.4561,-41.8958,16.6039,54.4244,28.0514,-20.6246,-62.9943,-19.6452,-23.2673,73.9643,-17.072,-45.1557,25.0221,70.9508,44.6089,-33.0507,-32.597,-1.90534,79.9642,-8.12931,-84.1312,-39.8741,
		node -107.401,-68.1316,-86.0981,74.9959,27.3492,-88.3992,63.61,-30.2739,-7.88787,-89.7941,-60.1732,-25.4081,-87.3061,-56.7486,-12.69,-22.2219,1.31734,68.494,-64.4717,71.1187,78.3855,-52.7795,-41.187,31.3335,2.83772,-95.6859,
		node -132.983,46.7194,77.8822,70.642,83.6573,-50.1858,-21.5633,15.1227,-32.8705,105.565,0.918507,37.7164,75.219,-24.9079,-45.6426,-57.6503,69.4404,56.104,68.4893,-10.4113,70.7868,9.16172,-58.9637,-49.0423,106.41,-29.0174,
		node 91.9794,-60.2738,42.2414,19.0361,61.6017,-1.72598,38.2824,-137.482,-12.8474,-8.33691,25.4621,-18.601,9.13615,78.4641,-72.6136,25.4759,-61.7708,-28.208,60.0672,-8.38253,28.2799,75.4935,18.8439,56.1648,71.3237,13.8388,
		node -10.989,-45.6211,69.8718,-41.8962,20.6572,25.274,-43.9315,-0.758179,57.6916,60.5401,19.841,-19.1704,30.3385,-40.869,-31.7502,8.72414,75.8608,-12.4243,64.1042,-69.3806,47.3073,10.5179,-19.4201,-41.589,-66.6294,25.7024,
	layer
		node 80.1814,-47.3546,-51.5158,-44.7139,-37.4013,-13.9466,
endPlayer
