// Player56
stat 7
	layer
		node -91.7256,-209.686,-167.989,-115.791,-121.528,-116.062,268.846,-162.562,-88.9518,-260.768,-134.904,-152.838,-110.829,-161.856,-153.249,-172.661,-59.8735,-95.9094,-110.772,-219.074,-52.8887,-165.246,-109.987,-208.026,-265.352,-137.137,
		node -146.854,-125.193,-175.941,-136.877,-171.63,-150.902,-165.055,-211.603,-123.516,-169.967,252.685,-232.814,-123.755,-44.6489,-144.876,-30.6793,26.9332,-92.5478,-147.193,-84.3907,-29.165,-71.5042,-84.3948,-113.401,-87.6182,-143.617,
		node -124.91,-117.999,-80.9711,254.978,-193.224,-160.04,-57.1003,-93.7835,-104.382,-159.416,-118.79,-185.461,-160.484,-40.3562,-133.904,-223.104,-94.4714,-22.9372,-168.881,-87.4216,-148.793,-32.1726,-105.681,-29.9848,-70.6169,235.215,
		node -90.2121,-131.156,-86.2586,-0.197932,-55.2455,-88.305,-232.837,-159.808,-120.642,-232.095,-45.3255,266.397,-154.586,-101.511,-141.904,-82.818,-99.5235,-33.2921,-126.954,248.916,-86.1822,-247.491,-201.653,-174.292,-30.4769,-149.896,
		node -56.3356,360.962,-68.763,-246.031,-157.182,-86.8051,-130.57,258.119,-143.467,-92.3121,-107.619,-130.827,6.82923,-116.582,-108.38,-140.526,-114.162,-113.028,-71.0609,-121.348,251.003,-130.464,-150.069,-39.0025,-95.333,-148.878,
	layer
		node -91.5402,-146.842,-218.386,-141.644,-120.033,-112.267,
endPlayer
