// Player57
stat 8
	layer
		node -92.2965,-174.9,-173.306,-101.299,-164.852,-116.546,295.392,-94.5058,-90.4353,-46.959,-135.381,-27.7333,-111.382,-83.4218,-153.009,-148.839,-74.5784,-94.7164,-112.75,-216.976,-59.5123,-183.741,-112.731,-59.9378,-264.321,-131.264,
		node -115.954,-225.378,295.944,-191.239,268.585,-31.8359,-188.266,-65.0543,-138.946,-167.408,251.98,-155.737,-65.8868,-155.361,-135.596,-169.466,25.0812,-36.1982,-183.972,-83.1902,-142.307,-76.1439,-175.699,-113.103,4.9447,-78.6477,
		node -125.194,251.976,-150.137,-154.704,-171.923,-99.8461,-54.4446,-226.798,-171.159,-131.232,-120.467,294.913,-12.4844,-38.8321,-135.663,-222.33,-70.7863,-17.7023,-225.459,-90.3971,-108.498,-81.555,-104.184,-163.323,-70.5116,-30.5177,
		node -224.93,-128.919,-90.7627,211.625,-53.8737,-137.895,62.2786,-162.057,-239.501,-232.75,-64.8731,-125.452,-162.946,-125.875,-142.631,-92.6241,-86.4076,-30.6732,-159.175,248.18,-83.5562,-15.1398,-195.231,-106.077,-40.4733,-56.7898,
		node 225.164,-187.925,-67.5144,-251.907,-158.471,-228.069,-183.435,-23.3704,-154.435,-78.3747,-93.1397,-129.899,-205.162,-114.239,-158.529,-138.992,-113.738,-120.576,-23.4654,-126.126,270.052,-95.2766,-25.6473,-41.9665,-102.147,-145.459,
	layer
		node -160.154,-129.259,-175.091,-171.612,-119.449,-146.809,
endPlayer
