// Player25
stat 5
	layer
		node -17.0001,14.2628,7.50956,44.775,-7.44446,9.73817,-33.1326,-9.06995,11.3675,14.7228,-17.3419,48.9427,-18.2512,5.99592,-34.8536,58.1086,3.34761,-16.045,-20.2674,0.398425,-59.7453,3.6437,-23.8351,19.3485,17.649,1.32743,
		node 46.7032,-7.28742,40.95,-110.098,-63.4207,-72.0891,22.6588,-4.98354,-36.0833,-53.5961,-1.82716,-22.3684,-35.3729,12.1453,7.55978,8.04371,-91.5037,-32.6461,-8.85309,-29.728,-0.511618,27.5202,-68.134,16.7817,16.0927,14.26,
		node -9.08643,-21.026,9.51262,30.4967,49.9971,6.35358,9.49875,31.9107,29.4414,-20.9813,31.855,28.9756,49.4132,51.4237,-38.0467,36.0193,13.9764,3.14855,15.042,3.00043,-7.09278,8.84648,-10.3738,45.0057,-26.6666,-9.45095,
		node 5.00728,6.26805,-37.4011,27.3106,27.1293,-19.8967,-14.7075,-18.8642,-10.0182,31.5257,-8.48364,62.5045,9.78484,-11.5931,19.595,-3.54406,57.4859,-17.5167,2.10092,19.4838,4.49766,17.7527,45.9467,36.0681,11.5746,-41.2455,
		node 30.1363,-8.80631,0.576654,-9.33665,22.8247,43.9123,-12.48,-43.857,36.1383,-8.9494,44.7774,-7.74235,11.9747,-47.1512,-5.50829,25.8849,22.8189,-0.0327735,6.29846,-37.0161,57.4725,-88.5078,-43.6522,-24.8269,19.4162,-39.781,
	layer
		node -25.2817,-40.6961,-40.5515,-13.9381,1.39304,1.61421,
endPlayer
