// Player18
stat 7
	layer
		node 72.5207,-12.5584,-80.4282,-10.6709,-44.3864,-110.492,-95.3468,-218.391,59.0065,249.159,35.0192,-80.8346,-119.49,-70.3037,66.1403,149.658,-29.8099,-155.107,-185.9,144.05,11.7207,-186.1,-19.3567,42.479,-121.797,1.05739,
		node -33.0793,-98.9135,-79.5749,23.8108,74.8445,-80.2401,-53.1446,17.7742,82.0592,10.5113,1.16475,-7.91239,12.0801,97.4628,-115.238,-144.282,108.561,-139.489,163.522,-88.9587,-146.532,-82.2945,-36.2651,-138.999,46.6608,-197.953,
		node 8.83314,5.32231,155.262,-117.152,131.13,-58.8296,-72.7174,113.559,10.363,66.5084,-6.20816,-83.4052,-13.4907,-3.53459,-0.468063,-41.6208,-27.4206,-5.65143,-24.8328,-118.612,-112.746,90.2157,122.261,31.4873,2.27408,10.0619,
		node 41.5906,-4.09346,202.649,-131.498,-46.3961,-15.472,-174.432,-21.6884,-103.689,-108.965,9.24135,-155.551,-133.511,-60.6627,135.759,-40.3087,-67.0169,47.3865,30.2589,-57.0205,-136.692,-93.021,110.801,80.3704,28.7013,-101.116,
		node -46.3821,-7.05627,-58.1523,117.396,53.6839,-42.0072,-86.3475,-82.2252,-73.4907,-33.7711,19.1115,-16.0369,-97.8681,-195.189,-47.5685,-81.3917,-167.383,-13.8263,160.704,-59.8647,-9.30434,20.8803,-25.9889,0.419662,-118.642,-146.751,
		node -185.564,28.0677,78.2281,-41.6259,34.0193,-91.644,-182.878,-95.4633,-7.31271,113.013,41.6409,10.39,-45.1407,-60.4601,-0.864136,240.383,-88.2157,-51.909,34.9114,-1.9898,-8.68322,-73.8258,149.647,-36.0705,76.9394,18.3106,
		node -27.941,-185.739,-174.926,-115.319,-53.4281,83.7064,-60.531,-46.992,-72.4658,-240.038,-10.5605,-9.32911,-27.4339,-71.3465,-155.403,-136.242,-63.1966,-79.4086,-13.6246,-59.0936,22.8955,-72.3955,155.264,-133.05,13.6317,61.687,
		node -110.407,-77.8008,-139.814,86.4699,-115.844,-99.0216,23.939,27.8308,33.9005,153.367,-51.5087,50.2751,-114.352,134.298,119.755,113.923,-91.7019,-40.9048,-2.91706,39.192,6.53767,100.742,23.2819,-95.0012,-16.3065,-15.267,
		node -137.536,-2.50532,-31.2719,-122.973,-4.8544,-122.426,22.7005,-90.8199,20.6676,114.737,-89.5666,59.6389,107.249,-54.6681,-59.1151,24.5798,-43.3903,224.807,-174.075,35.4313,-54.179,-177.249,28.6152,-179.511,132.549,-3.51668,
		node 133.031,18.1423,-7.5294,42.3698,1.59423,149.86,45.1573,-105.433,-140.351,144.118,-6.18527,-45.5738,78.5952,167.024,14.6843,-150.929,-37.5927,-91.7906,-8.3148,-47.0864,-74.1923,-66.4846,37.0998,-41.1778,-31.9679,72.5265,
	layer
		node -59.0101,23.2608,159.415,-47.7178,-150.945,51.9105,-126.858,-41.3003,-40.5687,38.4396,-109.527,
endPlayer
