// Player39
stat 5
	layer
		node -73.6857,-2.82231,-39.7383,26.7639,21.9108,54.1388,16.5344,16.3263,78.5791,30.7523,23.4248,-39.7333,-97.968,5.77519,20.9699,40.5934,33.3433,21.9801,40.6059,58.4321,-11.6057,6.56043,31.8877,-38.997,-36.4207,23.5024,
		node -37.0652,-14.4616,20.9331,60.1276,-32.846,9.54731,16.3331,6.34956,65.2431,-52.9018,-22.5837,13.64,5.77117,67.54,67.0242,-87.2112,31.8461,59.7353,64.3362,13.4336,41.4754,101.064,-13.7713,45.7288,52.6012,57.644,
		node -35.2078,-12.0145,93.5143,-13.8662,-23.2842,-9.73958,35.5224,25.725,-0.550475,-30.8313,22.2263,-29.475,58.0572,78.6545,-22.3417,43.922,-43.6659,-12.8935,72.8471,42.9276,-6.60499,23.8182,-32.7182,13.8534,71.6741,-30.4279,
		node 63.4827,6.98645,0.0316785,-2.9511,0.449292,42.329,18.7728,19.1885,20.8038,23.8306,-51.2178,-30.236,28.2051,-0.622541,36.9344,4.67696,4.83148,45.0502,69.7131,19.3101,51.1739,41.4972,7.47044,12.5175,27.2177,-39.7024,
		node 4.78854,-23.9623,10.7,21.6377,-16.7442,63.0028,-38.4067,-33.1746,-24.7601,-62.9184,3.26535,40.5934,25.451,-5.84587,-38.8791,-62.1487,-21.5031,-83.6103,48.8619,34.6364,-21.5897,29.05,79.3522,56.3677,-18.2594,-35.0247,
		node 74.2471,-19.4016,-144.826,-61.8557,-34.3109,-20.6596,-51.0956,0.917223,-40.3202,-55.4556,-120.017,30.1103,42.7751,-1.13933,-41.6915,14.8543,73.464,-77.1233,25.2499,26.3165,-31.95,-64.5348,107.272,6.48117,-40.1517,-39.5425,
		node -32.376,155.95,7.47402,49.4576,33.5857,38.1482,-26.5603,6.63866,-12.8931,66.2901,-30.3991,70.0836,-6.1438,51.8901,23.8104,36.9126,30.9884,-82.7667,-31.255,-101.202,10.1863,-36.0757,14.1,59.3238,-12.2261,21.9163,
		node 40.7535,59.5886,47.4036,23.1171,46.3712,14.1949,30.1084,-26.9907,-35.7934,32.7985,-31.5999,20.4552,11.8522,-5.71745,-27.2971,68.8656,37.0767,-35.3924,42.8949,42.0116,-35.6105,21.1809,-21.0355,30.4336,52.0722,44.2367,
		node 17.9127,1.95202,30.9517,25.9274,69.84,-35.2815,54.1251,83.3572,75.3336,39.4244,53.8659,-38.0112,51.0811,41.2278,13.6099,-141.367,-14.1717,-47.9519,71.5887,-118.53,52.6277,54.5695,-30.382,67.8457,52.978,59.9957,
		node 15.3929,47.0266,-132.439,-2.85512,24.971,20.7177,-40.0758,-7.27312,-44.0945,57.7732,-45.9759,-18.2573,4.09642,21.1491,88.6667,79.7872,25.0878,60.1922,-27.0129,28.1566,-24.2411,21.4166,-6.01101,-15.0621,17.4167,-6.30336,
	layer
		node -24.3722,-56.7788,-48.4186,63.9273,13.3179,5.4816,48.9437,54.713,-41.0149,-29.7354,-0.79711,
endPlayer
