// Player98
stat 8
	layer
		node -20.6938,50.4166,-50.6787,-39.888,19.365,27.6704,8.47432,-45.9422,-0.754777,-1.00907,18.142,-50.6233,-9.73214,48.6491,-14.1273,4.16527,33.1455,-23.6973,55.8702,5.02487,26.8296,33.7233,1.87896,40.4557,29.72,24.0336,
		node -30.7899,3.59713,-12.0813,-14.8918,-21.9138,19.0078,-26.3908,-17.7234,23.8653,-44.3044,-20.6683,-33.4364,35.2024,-27.9165,5.00834,-29.6617,-11.9875,4.77269,28.8124,-16.865,-14.2702,-4.4075,0.842674,30.4608,2.58481,-4.80093,
		node -34.607,-25.8901,-16.296,7.55537,2.06759,-9.56178,3.90446,-7.52174,7.34025,6.85305,-37.4472,-20.3654,58.6827,5.27287,39.4357,59.4795,30.598,-11.7595,14.74,-9.23771,9.74572,-11.3638,-25.916,48.3437,8.18991,9.70405,
		node -16.2135,-52.0588,6.35731,-66.4864,-0.468985,-18.1619,33.2823,9.76025,9.58991,100.584,-6.69051,6.41918,-27.9003,-48.491,-4.00051,74.5863,-30.6864,-10.8733,-31.9923,14.5494,-29.1289,18.043,-7.6682,8.35114,-9.45931,41.5778,
		node 48.9126,-34.5755,-11.2684,38.8985,38.4708,-11.8205,-19.9299,92.4557,9.61034,-27.0235,-0.111623,-33.0867,13.9935,-25.3648,-7.82358,33.7845,-27.4502,-3.76751,41.475,-13.6063,3.89735,8.92172,26.6282,6.72956,48.8285,36.5713,
	layer
		node 51.9867,-22.1445,-13.1457,0.354443,-18.7964,100.235,
endPlayer
