// Player22
stat 8
	layer
		node -49.2696,164.673,72.2563,67.7383,-16.072,236.414,174.307,-144.797,-379.756,-345.814,-111.535,201.054,-55.9751,-196.412,155.645,-12.4525,-51.462,75.7153,188.96,-164.443,-7.01341,-186.844,197.99,-112.292,-165.983,-123.728,
		node -62.463,111.778,-40.6663,-0.130562,161.058,13.8956,65.7581,103.629,-65.9024,107.125,-125.812,26.183,-184.475,-212.537,-257.525,63.8524,-12.5808,136.011,92.843,-104.784,74.0292,106.24,-133.229,-157.057,-78.7568,163.722,
		node 24.4736,242.229,11.2763,-217.661,40.7322,76.6896,-61.2158,-138.736,152.069,-101.223,-58.9031,-72.4365,-195.467,108.865,-76.091,-143.045,89.5919,-119.153,-25.6108,-87.3232,42.8093,-251.708,32.1529,85.3879,-26.9287,208.283,
		node -74.6588,-329.381,93.8859,141.902,32.9966,99.1144,28.2418,192.08,-195.087,118.95,47.3446,97.617,164.951,-21.2763,-268.021,81.8246,65.0424,-0.817646,-154.251,202.635,64.2316,-116.942,45.4938,-232.936,-107.458,-6.1724,
		node 88.5999,-19.9278,113.209,-64.12,7.58533,-195.201,-196.138,-67.7495,-213.652,4.99938,-147.735,-45.1162,-216.976,-213.855,-44.8043,35.9317,-131.979,48.0669,27.513,-207.399,-63.6153,-129.568,73.9887,-198.88,-201.204,-25.6554,
		node 140.442,211.318,-184.96,-216.219,9.76529,-224.557,125.893,225.667,33.0325,23.8899,-73.7114,-125.499,-28.3994,-145.59,-193.226,-374.612,-111.624,71.5281,79.947,205.84,173.993,-215.405,136.528,-4.1416,43.0538,11.765,
		node -68.0075,-152.236,162.621,142.212,67.7617,-48.4232,100.334,16.4421,165.482,-229.225,130.505,-138.328,-91.6129,-378.912,125.068,-143.48,154.862,129.566,15.2144,-14.5329,40.4795,-63.5119,191.178,-28.627,28.9351,28.394,
		node 12.3944,-181.149,92.5176,-216.368,-320.099,204.398,-197.682,24.9865,-112.877,81.0487,39.2577,86.5068,-172.187,-138.684,-270.556,105.924,26.4729,149.719,-71.1699,-57.8829,66.3568,90.0107,-109.815,-198.42,-100.383,-126.56,
		node -27.4085,84.7765,70.1895,155.505,24.6454,-167.586,-247.549,-387.803,159.094,-19.8909,-181.35,-132.774,-81.473,-51.1552,-252.764,41.314,-144.234,-130.102,-404.505,46.4659,-124.295,-246.749,139.314,184.961,104.048,-6.87188,
		node -36.2493,90.0005,199.159,144.382,167.905,-44.1897,124.681,-98.7796,-88.1685,179.082,-211.738,-42.6517,130.101,97.1411,-235.774,-39.8126,-64.0999,-23.5258,104.766,-160.172,-12.4203,64.6848,86.5351,25.8849,-85.8314,110.183,
	layer
		node 125.068,-43.5636,-234.082,62.0475,97.676,4.77742,-19.9114,65.2273,40.3931,199.307,70.0281,
endPlayer
