// Player23
stat 7
	layer
		node -57.7528,171.925,73.4132,69.7231,7.58595,67.6491,175.555,-139.439,63.7979,-345.209,-81.5031,197.589,-31.7122,-199.936,169.234,109.505,-64.0448,67.4532,190.771,-193.683,79.1038,-179.905,70.0972,-110.204,-168.548,-126.508,
		node 125.155,110.82,-38.22,0.103352,75.4878,14.9103,66.9884,217.101,-64.9047,108.946,-126.268,24.4047,-183.251,-45.4921,-252.995,60.0474,-9.34607,137.381,91.9747,-98.9238,85.647,89.2434,-142.434,-156.512,-81.8629,179.208,
		node 23.8951,55.9957,23.5479,-207.762,71.1303,90.3057,-69.9113,-138.161,-38.4753,-216.539,23.116,-76.076,-207.476,114.344,-83.7483,-128.059,73.4612,-106.167,-25.9258,-82.2026,42.5279,-240.822,-169.644,94.7493,-35.6756,208.372,
		node -75.3961,-343.931,92.2764,148.876,34.4051,82.1748,30.1637,192.237,-194.754,104.549,-28.8979,97.254,179.286,-24.1573,-277.411,73.0629,78.3981,-8.54616,-81.3133,106.921,65.974,36.7068,-86.6728,-230.978,34.4728,3.67457,
		node 113.416,-24.6354,-91.7048,-67.706,-43.4272,-196.531,-196.164,-84.1635,189.932,64.271,-147.872,-50.3025,-192.448,122.255,-124.157,47.4689,-110.715,73.3739,28.5767,-134.233,-66.3503,-126.172,102.602,-175.176,-79.1813,-27.7338,
		node 138.896,243.465,-187.241,96.0924,14.8453,-220.437,127.99,55.3601,35.0086,22.6895,-79.9776,-121.099,-21.4902,-158.22,-192.702,-256.396,133.417,71.2875,85.0679,195.302,215.381,-241.332,135.783,5.76607,23.7732,10.3459,
		node -36.5531,-158.114,157.218,-146.671,65.2397,82.0411,-11.2115,13.9312,164.804,-221.359,124.183,-140.095,-92.0811,-374.029,124.953,-138.151,-152.234,130.119,63.2503,-13.5573,80.145,-161.605,197.909,-22.5213,28.4398,40.429,
		node 78.9445,-166.326,90.1521,-194.682,-354.813,201.875,-198.87,26.0676,-132.196,153.063,30.2568,19.269,206.787,-164.099,-271.631,105.876,-239.148,-174.652,-76.2272,-56.5462,-11.3027,37.2825,-121.438,63.0426,-101,1.94205,
		node -25.1811,94.3798,73.7576,-118.484,26.4821,35.7777,-247.346,-388.398,163.874,-20.4903,-22.6882,-131.113,-60.0982,-49.4822,-64.8059,42.2271,-143.222,-129.741,-407.303,41.4716,-106.969,-253.067,-227.047,120.969,102.358,-7.27344,
		node -40.3059,89.982,-39.2162,145.284,-24.5139,-64.5431,118.762,-100.88,-91.228,178.731,-200.874,-55.5741,131.907,-139.606,-231.688,-41.4244,-62.0448,-180.443,108.443,-156.221,-8.16801,64.5622,89.8376,18.1783,-85.8207,104.906,
	layer
		node -257.967,-42.4761,-135.897,117.019,-79.6745,-77.0622,-135.897,18.481,-12.2635,-138.01,16.8912,
endPlayer
