// Player46
stat 7
	layer
		node 40.7871,45.1358,-16.6012,-81.9512,-13.172,24.5964,24.5,-18.0135,-11.9359,-136.538,119.081,64.1381,-34.3611,23.787,-42.9452,6.70184,66.5495,-8.91449,-23.61,-15.877,-4.48948,90.6517,35.9353,-104.939,74.0928,96.0148,
		node 27.7859,186.965,-19.6673,-65.149,78.6068,32.4077,-14.5574,-50.5174,13.4318,-10.8365,-88.2844,30.772,-114.247,60.5952,29.986,-82.0823,119.434,-81.7408,-57.3598,13.8569,-36.9918,87.4607,101.148,-89.8028,-8.1273,-90.7852,
		node -48.9232,-155.796,59.5666,21.1807,41.2821,35.5605,-75.8499,-24.366,61.3129,65.5573,-15.0012,11.3432,37.8018,-128.942,96.8005,-124.654,137.195,73.826,-65.0363,8.18476,39.5723,14.6914,91.697,8.67357,-5.36502,-68.1,
		node -30.4693,64.1853,-63.2482,30.6123,10.6993,56.1191,-14.5624,12.2507,-52.2586,-20.4334,73.8521,68.3127,44.9867,60.8257,20.6145,40.2847,-29.9615,70.7856,46.6158,92.1672,-107.268,135.704,77.9893,84.6816,8.50267,21.634,
		node -41.7586,88.9007,14.0118,21.0367,33.3857,5.89551,47.3955,-0.632493,30.1904,6.98521,10.3278,-16.5074,-127.948,-17.7297,6.17169,-5.74267,-61.4074,-31.0084,-77.1649,98.6861,-169.606,-22.8904,-33.854,57.1156,-64.8207,130.498,
	layer
		node -15.0057,49.9298,-183.497,116.649,44.7016,-110.599,
endPlayer
