// Player89
stat 8
	layer
		node 50.8065,6.40196,73.2451,31.4804,26.6547,30.535,13.3988,-38.5957,-11.4556,24.4323,116.018,23.2219,75.9043,-30.0233,-43.8384,0.315012,-23.7551,-20.1112,-14.8293,13.6708,59.9249,-109.175,31.1875,-112.346,70.8499,83.6194,
		node -179.563,-73.2197,14.7708,-27.9543,9.06924,1.85273,-56.0356,-59.4301,25.8405,-117.255,-156.1,50.8687,34.5293,79.9319,14.5986,100.99,-35.806,-64.6821,-72.4693,36.2513,-61.3064,94.4264,77.4454,-53.3077,25.6598,-63.1732,
		node 21.5868,-36.4459,-127.346,35.4045,39.6771,-175.669,15.6485,-23.0848,74.0724,58.5817,100.033,31.8957,36.733,23.1938,-85.3986,99.9094,119.106,98.0737,116.602,34.0728,29.7699,36.4769,38.8708,7.90773,-8.80054,59.5239,
		node 38.6781,-58.09,31.8118,13.1979,31.1447,79.7112,22.5486,-3.73196,51.2502,-11.1892,92.9841,92.3887,53.2648,55.2088,10.795,51.5854,8.40403,79.7213,-157.351,-37.6856,-107.777,122.663,69.9392,39.9944,12.9172,23.1064,
		node -42.6494,-106.488,17.6141,-84.8768,97.4961,-26.4285,-72.9227,-1.32505,-70.2603,-6.13195,16.1099,25.5369,-118.681,74.6276,80.79,-8.5138,-76.3521,-20.0389,66.0075,97.0016,1.593,20.5166,-22.3599,63.2831,-63.5237,2.26516,
	layer
		node -16.0185,53.9795,119.785,3.85514,1.26435,13.7984,
endPlayer
