// Player77
stat 8
	layer
		node 41.0329,44.21,131.472,89.3124,12.1605,-13.6433,41.2378,96.5809,-12.485,-8.01898,41.6168,-34.3713,0.298888,56.2775,91.6409,30.5438,21.8427,-39.3145,34.8741,86.6026,-2.92012,31.5426,37.2912,68.0993,73.697,-48.3388,
		node 27.8873,31.9584,34.3709,-15.9986,5.83365,76.3837,10.405,43.7357,101.475,57.4638,90.3225,70.195,63.7467,15.0017,-5.69476,119.256,147.355,-25.028,15.9687,15.5429,-15.9507,-88.5546,28.6448,47.0468,-11.478,-25.8396,
		node -143.678,50.7245,8.908,28.1657,36.8901,82.7446,114.319,21.0875,78.6989,-32.4691,-59.266,52.9622,10.3609,-102.115,29.8453,-51.6862,39.01,31.0028,-105.043,123.952,-0.813491,153.306,33.9685,52.6284,130.282,53.9711,
		node -34.756,-184.432,21.7403,48.9158,7.47191,83.7852,-42.2409,39.8139,31.7846,87.7552,90.4768,-128.878,87.511,53.4912,-152.202,-41.0784,82.3934,49.586,-34.395,-5.25074,83.9803,128.014,122.722,41.4077,38.1813,65.8115,
		node 39.8608,-0.513476,2.57699,-6.14458,72.5389,66.2852,27.0171,52.2143,-147.602,67.526,43.4997,24.5172,113.47,107.994,59.1203,40.6463,-12.5697,109.121,56.6238,8.57824,16.9961,-18.687,-111.382,23.8508,50.6956,-48.778,
	layer
		node 90.5004,43.972,-17.0694,121.989,-15.5783,84.6551,
endPlayer
