// Player3
stat 4
	layer
		node 9.8441,37.3402,86.5974,81.2152,19.9149,114.466,-84.5576,91.3383,12.3624,-11.1044,79.2414,74.8565,50.4844,49.0054,107.673,39.465,130.829,-42.6528,23.4324,-0.398421,0.877907,119.407,43.6889,68.97,2.54094,53.1547,
		node 27.4428,47.171,14.1189,-19.3048,2.66594,-36.4572,29.5399,86.4469,97.77,92.2931,44.155,7.16274,54.753,16.1327,-3.59012,-10.2425,12.6921,-28.7155,72.0327,42.9447,78.2308,53.8823,-105.783,49.1425,-150.838,22.4442,
		node -52.1551,36.0619,28.02,34.6952,39.6823,86.7506,118.589,28.0771,84.4205,-31.6021,21.678,29.2784,11.1097,-152.593,57.9495,-49.7305,28.7223,36.6076,119.174,33.4729,66.6237,160.894,34.7763,4.63338,143.444,-21.1135,
		node -34.5046,-187.233,-145.657,103.117,9.09394,77.9028,-66.7396,76.572,33.679,123.905,95.0132,-127.57,-41.6177,168.734,3.16669,49.8945,47.5944,28.0049,89.0316,2.0006,155.496,4.76457,35.3063,15.0191,148.711,71.9064,
		node 64.2431,-36.5194,35.0303,0.63801,70.9397,-4.40549,18.4753,42.2579,140.765,20.3151,4.44331,-154.497,106.971,134.426,97.9063,49.4124,-41.1953,101.252,4.11457,8.47326,-13.6913,-36.975,-107.709,129.144,11.2736,114.454,
	layer
		node 43.9485,-75.2551,90.0703,141.269,13.5421,-14.5254,
endPlayer
