// Player90
stat 5
	layer
		node -29.7664,18.2539,121.206,91.7777,88.6585,24.7361,-74.5103,92.1677,38.8714,57.0196,140.111,-74.8256,26.6416,43.2777,77.4884,50.1076,40.9178,87.9574,35.6373,94.3055,0.0730649,123.105,33.5127,68.7767,24.1256,-9.40743,
		node 6.94896,50.4081,38.0533,-17.3132,-0.385853,38.8603,-11.6962,45.0309,100.944,-39.0651,59.1098,56.8659,110.334,0.528886,83.8433,-133.004,-37.9913,-35.6931,36.1904,48.6387,-16.8591,-88.4235,42.2839,45.0442,-10.3838,31.063,
		node -8.10501,-78.9693,30.0596,85.3536,36.4605,111.826,89.4553,37.34,42.4597,5.47281,-62.1435,-5.74443,20.3853,10.4168,42.1706,-54.1706,49.7174,130.711,-79.8834,30.7401,73.5646,78.3664,1.51774,14.9268,23.7579,-22.2806,
		node -38.5162,-152.584,68.4034,117.681,21.4377,80.7141,-57.5458,-31.5671,31.2574,71.5804,83.7836,85.2715,76.3003,46.3199,-6.9956,-32.7293,-22.6381,78.6241,-33.9622,-12.5189,83.3792,127.849,-28.751,140.451,52.5769,76.3991,
		node 33.1401,-4.9109,54.1419,19.2239,46.9585,62.2391,70.0225,65.2194,36.9896,62.1418,3.40712,-161.152,109.543,32.198,-2.73095,-1.08857,-43.3065,117.968,126.226,94.1994,29.2419,-32.7283,-98.5947,52.8274,25.261,106.394,
	layer
		node 83.2557,16.6151,-38.2607,29.41,-36.0532,79.1129,
endPlayer
