// Player56
stat 3
	layer
		node -91.3202,37.0864,-38.1166,72.0515,-102.835,11.3234,27.1296,-11.4098,17.0735,6.75213,-1.15704,29.7508,-47.9676,7.51134,-1.09272,34.7479,52.3154,-18.1347,-26.886,13.0249,-23.9726,-27.8914,48.9361,69.2704,102.538,-56.784,
		node 73.6457,88.5225,98.9057,-33.7749,52.9563,-54.2237,-19.005,45.8413,42.9811,85.5484,32.9737,1.29763,42.3802,-47.8928,25.861,15.0348,44.3636,-49.2588,23.5236,-85.4425,24.751,74.6541,0.847835,14.8056,60.5777,-90.1415,
		node 17.9922,100.513,2.19902,-11.2439,-51.4993,17.0048,-0.994473,6.21249,4.6503,1.15865,7.53056,-65.2866,-104.835,-79.6911,-47.5405,19.5882,-43.6929,-13.3935,-64.2937,27.1339,-39.0531,-15.4037,58.2093,1.57133,53.0023,-1.56614,
		node 28.032,35.9564,57.5418,17.1011,-27.7697,54.6494,-17.3436,-21.0582,64.2394,43.2559,78.9156,41.1402,14.887,75.9366,-59.0699,-83.3504,-8.98116,49.6998,12.1933,89.3107,24.0075,77.8491,-27.1588,46.4855,30.1272,-22.0485,
		node 30.7501,36.3585,54.6322,82.2254,-103.462,-35.802,-23.0519,37.2132,-47.6751,45.8941,-10.9886,7.44309,-26.2446,91.5353,7.41469,56.9038,100.564,-91.3367,-54.2953,4.68156,46.7463,23.8458,49.2494,-87.1408,21.5517,72.158,
		node 11.0573,-93.4157,18.3286,40.5637,9.39111,-54.9583,-54.6163,-27.5257,-26.9479,-51.7642,31.2474,41.4448,40.9379,-35.6796,-2.27381,-79.0427,52.5601,-43.6603,47.8697,26.1941,-32.3486,74.6973,-54.9148,-67.3432,-22.7386,18.9377,
		node 47.0408,41.6634,-40.6947,0.133946,20.9692,-40.6566,-12.7244,-3.76311,48.5705,-80.0941,33.1524,22.0879,17.9633,26.2426,121.63,-56.0302,46.2612,-23.9363,36.4431,88.0544,57.6316,-0.217639,-19.3225,30.0439,-33.3501,86.442,
		node -2.32783,54.3485,16.7433,61.3945,126.585,80.9553,-6.03268,19.0131,16.5614,-12.4358,18.2422,61.5872,-7.50786,3.67269,111.929,-67.7268,-56.739,-80.6824,-61.4886,40.0121,-19.0846,39.3592,65.9238,-38.8834,-30.0959,6.80249,
		node -105.243,-98.9097,56.8575,30.9871,-3.37918,40.8566,90.8235,19.9653,40.1114,-23.483,-96.116,-6.07647,49.1706,61.9145,40.509,-63.9398,19.7803,31.8765,-40.1462,27.035,-12.3688,-75.381,-13.4437,-22.9224,103.817,-29.0462,
		node -60.6557,-26.1646,-13.1448,71.3625,23.6533,49.3013,57.1873,-33.0157,-10.7653,32.8027,75.6905,-15.3969,-35.9547,42.3511,58.3547,43.8048,13.1831,78.2604,60.2092,114.773,-95.3201,-25.0871,91.2481,-9.70215,37.2774,1.99001,
	layer
		node -14.7929,57.9736,56.1438,49.0134,3.47436,-15.6822,115.594,22.4991,-12.555,-48.8482,4.88535,
		node 82.2353,12.1967,-14.8011,80.0851,14.0326,-13.7211,16.6254,23.4957,-20.1502,78.7669,8.69696,
		node -13.8247,7.19411,31.0968,14.7973,107.137,19.2089,-16.532,52.9529,29.6285,85.1186,-15.1655,
		node -2.80061,46.276,-7.53515,5.16558,-4.68183,48.3969,-30.2072,0.457907,-27.749,-25.8599,27.3919,
		node 66.4577,-1.57094,5.278,33.0767,-48.5505,46.3329,45.8427,50.2671,4.57294,-21.7334,6.00156,
	layer
		node -97.609,-91.4838,6.6384,-30.4157,-6.90118,-51.4136,
endPlayer
