// Player26
stat 7
	layer
		node 150.271,88.0294,97.9313,207.809,-8.92439,109.262,188.926,148.265,29.6629,60.0197,0.368724,228.439,58.1099,129.938,87.108,115.31,51.0234,-5.14116,139.464,83.0277,58.8389,-34.9423,170.955,154.798,-1.04346,80.0577,
		node 88.3144,155.986,-16.4348,39.1791,55.4875,36.422,17.9529,-196.397,27.9072,88.6049,129.187,84.6529,97.6124,-40.9321,90.2913,2.41942,-1.38709,54.4389,123.826,172.202,196.03,1.46472,-90.6043,205.249,-32.3991,132.404,
		node 40.5457,94.1028,108.906,86.1749,29.4086,116.895,195.395,47.8545,-70.0368,62.852,104.197,222.057,3.71168,63.7887,48.5064,186.945,143.916,218.02,1.55806,38.1268,11.13,-27.8931,-25.2304,32.8629,96.2292,-57.0498,
		node -45.7938,96.7707,140.573,8.43555,39.2374,14.407,39.2893,177.155,-130.449,238.492,179.385,130.386,14.4946,100.747,57.2474,-127.291,81.6443,17.8637,25.9182,-2.29974,83.2412,6.08594,222.774,103.356,210.88,-67.7449,
		node 114.976,3.0775,209.934,-192.837,144.599,159.106,-18.5248,24.9271,250.29,173.778,199.304,59.0423,150.573,112.044,129.029,92.9967,85.3335,48.1486,-150.533,216.381,116.536,140.891,87.2192,201.454,74.3309,-7.45663,
	layer
		node -22.8993,-13.4322,-46.5557,211.669,-35.6384,194.916,
endPlayer
