// Player27
stat 7
	layer
		node -9.01454,-32.5224,-9.64982,-63.0231,23.0651,45.6024,54.5538,66.9383,-16.6044,30.7821,-31.0961,-6.58434,-169.015,-3.61453,-65.503,-8.60101,54.2411,-4.98498,23.1608,11.6432,38.0668,-50.1016,70.5151,16.5359,25.868,0.584654,
		node 0.506656,23.0406,-4.96291,-2.08751,-85.8559,123.038,-10.1048,46.8432,17.748,30.0081,-1.60175,-50.7468,29.5768,-7.14275,146.996,-9.45747,14.8838,100.696,-21.2006,-67.2434,45.9444,-19.3116,-13.8813,53.5707,-67.6711,-4.3997,
		node -88.2987,-53.1302,-34.1998,29.0587,-123.93,-33.1057,23.8422,4.23727,20.1648,-68.789,-24.2811,32.3147,-35.3624,-53.6637,-18.4591,38.0005,7.29004,-59.4403,-33.8506,-30.6214,92.4199,70.2768,25.9926,-112.333,9.29561,-76.5997,
		node -99.1014,-67.0703,-2.48718,-60.7114,-85.6622,-56.114,-46.9803,-125.898,132.12,15.775,-73.2568,-36.6898,73.0751,10.9703,-93.2952,-32.5357,2.0855,86.1647,-16.4047,-7.39719,38.9696,-29.6056,-58.6187,-43.7904,132.651,5.96493,
		node -0.353105,-21.1891,-84.2346,39.8128,-79.0765,18.7448,41.4565,4.23345,18.6787,-129.19,52.3107,-53.4029,9.55667,-10.0378,-6.90042,72.384,59.5326,40.9192,14.9928,71.8416,15.1643,-27.5319,20.9251,24.4811,8.11722,-29.0829,
	layer
		node -51.927,-5.01207,22.5081,-32.5356,-4.64034,-17.6847,
endPlayer
