// Player88
stat 5
	layer
		node -67.0064,46.9861,23.8764,12.671,-42.2631,-138.672,-9.24476,-24.4357,-73.9867,-16.3427,-85.3437,52.4645,-18.9182,6.07699,-61.8928,-0.695128,-25.021,-13.4747,-28.6121,-29.0501,-127.216,13.632,16.0378,-103.756,-106.976,11.8953,
		node 0.219542,27.1464,-5.43476,24.4082,-47.3381,-10.3951,-14.9737,-1.98076,125.781,11.0565,43.1545,-34.9936,-54.0304,-21.6427,71.247,35.0436,141.849,43.6405,-25.2859,-64.2575,-89.54,-2.28193,-62.7327,18.1091,30.8564,-4.23342,
		node 3.76507,-72.6394,-29.0937,-90.7366,-127.067,-60.4438,-0.320463,6.61997,38.2402,-3.29912,-77.7462,-1.51189,-42.1809,-1.9283,17.187,-38.0187,21.6339,-27.9794,-24.0654,-52.3278,84.2849,-63.0623,34.8798,-23.3582,-6.03226,-78.6585,
		node 12.1473,-75.2241,-12.461,58.5413,-63.4304,22.5651,132.142,-38.4007,117.341,5.68489,32.0052,-71.0571,-40.507,-42.3549,111.757,-130.07,-57.983,28.9389,16.6013,68.0359,7.77784,-9.70852,-34.3138,-72.0117,116.984,15.1891,
		node -63.8185,10.3273,-19.2184,-199.513,-15.7418,33.7561,16.2418,18.4753,25.2635,-132.523,49.1765,-46.8068,-16.6959,-106.872,26.0022,-13.8612,53.5077,69.1877,-118.986,65.0151,16.0618,-78.3123,-85.2766,-28.1356,-72.9129,-45.9945,
	layer
		node -3.70143,11.4016,4.08203,-133.214,18.1334,17.4495,
endPlayer
