// Player77
stat 4
	layer
		node 200.257,-176.536,269.993,-113.304,-171.928,-186.269,-165.887,-217.113,-158.463,-247.525,-215.407,207.407,196.485,-137.821,-138.497,-174.595,-243.668,-141.94,48.7525,-95.8193,-117.729,-165.096,249.647,205.701,205.955,8.44908,
		node -149.059,-126.307,211.421,215.944,429.386,214.04,-191.301,33.0677,245.475,203.784,-100.449,210.202,-232.672,-162.043,210.211,352.22,-219.704,-261.723,178.863,-207.556,-169.47,-167.453,208.294,-159.4,294.255,-152.056,
		node -230.758,-155.873,-105.17,-162.14,-117.487,-130.876,194.396,-260.683,144.145,-193.394,210.973,-142.506,69.5692,-163.938,-135.108,33.3596,355.56,-205.351,206.304,429.826,238.215,191.274,262.403,-161.78,-148.183,186.983,
		node 48.2975,259.576,36.8342,79.181,340.726,-144.675,73.5155,-212.416,273.706,-170.329,238.851,-116.636,-112.32,313.786,-83.2824,286.391,201.259,151.04,-100.647,-215.143,-137.8,215.341,250.242,225.082,-179.213,-162.661,
		node 229.784,439.261,177.01,-261.729,-193.277,-142.796,-207.933,-274.537,-152.942,-152.098,-158.097,158.564,-193.1,43.4958,361.755,439.613,-195.74,81.9426,194.944,399.746,331.68,-102.927,-198.954,-147.076,303.771,193.257,
	layer
		node -220.259,-93.4957,-152.192,-113.333,237.752,295.596,
endPlayer
