// Player48
stat 5
	layer
		node -122.432,-160.036,-153.473,-118.713,-167.352,-183.603,182.804,-136.999,-160.868,-247.198,-152.084,-178.772,-179.111,183.561,-188.7,-182.99,254.501,-140.085,67.5135,-191.808,-129.155,-80.8533,206.134,204.127,249.644,8.67242,
		node 303.261,-126.433,-122.622,-109.125,195.096,-187.181,190.091,406.187,284.873,-107.665,215.666,227.651,-226.593,-165.872,209.027,-50.7167,-223.592,-250.698,-106.3,201.139,190.579,-166.929,-155.842,-115.01,289.678,-147.73,
		node -165.589,-155.425,153.452,-205.405,313.111,-46.6816,193.795,-137.023,-83.2388,-225.686,-177.663,-274.815,359.17,-134.221,-152.194,430.68,56.924,-70.0941,50.8202,-190.877,242.1,-137.749,158.894,-81.9812,-151.229,267.71,
		node 230.628,-209.442,184.276,380.603,241.228,160.665,161.201,-211.325,297.42,-167.595,244.168,-281.965,-107.943,294.921,-76.4015,290.692,205.522,148.609,184.354,-267.782,-153.914,-109.591,-124.351,187.717,-180.012,36.9647,
		node 292.74,217.512,-169.684,-264.224,-131.138,61.6222,-125.232,-268.931,-131.34,-163.493,-151.091,248.825,37.9746,-190.395,-54.4351,430.594,-202.401,-96.5295,200.495,-194.85,326.468,-122.829,432.824,-156.821,-154.475,-189.612,
	layer
		node 213.794,233.586,-138.424,288.661,83.8218,437.787,
endPlayer
