// Player96
stat 4
	layer
		node -243.879,69.3808,172.342,29.6004,87.0059,-61.4077,35.1444,90.0225,4.07854,-21.9591,61.537,266.901,-141.967,-139.948,-64.3472,-22.364,119.164,-193.579,-114.309,-6.87425,150.84,-190.461,124.413,-198.77,194.507,124.538,
		node 5.03049,-127.143,-208.333,-10.5423,109.499,-15.2852,-10.8592,-183.555,23.2655,-20.6612,139.964,-274.215,-32.0836,-104.864,85.2753,210.64,209.546,-9.06948,-126.436,23.4655,50.9204,-38.5703,68.489,14.8054,-168.961,-8.53344,
		node 125.558,129.614,260.487,300.248,296.195,-112.052,-135.568,209.486,51.9631,-162.245,-78.5946,163.403,-59.5812,46.7573,278.51,213.841,194.345,-174.633,287.677,-144.205,8.25348,17.2164,110.176,250.532,269.893,-83.7559,
		node 274.406,295.079,109.291,205.349,-5.32087,301.218,100.218,29.2036,-90.9442,-76.9167,-116.557,215.269,-11.7565,100.475,35.9831,-119.198,-129.948,213.059,227.895,122.155,83.3432,-152.805,-14.2615,143.616,221.63,-125.135,
		node 27.5,-30.5883,-10.3298,25.1647,45.3738,-115.13,314.22,92.3289,39.8128,-184.558,271.8,-124.954,23.756,-16.0763,63.6729,166.611,328.248,69.5771,-149.459,95.7931,-197.11,51.1347,-15.1181,25.7925,87.5729,170.81,
	layer
		node 34.5434,41.7408,-172.694,44.0678,-88.4401,54.6241,
endPlayer
