// Player45
stat 10
	layer
		node 187.296,-99.7997,256.688,120.47,-146.324,-219.253,20.7245,-133.312,114.479,165.029,172.086,264.964,278.134,123.081,151.017,38.2646,173.171,140.924,-174.218,136.464,302.689,118.401,-184.982,-75.7117,-169.538,-122.637,
		node 165.76,-112.882,-253.639,-6.83957,9.81459,11.0026,-97.1078,-45.8137,-7.15787,96.614,156.065,120.135,-30.6628,20.5121,-178.075,210.448,136.702,141.648,-127.178,161.588,263.106,-76.8975,193.986,176.052,-74.8566,-8.70336,
		node 138.502,126.989,-110.959,307.955,160.416,285.071,241.558,152.221,89.5628,-169.458,287.996,-90.0656,51.5142,48.2015,-11.0004,-157.376,74.4816,192.964,282.244,-155.655,175.863,-89.894,-145.736,-179.151,37.9875,67.4169,
		node 30.3435,289.144,111.599,-139.319,113.641,-260.566,255.756,207.698,-103.781,-15.6034,-114.012,41.1631,-6.59995,63.4766,293.421,-118.652,72.243,208.835,117.702,177.232,85.4856,-10.7321,211.606,162.208,35.5191,317.506,
		node 6.87983,-11.7495,-91.8152,299.393,86.9052,1.94743,39.8306,-14.4016,65.8278,36.2896,278.246,-112.087,189.492,256.012,61.6204,54.7081,-84.5431,199.753,-156.526,271.704,151.034,2.1675,-143.931,154.698,30.8493,-121.908,
	layer
		node 36.9637,-21.101,118.785,163.921,-24.8868,34.3611,
endPlayer
