// Player59
stat 7
	layer
		node 122.162,52.5906,11.777,61.4859,-14.68,-220.793,-3.72892,-87.7764,-38.4424,114.084,85.5185,-93.2674,-9.13371,61.442,-54.9301,-29.0151,-26.7232,-69.8917,-28.2169,1.64316,-17.507,43.5529,38.6507,3.80582,52.0031,-39.4024,
		node 17.6841,59.4488,13.5733,15.9361,-135.726,57.2918,46.1509,36.543,-48.6122,-42.6173,78.607,99.1336,43.425,15.1557,22.4863,-19.723,32.6497,34.1397,10.6964,-26.8655,-35.9849,-20.7552,-0.951001,41.5686,-80.3158,11.04,
		node -61.6711,61.6509,15.4258,-33.6993,37.15,-110.192,2.13939,-15.0431,-29.9246,-3.96339,13.5534,32.7203,88.9975,14.1903,-12.3646,-40.1957,48.428,-71.7478,111.755,-42.7255,-52.2114,-47.888,24.6532,-24.912,-48.5704,-7.07818,
		node -20.5929,75.209,34.1831,47.0854,-60.1635,-18.7234,-20.5528,-17.148,-6.8446,21.4468,41.7743,58.6693,75.221,55.2988,69.8415,19.8751,-0.48628,11.1124,-22.4513,-23.7006,20.4451,52.7958,-7.15404,-31.5374,5.13344,20.6647,
		node 66.7588,80.6974,-6.19208,-26.8699,-30.7459,21.079,97.5884,22.7236,42.6502,-26.3988,-47.3815,-52.733,-40.2754,46.4979,39.0899,23.5776,-19.0758,-22.5522,-37.5656,-8.14528,52.0951,77.4942,52.1611,43.0945,9.15986,-180.505,
	layer
		node -57.2418,97.4505,-7.55986,45.1849,-20.6152,41.1501,
endPlayer
