// Player92
stat 6
	layer
		node 23.4176,47.8681,111.973,52.9363,-24.8118,-214.773,53.3044,-169.655,-32.7008,123.997,98.1574,-86.5929,60.9726,55.8894,-38.1225,-22.5421,-21.5917,-62.4345,-3.95927,-13.6067,-12.1027,-42.2924,45.1435,-29.5519,49.5159,52.7585,
		node -12.2679,50.3144,24.5797,28.1303,-174.609,-35.0761,42.2305,27.0392,27.1652,-76.9203,32.7888,103.142,17.8058,57.5496,-108.819,109.388,-1.48245,31.4155,48.9,-25.7027,31.3349,72.6574,-3.32025,27.1545,-88.3857,11.9879,
		node -51.5542,61.4106,18.9703,-88.2786,15.1667,-111.017,3.07404,-37.5259,-34.1563,35.3428,-23.5088,27.486,28.5331,-54.1249,-2.08505,-10.1595,38.7464,-112.298,47.5084,66.1201,-16.4272,123.083,65.0216,-17.0019,15.2704,44.2348,
		node 71.8652,-107.743,66.1874,71.8701,27.8583,-11.6702,-17.9765,60.6345,-102.159,10.596,52.4408,53.8656,-215.147,-16.6107,51.5257,-1.54048,63.9971,8.71605,-20.7374,40.3388,22.2418,86.0591,54.477,67.563,-205.91,3.25388,
		node 68.4059,-5.40292,-23.4579,-31.8486,-117.673,8.08212,4.64079,-25.0674,27.2747,37.6865,-47.1808,-8.83763,-51.1561,35.5905,-27.1257,25.0965,107.409,-28.5131,29.9223,25.8157,-46.6256,-52.3244,34.5093,-48.8591,55.5621,-41.0048,
	layer
		node -14.6538,-27.2421,-44.597,34.7154,-78.1144,-48.6747,
endPlayer
