// Player88
stat 8
	layer
		node -3.04333,-24.2743,48.1581,-68.0755,55.4548,45.3737,41.7882,11.5741,23.8005,-69.0788,-28.7866,-40.8561,49.8838,-6.57723,-33.8766,5.67145,-16.6577,52.591,39.1452,-139.402,-35.5267,123.357,-12.2018,28.1077,-61.599,-8.84651,
		node 103.047,162.569,-53.4129,55.5404,26.7745,-22.6938,32.3469,-48.2139,-39.5461,60.8545,-27.6451,-10.0936,-73.4219,25.1692,57.9946,51.8783,61.2019,61.3126,157.717,64.1235,123.524,-76.6191,71.8793,25.052,-63.6991,43.7244,
		node 115.387,96.4836,-118.685,-39.3594,88.5722,-54.4508,-2.11047,-95.0402,82.9965,-38.8506,26.484,85.5197,153.499,-44.7289,86.7841,112.064,-30.4709,71.6672,34.5958,67.7824,150.552,29.3036,138.378,187.096,169.225,53.8274,
		node -19.0752,49.5724,59.3264,32.1866,-76.6765,11.437,58.2354,40.7876,136.197,-44.4386,6.52546,149.181,-12.7312,133.735,7.72068,116.954,49.2714,189.884,42.4053,53.0699,106.305,-0.427279,157.472,36.4234,118.53,-77.8053,
		node 163.645,-24.2443,-71.4179,-107.592,221.869,-18.305,97.5559,46.2771,43.7572,-27.4215,28.9052,31.7936,-33.7352,34.1753,97.2151,28.864,-64.3608,39.7583,44.631,7.05536,57.7621,14.6251,46.8153,-21.0813,17.3776,-11.2988,
	layer
		node 31.7863,169.398,40.3395,-34.9054,-12.4048,-120.739,
endPlayer
