// Player95
stat 9
	layer
		node 9.15712,-23.7875,92.589,90.6238,43.5506,47.3567,20.5607,125.02,39.4688,-79.5002,134.522,-39.2703,6.0294,176.761,72.9206,-48.4604,-82.3369,-34.056,44.815,33.0283,173.925,-41.7309,-4.34299,19.9854,-69.8603,70.5665,
		node 62.0081,86.9276,24.22,38.2923,23.3725,7.46316,28.079,111.289,-33.8134,114.918,-6.05908,-11.7538,-133.439,27.6891,58.0541,58.0267,63.283,49.1176,-28.1452,16.4226,-8.81204,-47.6189,30.4499,31.0475,44.1641,44.0484,
		node 12.1278,-12.2317,-71.6188,-43.8473,2.49509,140.407,162.408,-22.9332,69.1719,-74.787,22.65,92.6327,-18.5925,82.3197,-83.0966,74.9157,90.6757,75.9098,96.3064,4.7542,78.62,18.4551,140.611,75.4989,-35.1913,-97.571,
		node -15.2401,45.0527,62.3551,32.5135,25.0732,13.7518,-75.4387,32.5632,132.603,54.1375,111.377,58.5411,120.517,24.9979,24.0494,121.393,-5.83192,-6.92388,44.3911,46.9189,16.2727,40.6799,143.445,96.3986,126.683,55.2387,
		node -19.1944,160.785,40.6865,1.11013,-32.4063,18.7586,73.255,22.3392,35.5587,-29.0796,85.8631,-118.184,132.177,37.0639,86.9004,54.6551,-80.1227,-50.5264,-11.6166,48.0709,-90.1932,14.0278,-33.2202,141.254,39.9685,35.3563,
	layer
		node 103.682,59.3711,-7.34193,35.8956,41.3393,-81.1181,
endPlayer
