// Player85
stat 3
	layer
		node 116.863,42.4132,130.842,51.9434,115.696,-138.162,-43.6314,154.563,-26.6996,22.0452,-78.8087,39.192,19.0796,-29.9434,-28.08,-127.049,41.7724,83.6712,5.88117,-108.708,-79.3425,-60.0512,154.618,83.8959,-103.205,23.5686,
		node 33.4379,-63.3091,-53.0844,74.8291,-41.7418,-82.6041,171.382,132.348,-146.699,170.289,72.8671,-33.9589,170.687,-11.9163,127.583,70.3889,-57.6849,70.5344,120.862,140.132,-72.4589,147.456,44.2741,180.654,166.576,-49.9985,
		node 2.34477,6.26217,-28.2218,-37.454,-53.8305,136.893,56.3286,-101.627,31.1564,61.6365,-75.9842,105.728,56.6581,105.654,151.418,114.895,-109.389,22.6787,117.191,-105.885,90.9979,40.7821,113.427,-110.006,-98.8606,180.309,
		node 122.874,-1.41632,-148.251,-122.651,23.9236,76.4206,178.245,126.389,-28.8819,37.6171,9.9904,169.946,65.1074,9.37273,-1.80251,76.4313,164.177,-66.2082,206.295,-136.295,57.4317,-75.7541,67.0481,-30.7055,24.0571,-49.4033,
		node 68.9093,20.3591,181.654,-45.8827,-62.0957,-6.67277,148.848,6.18815,40.9242,38.1295,-92.6505,-122.729,-88.9374,-32.4867,39.1268,132.209,150.024,-83.9881,37.0056,-37.885,63.89,-47.2015,113.034,-28.0007,-126.489,-66.6543,
	layer
		node -50.2599,159.444,-33.837,-24.5872,4.67826,154.978,
endPlayer
