// Player36
stat 5
	layer
		node 114.833,-108.786,152.064,53.6976,86.7808,-126.472,60.1516,164.11,11.5475,144.552,-81.0032,180.49,17.4811,-32.4635,-114.835,-67.7802,-43.0455,138.729,8.67047,-107.055,195.064,58.0911,67.9597,84.2217,-73.3738,15.1849,
		node -77.635,-51.5833,-18.5602,68.4406,131.994,-85.1768,172.726,128.425,-133.677,-86.2944,-110.007,7.28502,-19.4314,-7.39058,113.361,64.5391,47.9688,142.88,146.141,3.02261,-18.6174,19.8042,-38.4618,46.2932,-5.79401,108.868,
		node 47.379,22.4034,51.9788,-80.2267,-92.1275,154.03,57.4715,-110.495,-26.9257,36.8635,21.2227,157.42,30.268,189.476,-83.3183,180.01,-96.9376,24.7971,116.172,-109.415,-75.8998,175.181,-101.825,106.439,-119.881,152.897,
		node -78.6864,166.921,-157.181,107.205,43.4752,-8.73895,75.8499,35.5978,67.1481,-63.7026,135.571,39.2534,-112.481,-39.2457,-96.2285,53.5091,162.669,103.027,-73.9005,-51.7506,58.502,142.396,59.9939,69.9008,10.1619,-106.331,
		node 67.3457,160.271,28.339,-145.348,77.2388,55.1093,-112.395,48.4133,129.17,35.8182,-108.889,171.716,31.5112,-58.4021,-95.9085,40.5157,41.4586,-109.43,52.544,-44.311,49.035,-47.3896,86.8113,-60.7088,123.567,-64.5991,
	layer
		node 121.825,-30.714,-117.612,-155.142,41.103,44.6515,
endPlayer
