// Player97
stat 4
	layer
		node 60.1689,-3.56696,-86.769,51.0107,67.6848,-120.926,-38.0372,64.218,-90.3824,23.5921,-111.476,-98.6287,25.164,-39.5686,150.457,-136.864,42.0868,-98.4368,-2.36329,-100.328,194.634,68.3244,85.8716,-57.7151,-100.231,45.3958,
		node 31.1156,-89.1877,-53.4637,70.2357,119.907,67.0346,165.8,-103.179,-153.684,164.869,-112.784,118.738,163.463,-9.33737,108.212,65.119,-66.4442,163.009,145.848,16.3213,169.247,147.381,-55.2691,133.575,-73.0115,-45.6597,
		node 35.0511,23.0579,-31.9259,-81.4415,173.703,58.406,-96.9707,-104.792,34.4521,-12.452,59.2437,131.792,-96.5782,108.102,166.159,-104.518,-84.2562,16.1135,113.638,-109.77,104.589,-35.888,27.9256,-115.513,-128.781,-28.6132,
		node -77.9536,125.352,-102.325,-81.6215,14.1831,163.63,81.1881,33.0913,34.4215,-73.2453,29.5352,114.342,29.6448,7.25304,-76.6813,-66.8503,161.105,-79.139,-63.4785,-57.7665,62.9361,-120.851,67.6965,15.3108,160.713,-72.2504,
		node -168.262,17.9618,176.448,80.4614,-21.9887,-69.9131,-19.8896,6.59226,73.1265,60.0291,-107.224,-110.274,-103.696,-29.7593,228.078,134.248,45.6728,5.67364,37.1845,-30.1839,-24.8216,-109.43,124.38,-10.4398,-142.649,-108.09,
	layer
		node 18.3787,-84.5903,-77.9195,-52.0378,133.097,-144.209,
endPlayer
