// Player17
stat 4
	layer
		node 125.336,-142.287,-31.0399,76.4479,64.9462,37.5408,137.098,-140.963,107.351,28.429,37.9001,183.515,23.4498,-33.3218,-34.5345,-67.2749,-57.3903,135.298,-5.21375,-106.844,-71.3297,61.7965,-31.3505,85.1846,-100.782,22.2976,
		node 2.14684,-99.4863,-73.7506,-48.8578,121.922,-72.1552,179.773,42.9247,-150.226,167.443,-110.066,-54.1319,-61.6141,-7.67628,112.393,67.3044,51.6251,31.8523,145.333,-140.345,-19.5989,-27.531,-25.9672,30.4586,-68.0027,-54.6145,
		node 13.8741,21.0812,9.59906,-83.3912,172.056,-100.505,55.3565,-94.7479,-147.746,60.9582,21.487,108.493,34.9841,185.075,165.324,105.617,-84.7882,-138.555,167.984,-114.607,-62.4294,174.413,-100.624,107.304,154.489,149.979,
		node 25.899,168.249,-66.5717,-57.7745,-7.08743,176.962,126.355,-81.9689,36.9639,-51.794,135.587,39.9306,36.6702,-122.066,-74.0676,63.5233,21.3662,107.087,-64.7926,-50.2979,62.0024,97.9701,68.7638,-3.54441,23.1821,-69.0204,
		node -169.644,-78.2869,177.543,74.1113,-24.8866,-4.08511,-16.0435,58.7999,-40.6861,39.6423,-103.71,-96.5025,31.5962,67.2996,228.308,40.2488,41.6142,5.95267,33.8911,-43.1644,-42.8827,-47.897,113.624,-14.9674,125.093,-53.0179,
	layer
		node -105.578,13.0385,57.8679,91.5275,-117.767,-46.1543,
endPlayer
