// Player13
stat 9
	layer
		node 13.7178,-127.322,72.4087,-18.783,208.066,62.5754,-60.7409,13.3015,37.3099,139.853,55.5004,-45.5904,23.3137,-65.6948,139.453,29.434,55.8765,76.5879,-17.043,31.2433,-22.0866,21.8812,53.3964,-2.4773,44.4815,-78.5405,
		node 44.2198,53.2205,3.90361,-47.7897,-2.03497,-102.351,-23.0268,-70.8594,-44.609,67.779,80.2947,138.869,-58.367,-21.9814,18.0811,-7.39476,-99.3045,20.0702,-12.9595,-154.908,-85.3332,-7.90158,239.707,45.306,17.0153,-43.2317,
		node -116.25,11.7943,95.0176,-80.689,-89.11,-5.23061,61.146,52.5541,-9.95279,47.4748,20.5767,-31.6279,18.0242,-8.79424,22.2607,-36.1291,20.8766,59.8818,-98.0114,92.2875,85.894,102.858,-78.0903,25.9043,66.7242,-82.52,
		node 19.5828,57.2985,-30.4927,-128.038,107.655,141.45,4.62541,-8.73026,-61.5897,184.365,-99.2372,-5.12838,-37.8813,-49.3803,-39.9515,-18.6616,82.1337,28.6668,-98.3941,67.2836,-53.226,57.4857,-47.0723,-76.2711,-103.699,-115.87,
		node -20.5446,50.6907,98.2568,-111.291,6.09392,-107.789,32.3868,-1.24198,120.087,-149.624,-48.5,31.0799,78.7854,-62.1303,-20.0409,-15.6473,-63.0045,33.9502,102.507,-125.436,28.7954,-13.5855,14.9738,101.536,135.955,138.303,
	layer
		node -9.84145,66.8061,-74.763,-58.4152,70.4775,-17.4605,
endPlayer
