// Player61
stat 5
	layer
		node 18.0663,-118.792,78.5848,-16.5438,225.887,36.0253,-31.9196,58.6948,1.66591,136.514,65.6265,-52.6263,1.77802,-89.6656,133.746,35.3105,58.5719,-11.8196,-4.36158,59.4325,-37.229,8.09811,53.3762,-110.419,39.0084,-90.8022,
		node 42.05,79.2796,-14.9583,-29.2188,-26.5517,-73.9484,-25.5311,-61.6249,-32.5534,59.4558,38.1293,139.685,-58.4945,-18.5502,30.4514,-14.4889,-104.275,-13.3711,-11.9692,-162.998,-97.9335,-20.6351,227.559,59.446,23.2233,-14.5979,
		node -123.39,15.0234,70.3149,-84.2766,-49.5667,-12.5446,64.9399,30.6567,-11.6072,42.3002,14.434,-37.9875,-2.78574,3.91937,49.9519,-33.9865,24.5434,30.8119,-89.8961,72.8861,87.2687,91.9979,-116.928,-4.86331,54.7376,-103.375,
		node 15.951,46.497,-32.966,-123.224,103.793,86.807,6.51312,-4.24148,-92.7498,143.612,-103.34,1.74451,-33.6039,-58.8278,-6.67885,-23.8164,82.9907,42.6038,-71.9035,51.5078,-47.2222,5.16049,-39.1312,-77.6393,-106.388,-120.363,
		node -14.0932,58.5359,92.0304,-116.735,-8.69497,-121.082,38.8437,0.10328,113.392,-141.448,-84.0128,22.2734,66.6596,-65.1888,-23.7269,-38.2208,-64.176,47.9466,101.486,-126.311,31.4247,-37.1468,20.3339,99.3335,126.155,130.188,
	layer
		node 3.01328,97.6967,-68.0863,-62.2615,59.8198,-31.7805,
endPlayer
