// Player92
stat 5
	layer
		node -1.55972,-133.723,79.9619,-26.825,216.572,55.4187,-24.0268,57.3641,7.97784,129.624,55.5747,-45.2563,12.1797,-85.1971,146.683,41.9381,59.963,56.5001,-0.0457112,31.6573,-30.5797,9.64691,33.353,7.32087,35.8402,-42.173,
		node 42.2495,77.7828,-9.90584,-45.6475,-27.1055,-90.4161,-0.490844,-70.9924,-102.119,48.6617,60.0811,112.729,-52.3895,-37.8126,9.17325,-10.5101,-99.4649,-10.4299,-22.383,-160.958,-102.755,-37.0357,233.025,41.8677,27.6911,-29.0285,
		node -102.831,10.6701,80.8312,-69.2649,-86.6187,-24.221,75.5954,44.1781,-15.5687,36.0593,30.5115,-59.749,-5.23924,-24.5281,21.9949,-60.7198,14.9049,76.3072,-84.2647,72.9932,83.5864,116.566,-78.1145,2.67616,64.7888,-106.509,
		node -14.0367,43.1091,-21.1207,-124.043,103.932,90.2711,17.1765,-14.7345,-55.4318,140.52,-108.157,-6.85822,-24.3526,-47.2599,-3.05293,-38.5459,93.5439,29.5298,-106.139,91.9344,-51.7721,56.0177,-34.64,-83.6192,-99.903,-123.671,
		node -15.2794,76.9473,93.4147,-115.475,-13.1787,-97.0087,13.9564,-2.04035,115.986,-127.081,-58.8187,34.5022,70.8307,-54.7305,-28.1526,-38.5017,-49.7906,46.6048,118.872,-115.822,46.0268,-42.4947,20.4515,109.607,132.938,140.661,
	layer
		node -4.06668,111.044,-66.6455,-56.152,40.7939,-23.0882,
endPlayer
