// Player69
stat 8
	layer
		node 14.1428,-114.574,77.8013,-42.6436,215.111,60.1938,-60.223,59.3593,41.2498,137.268,65.3096,-44.6304,-3.70284,-56.0648,137.561,32.7606,53.9533,-12.6547,-6.90369,48.5555,-42.9143,-13.5244,53.828,-106.04,28.3449,-79.7808,
		node 46.8065,52.8389,-18.0305,-62.9985,-38.5019,-81.6195,-8.9779,-70.6241,-46.6297,54.1295,104.215,137.02,-54.6198,-25.4688,21.4256,-18.0011,-104.334,-16.1631,-13.9833,-162.272,-99.842,-21.0866,233.71,49.7577,20.2662,-29.4534,
		node -129.363,6.09583,77.3197,-78.9478,-70.3471,-11.5424,60.413,54.9561,-14.2653,37.566,14.6248,-48.7468,-0.594433,1.88422,50.4847,-34.8045,23.6733,75.7703,-48.4821,79.2177,90.0768,93.7245,-108.428,15.1958,60.2325,-75.6243,
		node -27.9643,61.034,-15.9232,-126.788,109.107,86.3151,7.54053,-1.86778,-70.6367,177.362,-97.3548,-5.39512,-35.3328,-79.3394,-35.0521,-50.8548,83.4078,42.5562,-63.6934,37.6473,-47.2932,8.79292,-28.3146,-86.7075,-98.6499,-130.78,
		node -25.5779,80.1225,79.6627,-65.374,-3.69607,-109.662,17.0121,21.0664,115.994,-138.195,-74.5251,24.6097,68.4343,-64.7643,-14.6859,-42.4461,-47.0416,127.551,115.742,-151.398,34.0564,-35.1909,15.3649,105.649,128.075,143.127,
	layer
		node -12.0502,121.47,-70.6213,-57.7602,75.7245,-35.8032,
endPlayer
