// Player89
stat 5
	layer
		node -31.884,75.8395,-3.72602,-9.81512,-74.2899,-20.6554,-29.2797,6.99279,-54.1681,109.975,20.53,0.945106,-36.9083,-17.818,-14.1364,-19.8384,2.55597,49.6139,-4.7477,-21.7779,35.4349,-60.3317,-9.43019,-36.8486,0.499721,-82.0012,
		node 21.4731,-36.039,14.4585,-1.35869,-25.962,48.5706,54.3789,-22.5355,-29.9773,31.4458,-94.6229,-38.3533,63.8484,18.6717,17.7449,-19.192,-107.28,-51.6463,-10.2362,14.837,8.86025,-79.3847,-80.4996,16.3425,-13.3979,-34.9856,
		node 28.6749,6.19502,-14.8368,2.50764,29.7121,18.389,-4.63636,4.89884,31.311,35.7622,-103.401,-12.7477,24.3703,5.20498,6.3252,-44.6492,-3.25647,28.054,-4.58083,-8.81493,-62.876,18.0429,7.25451,12.2908,25.8163,-13.8531,
		node 47.7024,50.328,10.3847,38.084,30.4975,70.7318,17.3063,33.9453,40.5232,11.118,-3.10697,15.172,19.9692,34.5649,-37.7726,18.3823,25.0588,-64.8005,-2.84513,13.5322,-15.3202,-75.3595,-63.9355,14.6756,-74.905,-14.9602,
		node 9.54784,3.80685,36.2241,39.7192,17.9263,-61.6411,34.2145,7.35629,15.3828,39.3065,-29.963,41.8594,-56.9451,-24.1796,-34.0816,-3.85132,-1.83124,29.7191,-20.0026,62.3758,37.9001,47.8358,60.3821,-63.4658,35.0401,7.73576,
	layer
		node 33.5974,-5.80371,-14.5587,6.08775,47.7133,11.4601,
endPlayer
