// Player56
stat 7
	layer
		node -30.8174,52.3392,31.6352,-35.6127,-14.2826,-13.5484,18.1454,-28.403,-29.8106,15.183,-79.3815,-4.10941,14.3025,-19.1483,16.0572,11.0932,15.0667,60.1042,-94.4366,19.728,105.759,49.3419,0.301031,-41.8341,39.274,44.0415,
		node 20.4679,-45.6159,-27.9148,64.5023,-13.0325,48.7601,52.5951,40.3905,-7.86893,-25.5208,20.3334,-2.84865,-34.894,23.9546,32.7626,-24.9637,-73.0339,-66.9804,-21.4274,25.7402,28.5434,-1.83268,-93.6806,-29.845,-18.266,-21.7976,
		node 31.5564,1.53165,-56.212,-20.3393,-16.1948,-11.9772,6.50387,39.4243,0.924411,-42.9717,-5.41578,54.6518,-46.7223,-5.2745,-86.0464,-8.34805,33.5993,32.6522,4.50827,25.3501,-26.8051,-36.0061,-1.2748,-3.65789,30.9197,4.64252,
		node 50.7549,-94.8046,-59.64,70.9787,21.5685,71.2547,4.68299,-51.8332,24.5314,17.0765,-8.87504,-17.9672,32.1423,22.9009,-80.5122,3.10465,25.6271,-22.772,15.259,-8.79875,-12.8088,-60.3399,-54.7815,-2.44376,-14.8323,-48.9292,
		node -68.8883,-61.0632,-52.5342,-67.4217,12.0375,0.1492,-0.279037,-18.925,22.801,-3.28489,72.5111,51.0331,21.1286,-25.2249,22.8233,-5.70306,16.4286,1.38289,-28.6864,5.6714,-16.9774,41.6097,-63.5849,126.277,26.4741,11.439,
	layer
		node 64.2163,-30.3709,10.8096,-33.3307,-56.9146,50.7848,
endPlayer
