// Player57
stat 4
	layer
		node -28.2589,-2.07876,-6.15112,10.7444,54.9869,-11.1664,17.7667,-26.8514,75.4696,4.001,-77.9604,-1.85492,-38.4547,-18.146,1.17581,10.8155,-15.6765,61.2236,-92.8019,-22.8547,89.5947,-57.9323,0.0317424,22.74,37.7205,83.7843,
		node -39.4785,0.626617,-32.4229,19.0764,-13.8179,52.4353,-73.3742,40.8058,-5.45604,36.4656,16.3473,-51.7623,-34.2393,-9.76206,32.5864,-60.7208,56.3719,-24.5597,-22.296,14.9696,23.8617,-18.1417,36.2883,15.7904,-17.5029,-19.9291,
		node -25.7385,2.34445,-55.4414,50.4428,-4.50613,-35.6581,2.58618,-0.940236,30.3015,3.20275,-99.0159,-33.1172,-9.14289,-61.8169,-82.3897,-9.52266,31.4164,31.4563,69.6057,-32.999,13.6689,58.2585,-18.1457,12.975,24.4332,14.7316,
		node 49.0733,65.5531,-57.7224,69.8588,22.3745,59.9115,8.66786,-49.5604,4.07823,18.5501,-13.9416,-17.4602,49.5031,22.8862,-79.9607,4.68132,28.3992,10.2008,13.6712,54.4996,28.6651,-101.086,-5.05176,-27.9222,-82.7635,-1.37402,
		node -66.8266,-56.8805,42.3069,21.2773,8.04612,62.7409,73.0608,-31.9018,15.831,-35.5371,-36.4089,-32.9786,-78.1546,-29.0259,21.2556,-24.8173,56.1128,-1.42827,-48.8245,11.1306,-22.7381,-56.0526,-65.0302,124.468,-35.8602,11.3898,
	layer
		node -13.326,24.5965,-18.3589,28.1762,105.309,-69.8443,
endPlayer
