// Player49
stat 8
	layer
		node -60.6262,-19.3092,-83.4055,209.236,70.6669,-44.8759,-100.504,-52.9648,-73.4365,-35.8436,-38.7696,39.5061,-14.8042,-24.8967,41.2885,92.512,103.955,-6.4135,33.8882,-17.4734,-36.8546,30.1319,-50.8886,101.797,0.907584,-82.5043,
		node -142.133,-62.2431,-22.4748,30.8423,48.7565,61.6787,-7.49417,164.378,105.749,-68.6358,74.0753,-9.08875,-51.5372,-59.629,-24.6857,-116.83,105.217,62.9334,29.1539,-0.750178,-33.935,-14.0102,81.3874,17.6878,175.069,65.1386,
		node -32.5293,-27.4292,64.6468,-25.5786,-27.6521,88.5063,47.4079,-28.9781,-97.1147,16.1775,-114.982,-11.228,42.4557,-155.283,-15.8643,-14.2434,3.57012,-40.1544,-27.4053,-46.6899,29.1511,4.28819,-32.3808,-85.302,166.771,-44.0085,
		node 10.8196,3.47835,-45.9279,-24.8006,-49.7434,54.4441,59.3335,59.9098,-50.8305,91.9956,-15.9678,-5.50326,127.225,-128.824,44.2309,27.9009,-110.827,56.3237,-51.9857,2.88578,31.9927,-46.5963,-51.5745,117.233,28.5949,-61.0817,
		node -66.1294,-26.8995,-73.859,119.936,-101.652,-48.3858,-101.317,211.906,-36.4774,-40.3593,87.8492,46.99,21.5568,28.7809,21.1948,-23.9965,85.9641,-31.3053,-42.7893,30.3901,-18.6156,71.3624,-58.5959,39.3566,204.562,35.4252,
	layer
		node 187.493,32.2058,90.5841,-8.8172,-2.83367,-114.285,
endPlayer
