// Player81
stat 10
	layer
		node 20.5921,84.0508,21.3546,-59.0468,-60.2743,83.0341,-139.194,18.6015,-26.5515,-84.0354,42.2482,6.37543,9.47806,-66.4169,-45.8651,57.6826,-28.3561,-26.8741,-138.799,-61.1094,-54.8171,-188.121,-70.1504,65.7197,-28.076,104.607,
		node -50.0911,-17.7866,79.6361,-19.618,-61.2483,-28.3234,5.8194,60.4614,-173.162,63.495,41.8066,87.4423,-89.8945,-31.4301,-92.9291,-29.0457,-88.068,-14.7563,-57.801,41.6077,-112.3,-54.9955,8.37823,-8.28903,-44.7682,-19.4242,
		node -37.6067,48.6368,34.2708,-175.928,37.441,-18.1455,58.2848,25.7745,-73.3957,-32.4768,96.7312,-112.272,88.4118,-78.0511,-28.1836,-14.7577,-37.5089,72.1562,-54.7973,-63.6464,-21.158,67.2119,81.8026,-22.344,-87.2002,-82.6769,
		node -116.117,-40.1991,74.3992,-28.2151,-35.6126,-32.7785,-154.737,-117.913,81.4582,-164.744,-43.7769,-144.443,85.1012,19.3297,-56.416,-36.7968,-33.9404,-63.8532,-37.6072,-151.427,-53.4135,-56.8446,-55.0892,-57.2965,-109.25,62.4144,
		node -87.8549,-26.1963,74.9577,-27.3813,52.62,24.5627,-82.9724,87.5667,-119.949,-36.5866,-127.576,-60.6908,13.344,98.4909,26.4421,-103.335,80.5713,-48.6256,107.973,38.419,49.4077,-22.582,-139.577,74.6426,69.1912,-56.807,
	layer
		node -53.9831,-38.8235,0.872237,-52.4427,-28.3538,-22.4661,
endPlayer
