// Player40
stat 5
	layer
		node 34.1448,-46.1027,-35.067,34.2968,70.6618,4.23232,37.7359,-20.7045,-30.0636,82.2932,11.4155,74.0193,92.8943,12.4115,50.9491,17.5802,64.0779,97.6686,67.6791,-243.148,24.3693,61.3728,100.87,62.8144,51.5226,64.109,
		node 60.5702,61.1279,34.1067,-255.887,-7.63568,-31.8267,102.968,-93.443,12.2313,82.1849,-24.2525,61.3886,-65.7344,19.2023,-6.90597,64.3199,10.1802,-20.5914,71.2232,34.7977,17.2314,46.5553,-48.8317,57.6911,-125.295,85.7742,
		node 19.5623,-15.0569,-176.148,59.7521,23.5128,7.68461,-225.855,-11.6805,44.7748,-47.4758,4.90575,66.7092,103.842,-19.3587,26.1246,50.6838,30.5791,66.354,20.7003,35.4351,74.4005,62.6254,89.8008,41.4699,-24.6165,-127.17,
		node -16.8466,99.1341,-37.3421,42.5293,50.495,38.4539,-6.6749,-1.81189,89.2666,19.8316,-265.048,50.6529,-67.8704,-212.656,58.9331,64.9521,64.7139,20.9858,-52.804,19.6125,66.1147,7.98237,-38.0695,56.9337,36.5335,6.59434,
		node 90.5449,65.9766,65.6516,10.9946,90.0553,24.8473,65.0278,58.6025,40.1133,0.759621,64.8618,59.0601,-18.0201,-234.743,30.3024,-4.00644,65.7483,-95.481,-145.652,5.43296,71.4731,34.1478,18.9015,44.0042,68.3298,-44.009,
	layer
		node -54.3893,110.54,-67.2814,-15.2706,-27.7648,55.1301,
endPlayer
