// Player76
stat 9
	layer
		node -54.1793,-54.7617,-95.3256,26.2968,7.17599,81.1606,34.5087,-243.027,91.1965,-3.95549,78.2015,-181.889,67.2317,23.8156,67.7908,14.5617,77.2977,-128.379,22.435,-39.3472,-43.0968,50.3228,1.50256,-7.95173,77.5749,27.5198,
		node 67.6066,-17.5661,6.95548,40.0085,-120.925,-205.205,23.9421,-9.52554,73.4959,20.8276,-21.214,54.7037,-68.0458,29.3723,90.1426,-152.654,33.146,50.3036,73.0995,29.3098,-155.635,6.98499,-138.18,65.4966,-207.744,86.7981,
		node -11.1261,-242.011,43.3506,9.95578,-28.1827,13.9361,-173.78,48.9118,48.906,46.7356,91.5172,63.3725,92.6656,-17.4963,29.5535,-257.539,19.4647,-99.156,-224.214,-149.68,121.718,30.8919,92.3916,25.0643,-161.743,-2.25547,
		node -55.9198,19.2177,40.613,-131.931,-23.9764,11.097,-7.2861,74.4679,118.708,19.9344,-152.857,15.4895,108.185,19.1755,-80.7062,8.25388,50.7263,94.5934,-112.12,-153.715,-5.90665,87.076,-55.6896,-116.321,-136.199,11.567,
		node -233.479,-227.939,20.9188,-211.181,-105.242,0.511104,20.76,71.5673,38.8222,12.4918,41.6783,-55.9098,48.2751,88.2726,61.5825,-14.6928,-56.0995,-95.9213,49.426,4.38182,70.2708,5.71968,-7.27869,25.5333,55.9649,-40.3811,
	layer
		node 99.4031,97.2336,18.598,54.296,-3.96818,34.289,
endPlayer
