// Player44
stat 6
	layer
		node -42.7019,-47.4513,29.3213,59.0917,18.9139,78.8339,26.6268,-3.02924,-4.00389,78.5528,-117.135,113.316,-12.8082,21.1912,65.8945,18.0777,-224.745,97.8391,21.2902,-44.145,-35.2522,59.587,-96.3842,-1.66999,38.8291,-128.605,
		node -170.691,-92.0145,30.6219,26.5814,-241.646,-200.068,92.1573,-81.7237,-71.3041,12.6737,-28.7831,66.77,12.1326,101.887,10.416,30.7925,99.5017,71.6907,-135.201,67.8869,62.3634,-215.928,-139.727,15.3035,-127.985,-124.942,
		node 64.6649,-14.1907,28.0851,-16.4832,-131.05,18.594,-2.8748,42.07,47.1196,-64.555,18.3688,72.8239,19.4792,-27.3268,24.5796,49.4277,-11.9863,49.273,20.6415,-43.5376,45.9437,66.67,-44.8187,58.6832,13.6466,-99.4099,
		node -164.741,89.0783,-32.7432,56.6884,81.4736,-25.2234,-9.93018,58.3691,29.2385,18.5135,-278.303,-207.303,88.4839,-6.44959,87.1868,18.5358,53.0458,71.9584,-110.34,-145.906,-10.8316,16.7318,-52.1346,-104.184,-86.3043,-2.98682,
		node 103.259,60.051,-49.0218,5.53718,73.1416,21.6483,90.2905,57.7698,32.389,53.0512,102.757,-166.302,-18.4916,104.146,73.8211,-6.39133,67.3054,-54.506,90.7833,22.1514,69.7162,0.487345,56.4627,33.061,24.6073,-38.0634,
	layer
		node -165.037,65.3748,-59.9821,93.0223,65.7924,21.1606,
endPlayer
