// Player2
stat 6
	layer
		node -173.777,71.8555,51.883,-144.048,61.8989,-45.896,-50.4021,-135.247,10.8338,-92.5446,-33.7245,113.855,-8.59089,-100.463,126.486,-131.427,124.438,170.024,-13.7455,31.6327,129.972,23.1476,17.4813,96.2967,-58.2553,49.2099,
		node -128.991,-47.7307,-5.46322,-193.723,-16.7196,-137.563,-92.3574,-44.2644,20.9455,-214.58,95.2187,-43.7905,64.9859,-43.5104,102.337,63.4397,22.9968,51.8291,-51.4045,-98.7105,61.1751,-181.277,120.389,47.7543,72.9683,23.842,
		node -71.2717,-96.7234,-55.9123,19.8047,-119.346,-30.6695,-52.7209,148.545,91.0493,5.90622,-42.2868,37.4894,50.3056,-149.308,60.4072,118.351,15.4596,-99.6372,30.9016,-58.156,122.606,-57.5511,8.88253,-27.9893,-123.687,-19.615,
		node 70.4814,-103.322,20.5479,113.886,-142.804,72.4947,-96.0174,-223.298,74.5672,73.6021,-44.2361,-3.87857,-92.4191,-49.0788,-84.0798,-18.3642,101.477,63.4973,-118.933,-34.9231,-98.8842,-207.914,62.3932,-25.6034,64.7947,45.313,
		node -126.415,-117.108,0.890897,106.037,-118.987,-104.725,-71.7323,40.9363,141.195,-119.28,-124.544,-25.2882,19.4643,-60.6366,-141.023,-117.004,-10.3434,-99.1875,-142.457,-43.2561,-142.82,136.172,-196.271,-97.6267,58.6454,-145.669,
	layer
		node -80.9569,21.1635,-54.9619,-19.2879,22.5713,-9.61971,
endPlayer
