// Player10
stat 7
	layer
		node 86.4523,19.6729,-21.7279,42.1862,40.6763,144.235,56.4784,88.896,-18.6405,12.8273,29.5499,-73.9251,-31.1718,-80.3409,30.4592,22.8885,65.4813,-24.2362,47.0374,-51.8781,-44.2665,-10.8207,-20.7367,-5.16457,-71.9383,26.4071,
		node -0.583021,-64.3716,7.14305,-7.32074,10.6465,98.4276,0.362418,13.3295,38.5019,2.77052,-20.7992,-0.637283,5.796,-26.345,-41.5238,100.933,20.9939,-4.73981,-42.0518,-3.73417,7.68796,10.1493,44.6967,114.366,-31.3551,-11.3948,
		node -149.252,-0.931514,95.8766,-7.18169,-26.5753,-15.3782,-26.8914,12.2227,0.945562,17.8038,45.6083,7.31355,14.1851,-3.48526,-5.70037,-71.7528,31.8635,-13.6876,22.8329,12.5272,72.4197,16.2227,-15.3927,15.5217,20.5492,31.167,
		node 66.6369,23.7891,26.1992,5.7326,-8.36032,-26.6975,94.947,31.174,115.17,11.1512,-40.4883,15.2058,18.8588,-9.16417,-70.4465,114.182,0.482862,-170.95,121.893,16.7053,-0.552844,16.6238,-39.2546,61.8436,-18.3556,20.0284,
		node -12.271,31.3058,12.7766,-2.9842,-11.0394,26.9461,0.720319,-42.4206,1.94866,23.5477,-25.6218,22.7084,72.0258,-53.2745,6.31319,-8.65892,-23.2149,6.31189,-19.1556,39.7672,-14.8251,3.74524,-9.56412,80.5668,-14.6564,15.3094,
	layer
		node -14.1049,108.604,-15.1576,32.721,-74.2534,-11.3378,
endPlayer
