// Player61
stat 6
	layer
		node 3.65192,-162.571,-77.3804,-102.717,-20.737,-13.3616,51.1721,-34.7304,52.7441,163.111,24.7228,-24.0625,16.0957,8.89628,56.4418,-28.5081,15.4102,6.85367,-32.7459,-50.2609,-49.9062,-25.8257,65.4593,7.47513,1.52654,-61.948,
		node -6.6916,3.12431,14.3861,-49.7122,7.43291,67.251,-26.47,-42.6282,23.867,4.56177,-11.9019,-28.3144,35.1276,-35.3698,-86.604,98.5843,-71.6662,-9.67031,4.17079,8.87136,1.15486,-22.1486,-27.6373,11.0448,-51.8041,-18.0047,
		node -10.828,-0.519646,123.09,-2.81279,-22.7801,-7.77884,0.40723,5.95709,147.149,-33.254,56.0576,73.5826,24.9952,3.46049,15.1547,29.3984,-61.6531,-25.1762,-23.8437,122.305,21.934,12.5047,62.6583,-0.734327,27.7502,13.6083,
		node 63.1701,-5.47301,-13.9296,-11.9775,-59.2835,-34.9329,3.52967,-26.4019,-5.48303,-17.2201,-26.7209,-8.45601,166.768,-24.6945,56.488,114.274,4.39685,-51.0766,-21.6317,21.6633,26.2918,-18.0775,-27.2553,78.8508,83.7399,-18.9338,
		node -11.0785,74.1774,28.9052,-8.53433,17.4291,22.8592,-66.104,7.40315,-2.65185,-93.8273,29.3629,12.5954,77.0216,-41.0623,-4.28605,27.0776,-19.7467,-98.8112,-44.813,-8.08891,-20.3166,93.6042,-13.5541,77.7448,-6.83354,4.9107,
	layer
		node -13.5553,6.93659,0.892052,-70.1184,14.6653,-4.7345,
endPlayer
