// Player1
stat 4
	layer
		node 74.0137,20.5521,-84.4813,-15.7166,-12.0235,36.4249,30.0658,87.6916,-21.7574,13.5877,30.227,-73.3762,-28.2806,-76.3843,-47.0521,26.6968,73.8574,101.526,38.8407,7.55762,-44.4872,-20.6394,-20.6153,-7.08619,-28.7833,25.6763,
		node -5.25493,6.11691,6.29639,-35.8572,2.41992,78.8323,0.93601,19.5893,1.7715,5.61981,-9.78923,-0.801159,4.87768,-31.0517,1.54848,121.991,-62.7056,7.83015,-7.59935,74.3188,7.60178,9.87919,8.98816,11.8517,-51.9378,-6.40172,
		node -24.8595,-4.11471,95.9635,20.7276,-23.5048,-5.16364,-11.62,12.6652,158.041,61.1431,43.4487,8.97488,-5.98253,-0.249162,-9.69156,-77.8946,-71.9387,-37.1985,-3.09979,19.059,40.3518,15.711,-16.4369,-36.8365,34.7878,13.2525,
		node 52.5732,20.6409,35.2842,6.90366,-8.40193,-30.4913,67.8027,30.1797,107.434,10.0838,-39.5143,17.3884,19.4367,-1.38651,23.1032,-2.45917,4.61977,-98.2951,-4.2422,-1.3937,-1.1311,-1.32433,-41.0145,52.4044,-5.87345,-13.074,
		node -13.0934,31.2882,28.8743,-2.42434,-11.3068,24.5483,8.58386,-0.829442,-25.9422,-93.3781,23.6105,21.7391,78.3986,-54.2646,0.478222,26.3952,-21.3281,-95.2626,-21.7825,17.9937,-28.4643,-0.524203,-10.6932,-0.480957,30.1304,20.0912,
	layer
		node 132.111,14.9113,-45.6849,8.34812,11.8209,-10.7469,
endPlayer
