// Player54
stat 5
	layer
		node -150.973,6.70793,-80.4782,49.9755,42.7286,-9.00365,29.7377,6.47179,-10.537,6.76893,52.643,4.63826,-26.6031,-64.0879,52.1304,100.335,22.1768,-14.661,-5.8122,106.404,-49.2083,-14.3466,-4.92751,5.29129,0.509754,-17.9059,
		node -9.48943,14.8838,11.5063,-48.3179,7.89336,104.19,-0.0644606,86.7021,-14.0596,10.5998,-9.04176,-0.595191,9.32288,-39.7814,16.0929,6.99295,-70.1031,3.54427,4.04398,84.3701,3.6916,-20.0279,37.3269,4.01047,18.3662,13.6113,
		node 70.3287,132.585,124.184,-2.57386,-18.7364,-26.5555,-13.8641,5.70729,151.801,17.7692,45.5522,69.0997,-3.73877,-26.8654,27.9959,-48.5967,29.7458,-28.1564,16.9631,66.1788,13.4536,6.20155,-37.0962,-17.9246,25.6743,81.4059,
		node 61.7259,61.5757,4.08564,82.5732,-9.35218,-14.184,28.766,-39.4,25.3901,48.2413,111.449,26.7339,60.5979,-14.9864,52.3632,39.4807,-17.2561,-39.1762,-9.09536,41.2373,-31.404,9.81279,-39.7064,-0.92139,-7.20647,132.667,
		node 10.4873,-10.6029,25.8909,-9.18367,-66.3209,23.7611,8.40827,65.1143,-8.83601,-108.339,-16.0995,-80.2149,109.778,32.6792,57.4181,2.53486,-6.86474,3.7582,-20.6607,-6.18989,-21.903,94.2037,13.1415,-8.17909,30.7352,141.284,
	layer
		node 10.1762,57.5384,17.9686,-8.22648,12.1531,9.30439,
endPlayer
