// Player60
stat 8
	layer
		node 2.79584,-156.453,-21.1656,-17.2846,-18.2905,-14.9457,-11.5762,-34.7465,50.9329,161.221,30.497,-45.1812,-49.8777,63.6361,24.1623,-31.9263,17.031,-70.3661,-4.36376,-47.3207,-33.8844,12.4909,-1.89267,-0.899249,76.77,-2.28171,
		node -7.13166,55.85,-10.4029,-51.487,-53.1479,86.9723,-24.3507,81.2358,-72.1624,-38.3356,-11.978,-31.8128,35.1133,-34.4851,12.0764,-9.5125,32.6761,5.37771,14.1197,7.58746,-2.11512,1.11221,-24.6893,13.1431,33.6455,-21.2205,
		node -15.2358,26.4114,0.942342,-10.7908,-19.9395,-40.2268,-0.0852429,5.62517,157.763,17.0564,56.779,72.7825,11.051,2.07689,-11.8884,-48.3301,-60.4869,-27.0396,82.7058,4.78079,19.8933,6.64952,63.3929,-33.4274,29.4347,-1.32952,
		node -34.1941,17.5769,1.38339,-10.6948,-4.86967,9.50936,2.20667,75.4165,-20.9372,-12.8425,-34.726,21.1119,9.17905,-28.453,60.9679,118.4,19.2493,-54.0518,121.012,19.8463,25.1211,-18.6258,16.3816,5.92196,-69.8163,-27.6214,
		node 10.8665,50.7615,27.0941,-12.2096,18.9127,19.6595,-64.9616,7.52085,-24.8106,-87.7864,30.3721,18.3838,-9.45394,-50.4941,-9.7651,1.01635,0.0829805,-82.4068,-8.23722,-18.4425,-14.7033,3.10982,-26.7922,-8.74895,38.7482,19.6255,
	layer
		node 22.788,11.9356,13.3141,4.15902,2.30835,87.7642,
endPlayer
