// Player75
stat 5
	layer
		node -44.0218,-3.61497,26.0479,-27.4725,-65.4503,35.2344,18.844,-52.6058,-129.805,-46.3972,10.5619,-78.3489,171.325,149.341,-54.6993,-12.9359,-99.8544,-109.981,-103.545,-118.494,-39.612,-123.827,30.2099,27.1853,-26.3435,-99.7695,
		node 19.182,-119.545,19.6427,7.75365,30.6721,-41.2437,-18.521,-65.5768,-51.3519,45.0877,-55.0407,9.88223,31.4429,-2.83825,22.6429,-23.5828,76.4438,81.3255,18.5262,74.0179,-22.2068,11.6999,20.8329,-126.136,135.589,1.78852,
		node -48.3768,-36.4356,-64.6804,7.48363,-127.532,121.829,22.0128,-69.27,-13.1244,71.2316,17.0348,-4.7253,140.423,4.61965,-52.4251,11.7149,-111.981,14.6445,70.1154,-93.5869,0.63637,-4.30949,-37.7166,-75.0238,0.0206014,-72.7696,
		node 22.4745,-8.73527,90.2575,-108.281,73.0151,-26.7304,15.8992,24.694,-29.6528,-29.7546,88.4836,-0.728634,63.5329,-89.2825,89.6447,-38.9355,-8.61489,136.762,161.156,11.8781,14.3985,-15.1468,75.7287,95.0152,12.1734,91.3825,
		node 61.6532,-101.041,-52.2793,-100.344,114.296,-43.0469,98.7977,-76.8708,-46.8572,-39.2917,5.7563,-40.408,-57.9092,-11.1971,30.4293,17.6156,-123.647,22.9789,74.8707,56.4715,118.892,-28.4584,-27.952,28.9362,162.074,-43.5101,
	layer
		node 57.6372,-120.185,-17.0446,86.9075,-39.8247,-81.2968,
endPlayer
