// Player36
stat 5
	layer
		node 88.1683,-0.803206,136.629,-35.5696,27.8744,2.02682,-35.2526,19.3231,-23.0361,-79.0543,-17.8021,-79.2867,-82.0769,151.415,49.9154,110.022,2.45279,-7.00506,87.485,29.4806,56.5473,-90.075,16.3257,105.799,-86.0634,76.9052,
		node 84.9868,-36.4674,-23.2954,-0.736095,-59.3129,-24.5771,-21.39,30.9195,51.7723,46.1155,29.3222,1.74696,17.6067,-16.459,-4.90119,-28.6643,90.257,82.2784,11.6609,70.8723,-123.89,-45.2024,-123.906,-145.173,-14.3393,-11.8173,
		node 21.0715,52.2054,-112.585,-101.992,-37.5718,107.829,69.3525,40.7142,9.34997,-85.4999,107.883,86.3343,99.8202,-0.531451,-36.8472,13.1458,40.5778,-47.7291,122.715,-96.071,57.1128,-23.3286,103.483,-50.7612,125.868,-11.5305,
		node -66.8825,8.1808,89.6664,-38.5018,-66.7334,-32.9227,-58.7121,82.1113,43.5547,-27.3155,-43.3177,-54.0065,21.3431,-18.6161,-7.94853,-33.4142,35.7666,119.981,130.644,-85.6579,8.03718,26.7495,64.2821,6.06613,-36.2824,-82.5537,
		node -106.425,-100.751,-38.3019,-110.272,159.744,10.162,-20.5417,-84.5892,-14.9666,-34.4938,-76.9376,-32.2097,-20.8453,-45.4982,-129.429,-26.8066,-47.2399,68.6082,34.7749,-41.4527,67.9914,-86.9589,-30.5036,21.7998,-51.1425,-41.0958,
	layer
		node -40.9697,-55.142,-9.80878,-6.2067,98.5296,89.1712,
endPlayer
