// Player21
stat 6
	layer
		node 13.5344,-5.08952,135.408,-43.2675,-7.9336,39.0013,4.28181,23.6154,88.0634,-121.91,-3.8314,-79.5201,-92.3543,52.6418,40.8542,33.2177,-78.7304,-19.2951,80.3811,-37.1827,43.5225,93.5678,-3.6062,44.9223,72.2531,-90.2389,
		node 17.4234,98.4521,96.3806,-71.7567,-52.747,-24.2861,-26.4873,-101.144,52.6329,65.2101,54.85,0.240517,111.354,-13.1356,5.652,101.014,2.49232,-8.07644,-55.4662,94.9106,-112.902,-26.7003,32.3782,-136.372,-78.4681,50.8136,
		node 24.3722,-37.0653,89.4938,-43.3259,-127.753,122.544,80.1459,-52.0524,-119.895,21.4323,75.2587,76.5645,107.923,5.51955,-35.0265,10.6544,23.6481,27.4167,100.293,24.6391,-120.912,-100.447,126.355,-129.716,-66.5621,102.572,
		node 19.9781,-5.90008,81.1615,-35.8364,160.032,-40.842,39.9579,19.5929,-4.65504,-107.442,-60.3394,100.575,-45.8843,-88.0646,-35.0057,20.3066,-109.391,-45.0714,-114.326,75.9657,20.527,-52.0976,53.7775,13.087,-34.5292,92.1426,
		node -28.0217,-27.756,113.057,-81.1458,79.4823,-54.5298,-32.402,-110.263,-57.3982,-46.3493,-0.358945,-40.0898,-6.41289,-54.4923,-48.8,31.3276,-4.77256,-74.9068,34.294,-99.9872,9.43167,-71.7363,-42.8106,-67.1583,22.902,-35.7846,
	layer
		node 115.463,-9.82843,25.4478,-108.994,-106.731,-7.13469,
endPlayer
