// Player7
stat 12
	layer
		node 29.3231,-5.78209,22.4667,-36.278,-63.4084,-62.5793,-26.5526,98.2141,-131.139,-13.7359,11.9726,158.158,175.667,75.2204,82.5707,-9.5755,89.9484,-36.4626,-51.6993,13.7701,-28.938,124.371,-62.5636,107.253,78.4155,80.6375,
		node -85.232,-33.6193,16.0275,7.78596,-0.943654,-55.0225,-18.9689,-85.7851,-47.1537,45.6113,134.918,-89.6705,90.8859,12.6098,-3.11851,13.8382,31.822,-4.64454,163.073,87.6051,7.95279,-30.9156,-37.1848,-140.535,-31.7208,-0.469349,
		node -55.7437,-22.0478,-48.2923,142.749,-27.812,40.1151,55.4821,87.5316,-13.5875,-84.2669,19.6119,-6.42741,-53.2763,6.99084,19.9977,-32.1939,-60.217,-72.3214,109.446,-109.138,74.5633,102.728,-23.9317,-75.3437,-87.8864,-23.3763,
		node 0.118175,-10.5586,87.1622,-112.999,-15.9836,-36.4378,26.5624,44.2761,-1.30346,-100.606,-44.1117,-4.3221,103.087,-65.8337,-8.59155,-20.9737,-5.86231,-35.5237,-92.9276,4.64194,7.43358,-6.40307,-92.5353,103.658,-32.4163,-132.164,
		node -106.696,-24.8268,125.259,-76.3446,-14.4127,-28.6087,-77.7343,-17.3516,95.5671,-28.7726,-69.6258,-44.0904,9.20125,-48.3266,88.0662,-32.0826,-3.51324,31.3797,-45.5911,-97.119,100.706,-98.9379,-107.768,-43.9061,-6.75558,-38.819,
	layer
		node -78.2028,-2.32692,-1.06837,17.6542,-43.1674,-9.91638,
endPlayer
