// Player70
stat 6
	layer
		node 43.3105,59.8898,18.6416,-18.3731,-9.26042,99.0439,48.9394,-2.93018,-41.9091,-92.1193,23.1716,-8.48875,-41.5534,-2.53289,-12.5369,-20.2742,50.6193,-102.369,69.5297,-22.8592,14.4536,76.9285,-13.0825,28.2312,45.6714,147.739,
		node -2.48386,58.5997,-28.7043,-75.6294,-61.0134,11.0141,-115.648,9.4336,-111.869,-9.15086,-50.5234,-5.28252,50.1175,21.2288,19.4129,-8.56477,44.3707,-3.91289,66.6137,-93.8833,83.2513,76.2332,-105.822,53.1715,-59.5811,59.4296,
		node -47.2233,-51.7949,50.1946,-40.2008,39.958,54.1095,22.3901,77.0151,-24.4314,15.8499,19.1241,-69.5133,-30.4909,-19.3209,39.7604,-32.8683,-71.934,35.5534,44.6531,-74.1284,1.42677,53.598,104.613,-12.9585,4.4988,-49.5022,
		node -5.30063,49.83,-17.3735,-41.2646,44.3011,-104.324,62.28,-28.3426,-3.2794,26.8548,22.9444,-40.1504,-1.86397,28.8623,56.2861,78.5024,-47.2817,65.3408,35.8826,-54.9653,-14.7767,4.74561,0.0288196,-15.8397,12.3705,19.5502,
		node 29.9055,-69.6675,49.7387,-3.2052,62.1874,18.8598,-22.8195,-48.5073,0.326866,-22.2655,8.16883,-1.49844,57.1384,42.3325,27.6771,58.4854,5.91771,44.5559,-2.06361,16.9788,9.77127,71.7293,62.4017,68.5257,64.3788,94.3316,
	layer
		node 84.4124,95.8198,-24.1592,72.1845,19.5801,-69.4329,
endPlayer
