// Player76
stat 3
	layer
		node 350.501,255.084,246.162,3.05877,236.584,116.879,307.552,34.3028,292.777,364.995,370.583,286.168,280.915,302.409,372.046,308.662,371.256,178.707,262.943,211.738,333.734,350.187,117.102,189.235,-54.3381,237.415,
		node 267.382,26.4289,-2.84701,351.507,85.561,-1.97115,284.767,293.233,-24.4347,236.275,-18.2872,51.3647,358.265,-441.723,246.448,22.0948,223.771,295.482,344.141,292.511,-369.878,308.927,-10.1569,-21.1442,284.657,340.93,
		node 1.54596,360.453,274.577,165.058,344.461,226.485,179.177,270.602,140.705,244.767,199.842,259.957,335.536,241.922,188.12,383.16,273.623,268.792,-38.2497,273.853,134.014,205.692,298.791,279.249,362.157,-404.725,
		node 258.88,-11.8556,259.621,378.528,93.1163,255.908,-378.486,51.6505,299.901,214.175,50.5441,110.032,-37.7375,-34.3208,-31.28,248.559,-24.1334,300.051,288.59,265.837,268.666,95.9439,-2.07248,257.861,337.928,-19.5098,
		node 214.46,247.785,-429.068,1.86809,258.4,239.858,265.444,312.621,247.212,-33.7083,344.011,229.037,383.623,270.641,296.365,-32.0002,290.988,289.759,-31.2244,267.685,-405.922,86.1423,255.547,325.761,99.5493,357.198,
	layer
		node 239.661,259.753,259.212,-1.93918,-412.981,211.867,
endPlayer
