// Player12
stat 6
	layer
		node 352.264,338.012,251.015,-0.281571,315.831,205.3,298.566,297.927,1.37512,282.322,369.266,12.5029,246.876,293.516,233.47,307.288,293.544,180.665,193.62,204.265,-63.3722,25.6287,333.041,186.749,278.389,247.633,
		node 266.272,54.7084,332.943,323.463,195.077,-6.77696,285.348,305.353,-13.6536,360.909,269.206,39.5714,352.924,268.816,287.187,187.536,206.208,298.16,343.698,368.454,-386.005,386.447,242.059,265.196,198.898,339.008,
		node -22.0077,197.023,208.218,98.748,145.45,235.872,-31.8903,311.081,236.534,244.163,185.377,249.693,234.436,-12.3667,-45.9896,343.782,89.5927,130.177,273.979,2.79835,253.323,-384.831,291.083,-384.81,374.552,9.61526,
		node 383.497,269.846,-25.7243,315.234,225.664,-11.4138,263.67,-54.217,-10.7061,296.377,276.386,197.057,311.804,377.849,-48.0761,348.705,-37.8931,352.398,287.059,281.784,10.7791,269.839,0.665727,256.549,321.241,216.06,
		node 305.639,325.571,-424.002,-27.1865,284.095,344.663,234.741,360.641,241.257,189.188,339.512,236.484,381.972,425.336,289.261,297.998,175.092,310.67,-408.751,345.51,8.95841,342.926,288.445,265.887,102.382,89.5815,
	layer
		node 130.231,262.049,-27.1028,12.7576,303.608,120.044,
endPlayer
