// Player18
stat 6
	layer
		node 67.7729,275.635,249.221,2.03901,272.783,6.68124,-426.074,52.5038,0.266785,367.684,374.904,4.6204,236.955,255.172,282.386,331.296,277.531,242.823,-39.7846,258.642,28.5595,16.8891,-35.2118,200.24,261.772,293.482,
		node -31.3412,43.8271,-369.148,370.695,86.5017,295.749,267.583,305.382,48.2613,227.802,280.377,21.1056,-1.1253,253.071,277.61,26.7479,281.693,298.101,340.089,288.337,-385.768,182.462,260.462,335.109,266.075,335.5,
		node 0.887593,194.42,280.675,-371.134,9.28917,185.892,176.552,285.312,356.604,241.138,178.74,5.12075,336.472,273.654,182.152,386.897,346.881,249.813,-36.9791,255.95,143.703,198.969,287.109,-6.75104,191.451,33.3287,
		node 340.346,-1.86417,196.131,319.464,283.878,200.84,241.435,-57.5739,176.891,212.653,234.488,276.035,-22.0375,267.563,-24.9854,295.261,-41.3466,346.435,275.261,264.569,112.935,269.273,-1.37545,265.646,276.555,-14.6659,
		node 247.531,246.904,321.25,-48.5504,304.583,248.478,281.339,83.6888,218.845,285.307,342.59,234.602,246.568,416.121,326.958,281.235,296.116,306.834,-412.509,-368.295,256.826,334.509,256.258,259.035,97.895,366.381,
	layer
		node 216.442,285.518,350.517,334.406,189.366,348.183,
endPlayer
