// Player61
stat 3
	layer
		node -8.00089,269.81,51.9542,1.01236,-10.2984,265.215,293.352,101.061,-1.6514,282.165,-33.5294,184.293,248.382,298.594,3.2461,324.968,275.866,191.812,252.917,241.058,243.746,25.3113,330.521,208.114,280.818,219.574,
		node 264.053,226.59,-10.3248,363.407,188.058,186.003,281.578,-33.8174,-40.7967,254.258,368.621,243.229,-13.6891,254.639,53.337,25.58,248.315,288.242,338.834,372.471,-382.46,133.616,-6.51529,335.476,240.328,-39.1835,
		node 256.013,360.976,210.339,170.247,160.407,183.285,253.503,227.654,350.762,281.11,195.962,247.204,49.5395,349.824,274.498,379.581,268.924,288.764,256.297,264.245,219.152,250.354,273.779,-2.62367,50.9281,362.951,
		node -26.5386,266.404,296.614,320.127,88.8005,253.214,240.903,263.299,177.051,219.463,41.1175,-28.5161,-35.4651,273.763,250.79,-14.2385,-28.4048,344.454,322.649,266.257,108.871,272.826,255.422,280.773,317.562,-16.3366,
		node 216.733,312.926,259.214,-46.6854,282.342,-17.979,287.696,310.285,243.993,285.214,336.003,338.389,246.229,430.826,294.889,-32.6474,295.368,306.005,-427.21,260.454,291.456,298.369,49.5761,265.612,378.658,343.907,
	layer
		node 259.068,330.591,171.184,251.371,78.365,201.755,
endPlayer
