// Player50
stat 7
	layer
		node 20.1245,-7.58402,-76.9983,15.7905,42.4909,18.1735,49.7029,-75.7877,-59.4837,-84.824,-69.0554,36.9783,4.26512,-126.496,98.6785,-22.2397,63.7064,-102.266,51.2869,-12.7728,-27.3023,-85.6623,211.075,124.137,-27.6237,-80.722,
		node 92.2108,-76.813,-162.11,108.505,149.344,-47.9771,16.2707,-86.0714,-106.954,-23.6763,-7.15157,41.4571,-20.8432,41.7217,-61.0331,112.168,-25.4245,-98.3902,37.0814,3.4546,-39.4202,60.1382,-30.1143,203.55,90.0026,49.822,
		node 202.405,-65.5805,150.094,-4.01693,9.18646,46.5575,174.932,203.308,-91.4957,63.4211,-11.8788,81.2375,35.2314,-3.25792,-70.708,-35.8369,19.7436,17.2993,-17.7619,114.501,64.0277,-129.33,67.1865,112.528,-24.0361,-90.3938,
		node 97.9114,-7.27175,48.4018,-47.8479,-34.9369,-33.4284,-13.0991,-80.5288,18.9164,-154.339,93.81,-73.0731,-5.05557,-61.715,63.7746,-19.4243,-1.56199,125.365,-55.8437,-100.203,-38.7833,111.078,82.3094,155.794,-12.1638,10.8449,
		node 12.4747,-114.147,62.0508,85.911,12.6531,-109.949,20.7919,101.914,-21.6541,37.4234,154.421,-50.6652,80.2272,63.5312,-64.5479,-57.6988,-39.5893,-33.4495,-81.045,-98.9307,29.1693,21.6657,5.23667,-99.1489,214.07,30.9677,
	layer
		node -44.1247,-40.9669,16.0867,9.31742,83.6378,47.696,
endPlayer
