// Player77
stat 2
	layer
		node 21.4015,77.9685,77.747,15.4745,30.8194,-35.0018,37.4886,-88.5045,-60.0067,17.8554,-91.1876,49.3816,77.1422,-118.015,72.0625,82.3272,-80.4632,62.8599,-63.7348,-20.9496,41.1937,-79.2845,93.1338,125.8,-28.7966,-79.4258,
		node -12.0699,-96.96,-90.0127,110.622,150.514,-99.2725,23.381,-106.708,62.2971,-23.9362,-4.26295,45.8171,-27.8356,40.9308,40.4628,79.8027,-20.8804,-89.1883,-40.4341,-21.5238,109.879,-13.1925,101.218,90.5653,-26.0714,113.345,
		node 203.826,-62.1634,173.028,1.4903,42.5732,112.402,-5.9666,-23.6232,-109.898,-105.223,-3.82955,90.2504,53.5229,-79.9739,99.1595,9.49072,27.1226,11.3666,-14.3484,103.054,60.8207,-98.7598,11.2261,54.5004,-18.8315,-83.2178,
		node 96.691,62.1046,58.5691,-45.7753,-13.1597,157.545,110.735,-21.934,28.2111,-159.858,92.3165,51.7862,35.4396,-78.1672,72.7827,192.204,-9.81651,-33.7193,-124.26,48.2175,-38.8484,101.918,78.1414,2.4433,116.719,24.581,
		node -25.8542,-25.5934,82.1945,93.8042,13.8903,-112.508,15.9115,114.926,-36.2902,63.1843,47.1173,69.8137,62.3475,92.9464,-77.0614,-46.2093,-52.3334,-33.6165,-79.1286,65.0312,-152.177,19.2941,14.5453,-93.5122,209.025,32.7765,
	layer
		node -25.803,-11.8569,-43.8579,26.8025,4.72896,90.2889,
endPlayer
