// Player13
stat 4
	layer
		node 202.981,201.969,273.21,244.714,260.519,-33.9482,-83.8226,218.638,-89.6151,57.8254,-282.864,-93.3969,-101.341,-73.1311,-22.0716,24.0817,-20.824,-126.921,-142.661,-95.1586,256.247,78.388,215.945,181.388,-101.082,-115.147,
		node 16.5707,-78.4213,179.276,248.623,206.158,172.634,276.095,229.235,-44.6036,161.609,252.951,51.4414,48.308,-89.4575,-69.1054,134.006,201.272,62.3542,-248.725,229.12,-31.656,-94.5326,-93.4191,79.1253,-39.0849,173.725,
		node 156.06,255.996,-285.544,40.3026,246.071,225.718,-87.8473,-36.4233,180.944,191.493,-10.3657,47.1888,-97.5679,-81.4628,249.77,-81.6635,10.6396,90.6103,155.803,175.686,-3.12148,42.2334,188.631,189.01,237.94,55.5196,
		node -34.8919,-10.9346,232.258,154.773,19.1373,-73.8688,-116.227,112.95,12.343,262.218,-124.498,239.733,-113.975,49.0132,173.201,205.064,251.114,245.977,250.717,15.9955,258.594,177.552,-33.2314,242.572,163.074,197.587,
		node 180.326,106.385,-70.4462,68.35,77.3673,205.641,-68.1342,203.57,-84.5033,-31.5664,-49.6525,31.6519,119.002,-93.6929,-68.9504,150.297,198.723,-49.4287,229.291,-69.3301,197.108,39.979,-8.17036,154.486,62.9651,157.943,
	layer
		node -71.7665,236.286,-102.574,-33.0175,-78.7879,-41.1315,
endPlayer
