// Player70
stat 7
	layer
		node -65.4486,186.249,-82.054,122.917,-31.1865,200.085,-27.4583,214.381,50.651,53.8601,214.793,-102.817,-83.2901,227.064,-110.646,19.9973,245.145,71.8394,331.58,234.322,246.231,75.5412,-295.815,210.581,17.7737,171.362,
		node 171.469,118.239,208.44,3.37268,204.18,-85.5496,270.119,-40.2597,-42.7513,133.633,225.818,52.5828,222.29,-48.4045,254.632,161.736,27.4571,-138.652,210.95,205.647,-32.0296,157.685,-89.2392,80.2101,-43.112,-146.647,
		node 151.572,-95.2842,37.8465,232.963,239.84,233.684,-50.3027,-39.2425,181.196,206.097,-65.7794,-113.959,227.983,-94.0712,216.78,195.587,219.183,239.818,172.86,-314.323,-3.56414,46.9254,-32.5487,200.158,235.204,47.965,
		node 72.4868,240.467,213.206,69.4521,27.9702,146.828,-69.5171,114.888,-106.93,146.786,105.403,232.362,-124.909,-139.201,172.603,205.281,229.396,281.506,244.14,193.551,234.999,221.206,142.358,247.268,158.737,194.797,
		node -122.971,224.659,164.558,60.1778,224.988,162.126,-22.2949,242.831,-82.1411,61.8354,-63.8817,219.227,228.834,226.365,1.51948,-45.1527,-143.062,-42.1385,233.896,-6.32654,-102.04,-57.0367,-145.865,-79.1608,-103.623,41.329,
	layer
		node 28.0668,-68.4632,-154.359,-67.5984,140.788,-65.0671,
endPlayer
