// Player15
stat 5
	layer
		node 210.097,198.893,278.359,243.811,245.858,-108.767,-88.1666,222.686,53.0193,43.3588,-88.4457,-94.9769,254.505,242.364,-14.449,21.6801,236.85,-109.613,331.888,122.946,264.258,71.0314,-290.15,213.225,217.465,133.959,
		node 252.473,118.355,179.766,268.448,203.716,166.551,-129.906,243.292,-41.4813,-57.1261,221.682,45.2042,217.097,-41.0069,55.8822,-96.0201,208.411,25.5972,-253.557,187.495,-29.3129,225.332,-125.933,78.8557,-29.9313,170.16,
		node 271.467,238.844,251.122,203.364,240.781,170.775,-86.1519,-36.6945,136.315,205.371,-286.806,-281.497,234.487,59.8467,78.1918,-100.112,-152.216,162.079,75.0098,-321.479,15.4924,74.8956,186.436,194.489,232.372,-105.282,
		node -32.4103,-10.4892,203.877,74.9511,22.4731,8.08018,-71.1904,111.645,13.591,-77.9639,252.362,231.326,-130.437,322.038,-109.061,142.162,16.1371,286.881,216.959,19.6352,243.406,194.253,148.734,223.023,-87.989,197.313,
		node 235.078,218.609,174.186,121.838,237.096,198.855,-63.0299,-51.2821,-90.048,215.618,-59.028,44.2176,-27.3706,229.629,155.22,-121.316,-133.573,-83.4864,82.2846,-66.6298,198.832,-62.572,-6.24903,153.849,58.0972,162.343,
	layer
		node 47.214,-101.298,236.121,160.506,-77.8372,115.753,
endPlayer
