// Player54
stat 6
	layer
		node 105.879,-30.2181,23.0251,-190.304,43.7606,-114.742,110.127,-120.507,4.03908,-60.7368,83.2918,-148.526,10.6394,44.5914,-72.8545,47.1494,182.128,-70.3133,58.8817,-82.1748,-28.0513,33.9818,128.516,-69.1718,69.0679,-160.968,
		node 63.0289,3.80501,24.616,-30.2157,214.285,72.3698,53.9294,-19.5867,-148.152,100.659,191.361,-41.702,-5.2481,-35.9675,-159.652,-105.83,-13.5937,-128.662,-71.935,75.2291,84.3763,-20.6216,36.0929,-32.828,49.6161,245.282,
		node -60.7224,47.7111,47.8066,-71.4917,67.4138,1.95183,206.128,61.8824,86.8972,-22.7227,32.9914,-89.2441,-25.1771,65.6655,-92.2181,-51.8541,232.945,12.7898,61.6527,-43.6342,-28.4183,-103.118,27.5278,-50.9417,66.462,-41.1882,
		node -24.352,51.4509,-119.705,19.5632,219.309,272.697,27.1771,61.4041,-116.222,17.0992,-2.5552,-103.233,49.7371,36.1599,-171.262,46.7431,-112.124,6.17917,-76.1452,254.306,48.5075,-17.9091,-97.3261,-103.344,-85.3621,58.559,
		node 57.9176,-32.9166,-24.2248,-147.783,-64.345,18.8375,126.605,97.9833,57.7809,107.036,56.9494,121.607,8.26828,13.2659,6.28089,44.639,187.449,121.902,-125.348,-89.1962,49,-126.351,37.4221,99.5304,-44.8733,-59.1684,
	layer
		node 21.7952,-111.286,-0.866987,-18.4509,-65.0897,-7.97123,
endPlayer
