// Player71
stat 5
	layer
		node 113.664,25.5379,273.308,-119.087,-14.657,73.6764,109.883,126.785,12.8948,-62.2376,66.2713,-142.366,12.2718,39.6369,-77.8879,49.6805,179.013,-70.2416,60.8716,-82.9232,-30.3059,-63.8551,125.446,166.25,67.5185,-162.241,
		node -51.2508,-2.51487,133.893,75.1955,207.206,70.4569,49.9612,1.8853,-165.573,99.011,-29.4004,-46.6884,-131.908,-41.1548,-98.5666,-103.771,-13.5051,-129.515,-66.9955,76.6959,-50.3579,-3.15433,246.281,-63.6565,32.7614,232.287,
		node -43.326,-139.665,35.1583,-91.1228,111.704,2.48334,-64.3567,39.1297,107.337,-7.15362,-23.507,-106.837,-33.7893,40.3506,-90.5075,-52.377,-10.8272,-4.27676,-83.1825,18.9423,-24.9784,-114.945,84.2995,-54.835,63.6946,-32.753,
		node -36.0165,59.1639,196.334,20.7117,-39.0846,275.995,28.0053,54.4803,-114.082,16.7813,-19.7938,55.6591,-30.6588,38.7164,-21.201,13.3588,-107.03,-12.1639,39.5931,250.749,7.71404,64.7317,-93.6774,-96.3936,-31.9407,59.5705,
		node 52.6591,-70.4461,-56.3999,-149.494,-56.0548,-30.8498,-27.116,87.8578,-17.6784,101.41,19.953,125.844,-57.5408,-26.657,123.252,39.8383,183.621,-76.7723,-121.524,234.452,-43.1482,-142.918,21.3804,-32.1806,-60.4471,-63.5835,
	layer
		node -100.386,-114.827,-104.188,-156.115,-21.5367,-133.753,
endPlayer
