// Player22
stat 4
	layer
		node -46.868,18.9874,-0.754828,20.2109,-5.72061,-2.53209,-23.6479,11.4576,-13.6527,-20.4936,22.4102,-2.24106,2.31564,65.7565,-8.52878,7.80274,-0.131558,-15.5902,13.9128,-27.1207,37.2718,-8.62202,-6.98349,2.48355,48.7614,8.30908,
		node 0.594627,-17.4069,40.9883,14.6958,14.8861,52.7976,91.3141,-28.9494,17.181,-5.20896,22.1419,4.60487,17.9624,-13.9367,57.6743,-2.6451,0.553478,25.951,-1.75654,-40.8289,22.9454,-24.0462,8.52704,-3.80905,48.0874,-6.01655,
		node 34.0395,32.316,16.594,12.1418,-6.51188,-7.53757,-24.375,-15.5507,-3.34154,22.2367,-36.1242,18.8774,-36.1208,3.69495,6.88244,75.2638,-4.08146,38.5373,4.01604,-3.78742,-26.1762,-26.1038,29.583,37.7778,-27.1251,-3.45004,
		node 41.6215,16.8377,41.7134,1.89215,7.0691,3.92721,1.30643,9.01947,12.9816,21.2457,3.38573,35.8867,9.14784,5.14474,-13.5982,-35.9568,-20.9404,-30.6891,71.2261,6.17254,-5.43352,10.5919,-22.2247,1.39269,33.028,-1.45473,
		node 26.0921,-17.7353,-10.4693,3.71796,-11.4896,-29.6537,63.9043,-71.7183,-20.1321,-6.67325,-48.8568,-8.23089,26.0882,-12.7584,14.1015,57.7414,-7.60935,12.8674,17.7911,-46.4485,10.4407,-47.349,32.4364,28.527,10.7415,-62.4933,
	layer
		node -12.5268,65.243,-10.3222,2.46663,-6.31063,-25.3908,
endPlayer
