// Player42
stat 3
	layer
		node 47.2615,7.77061,9.00454,8.41837,11.9336,13.7928,-19.845,-2.12062,-43.3549,-20.7805,-6.52357,-5.90403,8.78354,-23.1779,-8.74934,-0.210034,1.77268,-25.8506,33.2674,-21.7034,27.6472,7.65395,2.0593,-2.62235,-5.66933,3.56003,
		node -11.5067,-12.1393,38.326,-0.0146759,38.5259,16.2436,37.7318,7.799,18.3804,21.4499,32.443,-49.2596,6.33225,-15.4549,62.9859,18.098,-1.47231,23.7149,3.97916,-35.7171,80.7876,-29.0973,-7.8067,0.253301,46.4543,1.0432,
		node -4.5732,23.0977,0.993486,-47.34,-13.7816,-38.4688,3.03062,37.803,11.2905,15.7983,-30.2651,12.0034,-59.6123,2.745,6.83493,5.15789,1.06931,44.2475,-8.11722,-8.77023,4.97196,-18.203,-20.8263,28.349,-34.5865,-6.04059,
		node 11.7528,-6.83242,41.1077,-10.5702,8.8358,-14.384,14.6695,13.8415,9.20932,9.94662,32.1463,38.3731,8.93597,10.0488,-7.97139,3.14721,-36.5289,-43.5116,-45.3185,5.99103,50.992,0.625639,15.2023,2.77082,32.8556,25.2034,
		node 10.4378,-11.0173,23.9205,-27.5383,32.3527,-35.0884,68.8175,-57.5679,-18.9389,3.07761,-13.6865,21.7432,28.0042,-24.5798,-20.5534,1.90118,-9.2632,22.507,-82.2039,19.1456,-50.7957,-1.94125,27.253,12.9813,16.4594,-60.0182,
	layer
		node -30.912,57.2435,-42.0192,10.4171,31.468,-9.90235,
endPlayer
