// Player8
stat 10
	layer
		node 41.9765,24.7725,-9.86896,10.1609,-1.19599,10.0577,-26.0065,17.0757,5.18983,20.2664,56.9367,3.08783,9.63275,-16.0548,11.294,-14.2127,10.2953,-23.3575,-18.8462,-14.9698,33.7682,-17.4347,-20.3146,-1.58938,-14.2091,-7.77156,
		node -21.979,29.9522,49.7444,61.7624,5.18533,1.74536,15.8993,-26.9395,-1.32753,12.224,-5.35774,41.0202,-16.9538,31.1764,10.6535,13.5241,3.61971,-27.0482,-8.18604,-37.7791,11.8051,-17.3778,6.50317,23.8086,-13.4024,-15.7745,
		node -25.3013,-14.8048,-6.80451,-2.92615,11.8652,76.4585,-24.5357,4.698,-1.4386,68.529,-17.9984,14.3638,-64.8435,-12.1036,19.9967,-0.450302,4.15525,41.989,23.7652,-8.73582,-25.3896,44.8254,18.2415,15.0738,30.07,4.21242,
		node -5.70188,50.1872,-18.7594,-14.6758,10.6447,-0.319289,-6.67792,11.1128,1.3562,15.5685,76.6831,40.0077,-42.9842,12.1302,-16.9697,-5.08162,19.7367,-38.4353,2.61461,-6.8743,20.7767,16.8662,1.06566,-37.3828,-2.30693,6.77416,
		node -13.5321,-1.17081,-7.28717,-4.85727,-92.5289,21.253,58.6774,-57.1608,-27.6455,12.7916,38.6163,-57.4178,1.26273,11.2224,30.2578,59.4587,-0.54575,31.9698,-79.3735,-7.34999,-57.8664,-13.1798,0.318164,15.6859,-5.46312,-61.6488,
	layer
		node 3.5029,-27.5167,-30.05,25.6532,8.20151,10.6093,
endPlayer
