// Player16
stat 6
	layer
		node -19.6973,13.1315,1.77455,34.2032,-7.92216,10.1772,-13.6396,-7.88337,-26.7485,-35.9709,-13.5046,60.6492,17.0426,14.3898,8.35111,45.998,13.0576,-9.84809,-21.67,1.17626,-27.3393,11.568,28.319,13.4834,-5.48731,-1.7839,
		node 44.8128,15.3092,33.3231,-112.311,-61.4399,-72.3169,25.7098,8.38911,-36.7978,-5.98011,5.37964,13.4429,-13.0876,12.8725,6.55597,-0.870658,-91.9424,-33.6766,-9.35255,11.4088,-25.8426,-13.2255,-78.797,18.1551,4.26245,-27.2185,
		node -6.17357,-25.1902,15.2948,-7.42309,-17.0707,5.83547,3.45497,48.4154,-11.9756,-37.6857,21.8822,14.9356,9.10265,58.9841,1.54372,15.9064,14.5641,-10.2526,48.0067,20.3938,-61.7523,18.131,-8.35509,46.0769,12.7739,11.5949,
		node 10.764,4.35273,-35.563,-12.3348,33.8521,-16.9842,-28.7706,-41.3857,-11.9805,-4.27506,-6.56326,43.6212,-32.0485,47.9584,12.5708,35.017,15.9811,-19.4792,-6.95973,5.25344,4.02568,6.29743,-15.8248,22.2742,14.6549,-5.48893,
		node 28.2589,7.36162,16.9568,-10.6382,23.9532,21.6054,10.463,-28.1452,-40.6279,-0.366638,32.086,-12.0714,-41.693,-32.6027,3.73208,10.0917,-14.1427,3.18071,-11.2867,-41.3993,56.4467,33.8295,-43.608,-17.9558,-7.26808,-10.2889,
	layer
		node 54.2414,27.0244,-34.2089,1.50468,2.41551,-12.5471,
endPlayer
