// Player0
stat 11
	layer
		node 3.64483,6.99201,-6.95526,3.38709,2.49993,11.0749,-0.108681,-6.25324,0.833642,-5.10438,-2.02208,-3.5847,-11.4953,-3.772,-0.807913,2.87925,-2.4105,-0.968129,-3.69071,5.32848,-1.01222,3.50835,-8.17616,-5.42881,2.54547,-7.28279,
endPlayer
// Player1
stat 3
	layer
		node 1.25592,2.24293,-3.35265,4.69026,-0.351111,-6.46836,2.48085,3.45089,0.117213,-4.46057,6.40244,2.75986,-12.9925,-12.5281,0.0298723,-6.95996,-13.643,2.72785,-8.22388,7.7368,9.0127,0.286714,-5.31057,-4.22227,1.03263,-6.92454,
endPlayer
// Player2
stat 7
	layer
		node -2.11111,1.13875,-2.6109,1.47498,4.72336,-5.37918,3.88922,1.51227,0.0862611,-7.71832,12.091,1.86347,1.18466,-11.5492,-6.13588,-0.0259353,-0.597099,-5.14753,3.65173,2.1702,10.6768,6.48097,-3.93864,-6.36426,4.17243,-4.57923,
endPlayer
// Player3
stat 6
	layer
		node -3.79877,-1.33342,14.8192,3.33585,6.36775,-9.09148,11.9323,2.85967,0.818856,-1.40527,-11.3066,-0.906755,0.24562,-10.8273,-3.35951,-6.6533,2.83448,-8.7939,0.752228,5.22717,12.2195,-4.17052,-3.90829,0.771747,4.32417,-5.22255,
endPlayer
// Player4
stat 5
	layer
		node -4.21366,4.93367,-13.8887,5.62871,-6.39143,-10.468,11.2379,3.6314,-1.888,1.05979,-1.89534,7.4246,2.46017,-14.2998,-3.95731,14.3629,-7.08216,1.47164,3.62213,5.76605,5.92152,4.79709,8.88451,-4.66371,7.35583,-4.29757,
endPlayer
// Player5
stat 11
	layer
		node 4.82803,-5.58317,0.381043,4.41415,-8.43546,0.0133795,-3.49818,-4.26178,6.38299,-0.0153917,0.419049,-4.18998,1.93492,-0.890239,-4.11324,0.237352,-6.5792,0.461573,14.4591,10.1064,5.35223,-3.71299,-14.635,-5.7097,8.09453,-3.64689,
endPlayer
// Player6
stat 3
	layer
		node 5.39312,-6.75641,-1.56816,-2.70503,10.9354,-8.15154,8.67074,5.63639,-0.543573,-0.684906,-7.08183,-4.31863,0.821532,3.57273,9.27071,3.72911,-3.66891,-5.61757,14.3864,-2.22469,8.78375,-5.99612,-14.0436,-0.642669,9.0803,15.4973,
endPlayer
// Player7
stat 6
	layer
		node 3.42604,8.18312,-1.22395,1.03174,8.64501,11.361,3.04329,3.40177,0.182995,7.14241,-7.6908,-5.75785,4.90018,3.17632,0.890833,4.46621,-5.9095,-3.86706,15.3131,-0.956116,9.44091,-7.77569,-7.18826,-0.0642587,-6.8589,13.5484,
endPlayer
// Player8
stat 4
	layer
		node 0.846177,1.43463,4.7199,0.84434,2.01649,4.42753,2.39077,8.00467,5.55341,10.0753,-1.27171,11.0729,2.02807,0.986435,2.11175,10.4366,4.25116,-5.71529,-2.76414,5.10155,3.31255,5.90283,-8.79095,-4.19658,-7.82718,8.21121,
endPlayer
// Player9
stat 4
	layer
		node 4.31165,-0.657007,3.12316,2.79031,1.64545,8.57785,-0.652212,-5.74046,-8.37895,-6.13226,7.39487,-3.27892,-7.45401,2.1777,1.10568,9.67651,3.28442,8.15664,-2.85483,2.76143,8.19271,-3.77199,3.51617,-1.28512,-12.5212,-9.30078,
endPlayer
// Player10
stat 5
	layer
		node 2.88522,-5.84106,3.57711,0.101833,-0.995604,12.1834,4.58322,-6.35983,-1.34547,1.26962,-2.49271,-4.60651,-9.56468,2.00777,-0.486722,2.33711,-1.67224,-8.21592,-0.801449,-2.27971,-2.74969,7.34226,-3.89287,-4.99128,0.0319961,0.0286021,
endPlayer
// Player11
stat 9
	layer
		node 1.61244,3.212,4.62566,0.554592,-1.10145,-1.3606,6.10797,1.98593,2.658,-1.39974,-4.8912,1.98015,5.4178,-1.26082,13.7804,-5.71312,-13.218,0.827066,4.924,5.67409,10.2274,-1.64582,-4.06697,1.69038,-1.60969,-3.17832,
endPlayer
// Player12
stat 6
	layer
		node -2.22466,2.84531,12.4471,1.85918,4.83024,-6.95063,3.24642,2.59877,4.71163,-3.08188,-10.4003,6.34429,0.667503,-0.61144,7.76931,-5.53405,2.404,-6.0217,4.28879,-2.16489,6.36527,-1.55423,-4.76524,6.70386,10.2821,-7.29424,
endPlayer
// Player13
stat 7
	layer
		node -8.45356,3.75872,12.5929,1.12001,3.80405,-5.99965,1.82535,8.85975,-3.83301,-7.8457,-1.8973,10.9224,-6.19536,-9.42671,9.01666,-6.62314,-1.10979,1.02836,3.43313,2.62057,10.5298,-2.04375,-6.20597,4.14993,7.33622,-1.91488,
endPlayer
// Player14
stat 7
	layer
		node -1.86533,4.50312,-14.5822,1.9537,0.860346,-1.15835,0.567033,-0.769337,6.8548,-6.88451,3.98766,10.1192,2.67008,0.840115,4.88746,4.65273,-7.55108,-7.30049,4.29476,0.270343,4.08548,6.88391,2.79143,-4.93697,10.0329,-5.74432,
endPlayer
// Player15
stat 8
	layer
		node 0.380101,-1.5092,-1.82817,3.88522,3.1844,-6.48522,-3.1604,0.273843,14.7305,4.46911,0.838519,-3.00103,-8.17406,3.23129,-1.65216,2.28853,-4.65331,7.05538,2.16468,-0.879526,4.19067,1.33263,1.48429,-6.24868,9.72098,11.2839,
endPlayer
// Player16
stat 2
	layer
		node 6.25978,-3.9964,2.46839,-4.67181,1.4487,12.2618,-2.97168,5.18233,1.38414,3.23975,-6.97809,-4.85727,-9.30963,2.84822,-1.25345,-1.24199,-3.86641,0.294702,-3.65275,11.5363,7.9939,-6.80221,6.87864,-6.70315,4.77193,20.6148,
endPlayer
// Player17
stat 9
	layer
		node 1.32067,-3.3051,1.45015,-5.20576,2.96116,-4.53953,0.982963,5.74016,1.45749,8.49666,-14.6614,1.78705,5.83706,10.0058,2.2398,1.71844,4.70171,-4.69848,1.53751,-2.19967,9.90155,-8.56599,6.87025,0.94191,3.7601,9.09469,
endPlayer
// Player18
stat 6
	layer
		node 6.58148,-0.588837,2.90977,3.59306,0.152315,-2.6835,-2.90741,8.41687,-3.04533,-0.456368,-14.555,-8.03046,-6.29175,0.951163,1.53956,4.12634,-0.751599,1.63594,2.28945,3.22915,-3.74759,1.72962,3.83208,-1.96898,9.38183,-5.53952,
endPlayer
// Player19
stat 4
	layer
		node 0.860628,-6.17135,1.92066,-1.74262,1.76419,14.4313,0.00970138,-8.87313,-9.55613,-6.03043,-0.0169271,1.15278,-5.73867,-3.28738,3.00674,2.41571,2.4878,8.40033,10.2709,2.89162,-0.242446,5.58693,-15.4538,-0.521996,-1.39711,-9.28698,
endPlayer
// Player20
stat 5
	layer
		node 1.95839,-6.30235,4.06839,-0.236433,0.0060947,11.9062,-4.30232,2.59487,2.7901,-1.1623,-0.197141,-3.30104,-14.3387,-1.78769,6.96756,2.96286,-1.19538,-7.44107,-0.862699,5.97342,6.12304,-3.41398,-10.9557,1.02103,0.00774832,-8.78032,
endPlayer
// Player21
stat 4
	layer
		node -2.52369,-9.57076,11.0441,0.468904,-17.257,-1.35101,-2.24903,-1.76045,-9.9435,1.03485,-8.84486,10.3028,-14.9488,1.12428,-13.9923,-12.8555,-4.01198,3.72626,-6.8006,15.426,2.16564,-3.4695,-3.96187,-7.73563,6.60286,-1.57348,
endPlayer
// Player22
stat 7
	layer
		node -1.9403,1.50745,14.8917,-1.2602,0.77941,-3.19371,-3.97942,-1.97679,-0.313503,-4.51205,-5.80869,-7.01962,3.83845,1.28443,13.5477,-8.07401,-0.977934,-7.46219,-8.61591,-1.19829,-5.71697,-5.95753,-5.2725,5.37326,6.57915,-4.81121,
endPlayer
// Player23
stat 4
	layer
		node -6.23944,-4.41911,12.0517,1.51801,-3.93175,-6.67031,-4.76104,2.00612,13.3392,-2.71983,3.14778,11.9953,-1.65167,-12.7562,0.546782,5.19264,-4.87169,3.80174,1.23475,13.3897,-5.13053,-3.90587,-0.276006,-4.36686,5.72864,17.5623,
endPlayer
// Player24
stat 8
	layer
		node 4.11631,-0.233235,5.01399,1.69997,-4.47785,-6.35118,9.85021,-8.89818,2.8764,-1.48767,2.73056,1.49422,-5.29026,0.549343,-4.10859,1.55888,-4.09869,2.78954,6.29007,14.1222,-8.47634,6.27588,-0.626326,11.4817,4.22584,18.1218,
endPlayer
// Player25
stat 7
	layer
		node 0.57374,-1.66891,4.80799,-3.25224,8.82348,-7.45748,10.0417,1.85829,-5.4691,1.99962,-16.6332,2.66825,-8.92349,2.41554,-1.43357,3.80533,6.26699,2.20671,3.33506,9.43186,7.00324,9.95235,1.74725,13.0876,10.3143,-2.08172,
endPlayer
// Player26
stat 4
	layer
		node -0.232648,4.02894,4.15449,-6.64769,5.26739,8.74661,-2.6586,0.110101,-3.83982,-10.1559,-14.0589,2.49118,4.34012,1.39689,1.54529,3.30118,-1.8719,0.745563,-7.93779,-3.017,5.37427,8.21623,1.66377,15.0699,9.77672,3.94742,
endPlayer
// Player27
stat 6
	layer
		node -0.602098,-1.1081,2.20652,3.16182,1.56065,-0.143748,-5.01961,-7.35707,-4.54422,-7.3955,-1.90256,-3.87605,-6.43864,3.42393,1.61949,3.1938,-6.35284,-3.4145,12.6667,-2.21044,-2.06548,4.9718,6.31638,2.6138,-4.97702,19.5701,
endPlayer
// Player28
stat 6
	layer
		node 4.44785,5.95384,6.15092,-0.0101,-0.275424,-0.889946,-3.04667,-6.36681,-3.70369,0.292529,1.10782,-3.01813,-13.258,0.571179,4.27501,-0.885093,-0.800922,0.838027,12.1383,5.23028,-2.63306,1.29442,9.27036,4.43671,-3.4006,-6.92896,
endPlayer
// Player29
stat 6
	layer
		node 1.51834,5.23487,5.45175,-2.42944,-18.0866,-5.25184,-2.19057,3.82887,1.9333,-0.375331,-11.0125,-2.13646,-9.21086,-14.7471,3.4059,-0.526684,-1.58655,2.97038,-0.34866,5.68772,8.11001,8.60042,-1.28885,-0.0862476,0.434864,0.840064,
endPlayer
// Player30
stat 9
	layer
		node -10.3455,1.04074,4.63449,9.99903,1.78451,9.68025,-8.65612,1.85878,2.09275,-0.530741,1.68459,3.86732,5.31926,5.36318,0.864863,4.64992,-3.95049,7.52533,-4.11498,0.0278561,-3.57723,-1.12796,-5.33168,2.7303,1.8354,-9.55496,
endPlayer
// Player31
stat 7
	layer
		node 0.737826,-0.598366,11.6379,-2.98565,4.94892,-0.368803,-5.39498,2.70467,-9.10124,2.08689,-7.85301,9.35354,5.08309,3.43666,-12.6613,7.58766,-4.86507,5.92139,-8.5543,-3.17557,-2.10875,0.857975,-0.282034,-0.57211,8.78005,-7.06313,
endPlayer
// Player32
stat 1
	layer
		node 4.69906,-8.1074,11.6959,-3.26986,-3.6007,-6.4594,-6.46349,-4.41364,12.4229,2.60908,0.677293,-5.11518,-2.28555,-16.6766,0.695959,-2.01962,1.61403,-10.0458,-8.22329,14.9428,-5.9298,-0.52305,-0.281956,1.71176,-0.181495,0.777162,
endPlayer
// Player33
stat 6
	layer
		node -2.4105,-5.00941,3.50277,-1.03954,6.99139,-1.64382,-3.4217,-8.34431,-4.51773,-1.92585,-16.2976,1.25265,6.32614,-11.7692,-2.45357,2.78378,-3.75478,2.82497,10.4491,4.53636,-1.83434,5.98479,0.966751,3.14076,5.98215,-4.46512,
endPlayer
// Player34
stat 5
	layer
		node 3.07875,-0.299445,7.50758,5.90007,8.65979,-2.55639,9.91158,-0.272984,12.8767,0.469351,1.47853,2.14394,-5.35878,1.47972,0.889489,8.82031,-2.40237,6.12738,11.899,11.8846,5.58275,4.34708,2.78099,9.05915,5.61737,5.04512,
endPlayer
// Player35
stat 4
	layer
		node 5.70545,-4.91211,1.1432,-3.5352,-0.396015,9.45702,-3.95933,3.1671,-4.05516,1.84695,2.03735,3.52232,-0.646997,1.06961,-0.079585,3.04218,-3.47074,-3.35089,3.0081,11.8051,2.06372,7.37886,-3.51921,13.4881,-8.78165,-1.45795,
endPlayer
// Player36
stat 7
	layer
		node -9.46232,5.85936,6.24544,1.34927,1.42332,2.44033,0.447,-0.0572724,-7.50202,4.88193,10.7051,-4.40548,-1.34191,8.31493,3.68965,9.14465,-3.47856,1.69235,-10.4723,-1.04695,-1.30047,6.85492,1.4515,14.3735,9.78881,4.23976,
endPlayer
// Player37
stat 6
	layer
		node 5.02065,8.97901,-0.890539,2.5019,-0.675867,-1.37937,-6.74525,0.644866,-8.76324,3.44643,5.93631,-1.88157,-10.9873,0.918811,9.76781,2.97009,-0.908811,4.4937,-3.83089,-0.594473,3.44301,-12.5074,-0.424852,-4.17694,8.45369,8.72641,
endPlayer
// Player38
stat 6
	layer
		node 5.96644,5.80977,2.3381,1.40557,-5.60167,-2.629,-0.164779,5.64347,0.851761,1.69352,-0.601009,-2.68905,-8.44883,2.01365,10.2275,2.88504,1.54341,4.29744,-6.61761,7.5086,2.64011,0.0234972,0.77163,0.231609,-1.12235,-7.76094,
endPlayer
// Player39
stat 4
	layer
		node -10.3422,-7.16464,7.16989,1.31518,-2.17713,7.40232,0.948439,2.00178,-0.317075,6.19823,-9.40248,-1.83567,-12.7311,6.47451,3.81332,3.46321,-2.12454,-8.96473,-7.21433,2.25408,2.61096,0.716964,-5.23731,3.11181,-0.489477,-6.94889,
endPlayer
// Player40
stat 7
	layer
		node -9.87322,-8.27526,9.39908,-10.1295,9.09784,4.60272,3.25989,-8.2311,-10.5332,6.89827,-10.3081,0.523501,-1.09262,10.9793,1.72253,3.80967,-5.05248,4.72102,-5.11418,-0.386098,-12.7711,-1.65893,-2.25013,2.09385,1.60687,-9.58792,
endPlayer
// Player41
stat 4
	layer
		node -4.86718,-0.237866,11.1935,0.0720902,3.89372,10.0245,3.42794,-5.68755,9.59918,3.50419,-7.67547,0.837394,2.17949,11.0687,-0.294582,9.25546,-6.65018,3.36503,-10.2911,-4.99587,12.5108,-5.08145,-2.41952,3.16349,0.819205,-10.4991,
endPlayer
// Player42
stat 5
	layer
		node 4.0689,-0.520152,3.76611,3.86098,-3.86823,-3.15213,-0.723231,-1.85525,11.223,1.31241,-10.1174,1.08386,0.400499,3.53155,-1.36982,2.03694,-13.4826,-10.6827,-7.95194,7.74601,-4.60255,-10.7928,-0.79134,-2.36577,-2.16766,3.11798,
endPlayer
// Player43
stat 8
	layer
		node -1.33977,8.63848,2.25434,-1.8197,4.35028,1.42196,-1.7316,-9.38447,-1.13236,-2.6381,-3.8876,2.95262,-7.91916,4.5321,-12.1324,0.30142,-8.28595,-8.66759,9.4509,8.59543,-1.37365,8.31491,-4.90472,0.159905,11.2687,-7.13041,
endPlayer
// Player44
stat 3
	layer
		node -5.97032,5.17511,-1.57943,-1.1767,-2.11825,3.19169,-2.78087,10.1686,11.7938,6.9652,9.91701,0.467052,-11.5176,4.21557,5.70432,3.76419,1.13665,-6.2718,-7.4418,0.802795,1.68501,7.70842,-6.12161,-8.12513,12.934,8.34937,
endPlayer
// Player45
stat 6
	layer
		node 5.11076,5.70259,0.484648,-0.544033,-8.00613,-3.90279,-1.4044,3.91252,-6.18085,7.81264,-0.151181,7.8285,-10.2892,-3.67531,-4.29095,-2.84507,2.48205,-8.37367,-1.27027,12.4984,5.02697,4.82589,-5.06432,-7.19803,-9.30868,-0.716126,
endPlayer
// Player46
stat 6
	layer
		node -7.68019,5.95343,-11.6045,0.715606,-6.69133,6.90738,-4.91245,0.989454,-6.78368,5.25582,-8.76023,-1.20735,-13.1574,-2.98351,0.403563,-2.64555,-0.298016,9.7964,-3.33617,5.54519,3.31599,0.783137,-6.84359,2.00241,10.3866,-6.21015,
endPlayer
// Player47
stat 6
	layer
		node 5.81215,2.68894,-2.05567,0.221849,-5.67664,10.936,-8.14337,0.678475,3.10417,-2.30328,-7.52706,1.62511,-9.02161,5.84793,-0.600108,0.0282034,2.56567,10.6667,-8.83882,0.317793,4.26366,0.809276,1.39464,-0.493033,-1.42494,1.9183,
endPlayer
// Player48
stat 6
	layer
		node 5.61329,5.14268,4.10078,1.52865,-4.37489,14.0787,-7.58073,-8.25273,1.24883,6.21551,-10.2117,6.20518,-10.3285,5.22587,1.0958,2.67222,0.96347,-10.5019,-1.36627,2.70914,0.952773,-4.20393,7.85721,3.14312,-1.81602,2.43017,
endPlayer
// Player49
stat 6
	layer
		node -10.3912,2.46276,6.53491,-10.0811,-2.49518,4.99986,-2.62482,-5.36094,2.5849,3.69715,-9.68105,-3.32623,-13.3672,6.77374,4.17201,4.48027,-4.90576,6.78265,-2.67796,2.85188,16.1589,-4.14852,8.79928,-2.90596,-1.69558,1.60266,
endPlayer
// Player50
stat 10
	layer
		node 6.55573,1.40923,-1.9941,-2.23613,7.50713,3.02133,4.48794,-7.15048,-7.99314,5.79841,1.96136,9.91734,2.54847,8.75654,-2.35611,5.8176,-6.76256,4.66552,9.31311,17.8598,-0.250022,-2.85046,-4.06458,-0.507536,1.11093,3.64428,
endPlayer
// Player51
stat 6
	layer
		node -2.80126,-2.14242,-0.575916,7.70317,3.96844,0.70337,3.86854,-9.02049,-8.26464,-2.12479,-8.10134,11.0477,6.37023,3.55307,-11.1207,2.94407,-3.76037,1.15127,10.6335,4.15204,12.2284,-1.75744,-3.7902,3.45726,5.22083,1.09009,
endPlayer
// Player52
stat 8
	layer
		node -0.963508,-0.867719,-3.89463,-1.53372,-1.96133,2.38406,3.31607,-2.6837,-8.02871,3.1863,-1.23078,3.58826,-6.35471,6.03171,-2.68397,2.53145,-9.96838,-10.478,-3.40705,9.0671,2.03453,-2.4485,-1.31257,0.338733,12.0311,-9.72799,
endPlayer
// Player53
stat 6
	layer
		node -2.96968,6.75694,5.91601,-2.95974,3.94203,6.19364,-0.498417,-9.64015,-0.228892,-1.76609,-4.22156,11.6893,-7.29737,3.41185,1.1446,-0.267418,-7.47244,-9.2709,-2.9706,1.47758,2.53427,-1.68173,-1.85751,-8.99601,14.9886,11.9022,
endPlayer
// Player54
stat 10
	layer
		node -0.63659,5.98866,-4.33439,-6.99566,-3.46807,0.783819,-7.19891,4.33637,1.31675,-0.759966,4.59892,0.368717,4.31107,5.3561,3.19264,-1.84632,2.21395,-1.51268,-8.54604,10.9992,-5.07771,0.580468,-5.44966,-2.82015,10.2413,5.75353,
endPlayer
// Player55
stat 3
	layer
		node -8.97488,6.66825,-9.03779,-3.48111,0.0613332,6.47643,-5.39109,-8.72008,-14.3608,-3.11469,1.39105,6.00023,-12.0879,0.977344,1.31497,3.73412,0.737207,0.942521,-4.47253,13.2629,5.63342,1.30155,-4.67689,-7.1793,7.78192,5.2567,
endPlayer
// Player56
stat 10
	layer
		node 6.22644,-8.50838,-4.4697,2.88403,1.22949,13.4485,-6.53842,-3.94032,0.98904,-1.52805,-6.90011,-7.31246,-11.0248,0.758228,9.7876,4.48645,0.642658,9.9542,-0.948549,3.84461,1.60206,1.66381,8.05895,-1.22621,-1.3936,3.53448,
endPlayer
// Player57
stat 9
	layer
		node -9.85719,5.51369,2.05239,-0.181757,-0.165641,15.594,-6.56854,-1.7643,-0.81341,-3.85895,-2.10314,3.17471,-11.8808,-3.36654,11.8757,3.17912,-8.67453,-1.62376,-14.065,0.74511,-7.95407,-2.62365,8.58448,-9.01119,-1.15481,4.13046,
endPlayer
// Player58
stat 8
	layer
		node -2.10995,4.03996,8.00001,-0.951213,-7.10379,-1.62019,-8.73234,-7.58556,0.0466483,6.47333,-5.76127,2.35495,-9.55358,7.02614,11.3734,-0.971344,-5.7442,8.5804,-11.35,-0.643223,-6.90034,-3.5662,1.7451,-8.54818,-0.759814,-4.81411,
endPlayer
// Player59
stat 3
	layer
		node 5.92889,-0.96432,7.08972,-9.23827,8.83336,4.32189,-9.04463,11.5229,9.74451,4.32203,-5.47037,1.92676,0.285691,6.98368,6.77474,0.980675,-5.66721,6.44996,-8.93723,3.20793,16.6992,0.400089,7.86331,3.99207,1.01278,2.76415,
endPlayer
// Player60
stat 6
	layer
		node 5.61491,2.80446,-2.07615,7.4798,9.30157,1.43622,5.63961,-5.19803,11.4792,-3.5345,0.854797,-4.96229,6.15541,-6.37398,-6.52624,2.63009,-2.07604,9.2706,3.35349,1.86607,-1.73462,-3.66754,-2.24284,1.33536,-0.0768436,4.16975,
endPlayer
// Player61
stat 7
	layer
		node -3.64778,-0.263581,-1.57058,-6.97868,9.46816,4.95684,3.19833,-5.201,12.4955,-0.667823,2.34995,-2.6119,-5.63265,3.41003,-1.0772,1.70848,-13.2422,-8.36885,5.60183,8.37565,-12.3185,-2.66207,2.75162,5.02045,1.63021,-4.4978,
endPlayer
// Player62
stat 5
	layer
		node -5.15969,0.156691,1.11767,-0.379761,5.69192,4.00838,4.96386,1.15477,0.840781,-0.354335,-4.61764,9.86163,-7.97551,6.98199,-2.27372,5.48611,-9.85218,-7.12941,-3.27255,5.68757,0.516695,-4.40654,-4.24788,-9.36698,10.9388,-5.88702,
endPlayer
// Player63
stat 5
	layer
		node -3.93571,7.11763,-8.20005,-0.755483,5.17929,0.310626,-1.37367,-3.35672,1.08366,0.0197054,-4.03936,-4.13122,-11.1042,8.26441,-1.96654,-0.978164,-3.14315,-4.3774,-3.57698,5.48053,-0.528932,-4.86388,-4.18354,-8.29143,9.35948,7.86243,
endPlayer
// Player64
stat 6
	layer
		node -5.84287,6.08033,1.07874,1.02199,8.60959,-2.52157,-6.33426,-3.74247,0.313593,2.52048,2.12451,-2.8102,-9.17737,7.94538,-2.44886,0.496598,-1.22902,-3.85203,-6.24656,11.484,1.53849,0.26956,3.51095,-9.11845,6.63216,2.7176,
endPlayer
// Player65
stat 6
	layer
		node -8.77037,6.31302,-9.69231,-2.65697,0.0770738,0.932235,-8.65314,-8.53435,0.43491,9.17801,-1.35288,-8.16863,-0.905265,4.95197,1.61989,1.28662,-4.40672,8.64592,-6.70326,9.56212,-4.3573,-1.8711,-5.55791,-0.0555762,3.76627,6.31649,
endPlayer
// Player66
stat 2
	layer
		node -11.1842,-4.91299,-7.61514,0.00356347,6.40392,4.95903,-4.04245,-6.99907,-0.379422,-3.20872,-6.91379,-9.57073,-2.79793,-3.91501,8.34721,-1.26435,-3.60063,-7.71169,-6.89626,0.526691,6.51555,-1.84283,0.603884,-0.529908,0.0144517,2.72177,
endPlayer
// Player67
stat 5
	layer
		node -0.400061,1.03792,-6.119,-4.62111,7.29365,-1.45415,-2.87016,-8.51264,-0.537456,-3.98114,2.24379,-2.93421,-5.82119,-3.40953,4.60119,6.66824,-6.90781,6.02844,-3.48077,3.51206,-5.78221,-2.91201,9.82603,4.17948,-4.24465,6.98921,
endPlayer
// Player68
stat 5
	layer
		node 2.09276,-2.08708,7.59211,-9.46518,-3.60075,-3.20148,10.3538,-8.21041,8.82606,-2.20097,-1.92354,8.839,-11.1396,-0.234539,4.55919,-1.31544,-3.28719,6.44848,-12.0031,4.54939,2.71523,-4.09228,-0.774991,-8.55352,0.721305,3.71967,
endPlayer
// Player69
stat 2
	layer
		node 5.50023,-2.71147,13.3834,-0.165301,-2.25353,1.33748,12.5926,9.57812,10.3836,-1.94613,-0.0221889,11.1208,-4.23107,3.05501,-5.2918,0.718286,-4.15185,6.991,6.11469,2.55125,-14.4478,-4.86647,-1.52778,-0.0305015,3.8125,4.11909,
endPlayer
// Player70
stat 5
	layer
		node 4.81173,-4.60692,-5.34762,-2.65159,8.46882,-6.84025,4.0815,-3.86746,-0.418314,-1.58835,2.69396,-2.1501,-10.0348,4.21942,-6.40215,2.81772,-16.2286,0.734882,0.918764,2.71111,-1.02348,-7.41006,-6.76723,-0.122658,2.76821,1.44977,
endPlayer
// Player71
stat 9
	layer
		node 7.23617,1.19983,-1.5328,-6.41716,3.02836,6.36015,-3.09449,-0.785494,3.83892,-1.81536,-1.10303,-0.865831,-2.81672,12.8774,-3.12085,-5.14075,-16.7899,-7.08719,-2.60174,7.88228,1.16415,-7.55299,-1.77853,-4.38799,1.52271,-4.93093,
endPlayer
// Player72
stat 8
	layer
		node -5.84979,-8.56107,-0.827093,-5.68717,-1.55181,-2.28543,-0.27927,-2.7843,6.12719,-0.754523,-4.78539,1.1882,-7.4722,11.9097,0.4339,4.70878,-1.94971,-5.00296,2.27679,7.04151,1.79239,-3.86925,-2.3747,-6.76507,7.36202,-2.69433,
endPlayer
// Player73
stat 4
	layer
		node -4.76879,-7.88797,-0.330487,-0.535251,3.14703,-0.914853,-2.11591,-4.03569,-0.123386,6.33549,4.13472,-4.47107,-7.37748,4.96365,-3.34202,-5.58088,-3.4914,-3.77857,-7.05053,1.88072,3.45534,-2.03257,-4.50537,-8.991,8.30246,8.59979,
endPlayer
// Player74
stat 11
	layer
		node -5.34267,-5.44177,5.18569,-0.952178,6.54522,-4.33698,-2.93309,-5.12326,3.09895,7.47278,1.84013,7.15859,-10.8991,6.42389,-0.485747,-0.826139,-6.14139,-6.14004,-5.25739,9.24293,6.86942,-0.333622,3.40961,-0.222364,3.40256,4.75171,
endPlayer
// Player75
stat 8
	layer
		node -6.79236,-3.91941,4.17033,0.996572,-5.20502,3.66265,-4.14108,-4.12661,0.835065,-6.15794,0.650965,1.27185,-2.66389,5.75802,-0.548529,3.21292,-10.1209,7.42665,-6.41434,9.01255,2.45697,2.0289,-4.33702,4.9721,6.58653,4.73931,
endPlayer
// Player76
stat 11
	layer
		node -3.58091,-3.95366,-7.50963,5.10304,-6.07626,2.59743,-2.62777,-4.41586,0.789334,-4.04731,-0.917002,-2.43233,-3.52714,5.65874,-0.665776,2.06161,-4.82067,5.41112,-7.6744,6.22683,6.60529,-1.70388,-2.79036,4.20472,-3.39009,2.03728,
endPlayer
// Player77
stat 4
	layer
		node -0.362449,6.32803,-5.40749,-10.8968,-12.6614,-4.16607,10.337,1.97794,0.492291,-3.64216,2.33226,-4.27427,-5.52042,1.71576,-2.86571,2.98123,-9.24115,6.60504,-12.4667,5.48677,2.67452,-3.46117,-0.0816294,0.992634,-1.79025,-2.39855,
endPlayer
// Player78
stat 6
	layer
		node -7.55999,-5.42159,-5.27106,-6.71218,-2.17473,13.3874,10.254,1.77075,-1.32436,-8.8108,0.410313,9.70223,-0.31528,5.81845,-2.72077,-2.92569,-2.34777,6.38991,-0.827847,4.90718,2.68174,-9.3319,-0.522813,2.37654,-1.58529,3.05423,
endPlayer
// Player79
stat 6
	layer
		node 6.81552,-3.897,-0.324733,-6.38883,-7.72377,7.66438,11.1048,8.6271,11.571,-6.78332,-6.80751,-12.274,-3.42713,-3.45634,5.40434,3.40766,-8.20979,3.13337,4.8758,3.91504,3.60268,-5.48104,-2.38875,0.244865,1.47984,2.71145,
endPlayer
// Player80
stat 6
	layer
		node 4.20591,-2.6225,3.30409,-0.45231,3.38501,0.156244,11.5523,-5.11581,5.67051,4.33723,1.42961,-1.24613,-10.3815,12.9599,-3.54104,2.78915,0.99559,-5.75942,-4.64271,1.11486,2.31804,-5.66364,-12.9601,-1.49881,8.15285,-3.88467,
endPlayer
// Player81
stat 4
	layer
		node -1.72728,-6.27368,-0.625605,1.18838,-7.30395,1.70788,10.4651,-5.76072,4.35409,-2.51194,5.72471,-0.220826,-9.6101,-9.12658,-4.30065,3.66483,2.19042,-9.87985,5.17106,3.29945,6.41081,-0.554026,-13.7281,-1.29344,-4.2958,-5.6054,
endPlayer
// Player82
stat 8
	layer
		node -1.7981,2.38255,-0.521246,4.54505,2.73798,-0.295094,7.27138,-2.88305,3.1459,-2.33908,5.19374,-2.58424,-8.88509,-12.4111,0.722905,3.75959,-2.97792,-3.78585,-10.0722,8.14499,5.07555,0.0550763,-13.5136,-3.81289,4.49567,7.96537,
endPlayer
// Player83
stat 6
	layer
		node 10.0645,3.08202,-3.84859,-2.00332,3.94933,1.19125,5.08425,4.96803,2.62585,8.11345,4.21214,1.47996,-2.77538,-7.55534,-3.57403,5.18646,0.758337,-5.56774,-4.50627,2.1213,0.396672,0.37299,5.14013,-4.64821,3.00553,8.04903,
endPlayer
// Player84
stat 2
	layer
		node 9.73868,0.848218,5.77049,-11.2586,6.50579,-6.73966,12.6812,-5.45356,0.347192,-6.23665,4.87089,2.55321,-8.57759,-11.3634,-1.54381,-12.6599,0.467401,-3.85511,-3.83499,-0.507395,6.52774,-3.48964,7.28199,-11.223,7.34213,-0.421302,
endPlayer
// Player85
stat 5
	layer
		node 11.0774,-6.56415,-2.48581,0.0842765,-4.70652,-5.98761,-2.54709,4.17889,1.83925,-0.827081,-1.23657,-6.91009,-5.05264,0.91016,-4.28231,7.30598,-9.30184,9.37636,-4.14316,0.895076,3.06747,-1.21177,6.21269,-10.362,2.08989,6.46093,
endPlayer
// Player86
stat 2
	layer
		node -4.31263,7.28002,-4.37708,2.89292,5.06622,5.1006,10.9234,-4.98909,-3.13748,0.616269,0.952376,0.732225,1.17441,5.55429,-5.10076,5.15512,-2.71652,2.86012,-4.95332,0.88046,4.96574,-10.6143,1.17836,0.902061,-3.4835,6.75646,
endPlayer
// Player87
stat 5
	layer
		node -5.72794,1.88647,-4.77286,3.95339,-4.85293,13.8197,11.3107,-0.265358,5.99368,-6.37381,-5.87166,-5.35277,-7.61724,6.39034,4.95476,-0.565856,-8.89033,6.06218,13.1514,-0.598192,7.79046,-10.1135,-10.9401,2.15127,7.5024,1.96452,
endPlayer
// Player88
stat 11
	layer
		node 9.47129,-1.79842,-0.220956,3.32266,-2.41056,10.3672,5.16989,7.8789,9.86211,-0.847094,-8.06861,-7.14893,4.50492,1.09055,-5.28634,-2.73047,-12.8144,3.40805,-2.19388,4.50372,4.03338,-2.09705,-9.28773,-0.603014,3.86628,3.37647,
endPlayer
// Player89
stat 1
	layer
		node 5.42343,1.39977,1.29249,2.61739,-1.86808,-4.25091,6.55518,-8.16016,10.2686,-6.45544,-10.1941,-0.337965,-9.78663,3.93883,-1.97694,2.79231,-17.1552,0.0905517,-0.61304,5.73428,2.11408,-2.40846,-0.777466,-2.55658,9.14959,-7.65982,
endPlayer
// Player90
stat 3
	layer
		node 6.80086,-1.27118,0.380024,3.78781,3.76387,14.9321,8.72474,-8.30861,-5.49234,-3.07939,9.77569,1.81556,-5.31273,-8.03318,2.56961,2.24315,-12.4645,-7.20503,5.79306,2.6428,4.80627,-3.49925,-13.8916,-1.20144,-3.67995,0.525859,
endPlayer
// Player91
stat 11
	layer
		node -5.12427,2.79968,2.13431,0.120406,-1.68408,-7.72333,9.71993,4.85421,0.177614,-2.74143,6.95955,-0.982611,-7.40447,-6.36687,-4.74399,1.19108,-14.5107,-4.39234,5.96782,2.49334,0.00800122,-0.541786,-3.57898,-0.472063,-0.565761,-1.54467,
endPlayer
// Player92
stat 2
	layer
		node -1.39115,2.93293,-0.487332,1.86491,1.56984,-8.29126,5.06391,-3.66663,5.05973,-15.8045,6.14518,-2.18268,1.31682,-7.11229,-0.303479,4.31959,-15.7934,-0.588628,-4.97034,1.75274,1.03331,-0.329543,-15.1425,-1.80829,5.45856,8.85437,
endPlayer
// Player93
stat 3
	layer
		node 11.7966,2.34933,-3.45213,-9.41582,4.72405,-8.28467,11.9844,-6.75313,-0.0523304,-12.2892,3.38767,1.71562,0.671344,-13.1171,-5.4663,-10.1332,-1.46265,-5.94789,1.83475,-2.22918,10.2266,-4.61629,6.59471,-4.38084,4.20734,0.37778,
endPlayer
// Player94
stat 6
	layer
		node 12.0552,1.66912,0.795879,-2.0996,6.28794,-0.205912,11.5315,4.49476,-2.62714,-3.54466,5.47701,9.76378,2.35406,4.98728,4.87127,-0.048845,0.368232,1.23604,-4.48756,-3.96478,7.70396,-5.46338,5.17843,-3.47576,7.07347,0.643425,
endPlayer
// Player95
stat 8
	layer
		node -1.04428,-7.8538,-4.00149,-11.3457,13.5701,4.03733,11.7356,3.41563,-1.05371,-1.53233,0.59681,-4.1569,-3.8683,-1.1747,-2.99832,12.5843,-9.3964,2.92431,1.92446,-2.63756,4.26139,1.14976,2.13197,-1.38219,6.17876,-0.717321,
endPlayer
// Player96
stat 10
	layer
		node 2.55983,1.25393,-0.436472,-3.83493,10.2567,6.97653,10.6039,3.45109,8.92727,-1.88466,-7.88061,-4.69055,0.527961,2.34934,7.20736,4.02533,-9.38908,-5.80849,10.8021,10.9533,7.89549,0.617008,-14.5666,-0.677252,-3.15315,-0.347894,
endPlayer
// Player97
stat 4
	layer
		node -7.46524,6.31911,-6.31125,-1.18866,9.10524,12.8414,8.44183,-2.49772,4.99472,0.18537,-7.35106,-2.68158,0.983095,-1.08221,-3.01129,-0.741125,-8.76414,4.36526,14.0858,-3.56907,8.17598,-7.75839,-3.41541,-3.10876,3.78366,-0.845726,
endPlayer
// Player98
stat 11
	layer
		node 6.57004,0.764092,-0.976134,-6.68669,12.1937,8.77587,3.19971,-6.39104,-2.26524,11.1233,-11.784,-5.12024,4.24997,1.50461,-1.25273,0.445792,-11.8126,0.586784,-0.714045,5.08464,2.29777,-8.65123,-3.04602,-1.39458,7.38387,-0.786021,
endPlayer
// Player99
stat 6
	layer
		node 2.30017,1.20049,0.186376,-4.74526,6.23228,8.55608,8.19956,7.77167,4.7697,-3.70451,-3.90612,-4.38171,-5.21647,-4.34424,-1.03272,1.75832,1.80749,1.94383,-3.41262,5.93247,-0.647803,-4.87602,-10.1842,-2.5582,6.638,-6.95992,
endPlayer
