// Player56
stat 7
	layer
		node -3.16405,27.0388,8.04915,-16.3794,-25.0739,-0.934065,42.3409,-78.853,7.61954,-33.965,40.0879,-49.985,68.9811,-54.3812,-16.8251,25.0006,-24.2341,37.2379,35.6973,84.3532,13.2705,77.0967,51.9448,-91.3702,-3.42103,-15.8678,
		node 38.1472,133.97,-9.02275,-8.36608,16.8555,-9.96624,-0.637213,42.1179,8.5619,142.713,11.5038,94.1873,-20.6899,-21.5479,-46.0596,25.0914,-19.4296,77.9635,35.0233,23.6045,12.7642,81.0774,62.5719,12.8919,-19.3956,128.73,
		node 35.9611,29.3537,38.982,24.7955,41.5867,-37.6813,1.29338,-39.292,3.90561,-20.1592,-47.9766,2.08471,-11.3774,7.20261,-6.68328,-64.1784,25.8892,35.0386,-48.6874,-2.75921,68.4274,-23.9917,28.0869,47.1905,64.2328,9.40095,
		node -13.2991,137.396,-27.1969,-101.931,43.4971,25.3195,54.7357,-22.5054,74.7666,35.937,74.9006,40.3143,41.3286,-118.907,-61.2563,48.1192,27.1278,-69.5976,22.2693,53.2603,-25.0871,-46.1508,19.4978,59.83,117.854,39.5456,
		node 122.55,-91.3029,-12.0845,42.1663,-27.0779,-92.2069,14.1787,-41.1709,-45.1379,-26.0467,96.2882,95.1073,3.8988,-7.93964,115.236,71.2348,145.824,114.851,0.999341,72.3431,-64.393,0.376674,67.811,-7.15377,59.1316,102.527,
	layer
		node -13.9756,24.5019,-44.1492,54.0269,-14.0026,-21.8157,
endPlayer
