// Player31
stat 5
	layer
		node -174.417,-58.1039,-16.7085,-31.5753,-98.8629,-21.0695,75.0986,133.905,-147.246,49.0352,-265.016,37.6524,-119.654,-35.0477,16.4614,-94.0643,1.55081,-172.559,-33.8019,-97.0118,-270.829,-200.012,-244.154,-83.7082,77.2618,-20.264,
		node -69.4844,6.07666,-42.0631,-32.599,-62.8384,68.5254,8.33915,-8.79779,-201.643,-73.1101,-6.15787,20.0377,-143.56,-108.298,-284.788,10.5391,9.39021,-112.19,65.656,-7.5749,16.0807,-176.852,111.409,40.2434,-19.5206,-25.5806,
		node -38.7794,-289.958,-171.393,-16.8971,45.559,-37.2205,-75.5293,49.3642,-58.0619,-220.484,-64.6407,-31.4062,-145.914,-13.1717,9.45911,-87.1554,-61.263,-132.106,-61.7919,-25.9052,-188.681,9.4604,-80.4517,-106.631,-237.796,42.6227,
		node -200.161,-218.251,-61.5304,-228.441,-136.076,-140.868,189.935,-141.204,-62.5236,-125.43,-110.206,-219.423,-305.01,-15.2516,-98.1342,-111.157,-130.788,-155.675,-87.4505,-187.144,-52.7545,42.022,-113.489,-46.6683,30.2116,-20.1711,
		node -236.861,-115.614,-193.928,-192.563,-30.0296,-110.972,18.3794,-65.5451,-138.361,59.8171,-1.78585,-3.53892,-37.4983,-14.4667,51.0329,-61.6392,57.0192,-11.0439,-25.0302,-43.9174,-24.0222,-304.673,-199.568,-146.832,82.3093,-160.462,
	layer
		node 28.315,-201.872,-200.92,-57.2593,-81.3853,34.7298,
endPlayer
