// Player94
stat 6
	layer
		node -39.4106,-46.374,-23.5619,-30.5052,-101.463,-177.469,-84.7711,-117.292,-230.755,-29.3229,-267.919,35.7987,-120.448,-51.7684,-11.0128,-95.74,-18.9793,-189.289,-19.4625,-62.8299,-104.335,-198.903,-251.017,-40.1271,78.46,-104.019,
		node -58.2295,-0.942065,-48.8174,-234.88,-63.1399,68.6619,9.65828,-73.0087,-75.1944,-74.0308,-2.38401,18.2237,-185.824,30.0052,-61.2891,-204.716,9.96844,-119.371,62.0585,19.4549,10.8145,-176.148,104.572,56.0189,-42.0882,-20.3996,
		node -14.2777,192.408,-175.069,-12.9752,31.9928,-25.2919,-25.937,29.9634,-118.859,-125.748,-121.481,-39.5989,-42.2856,-7.41672,-100.066,-71.4258,60.6251,-130.588,-1.41206,-21.3399,-59.0306,-145.232,-75.8601,-106.862,-228.902,46.7768,
		node -193.782,-214.201,-58.1497,-202.062,-260.745,48.4784,191.897,-83.5124,-64.4607,-12.4937,-106.61,-222.879,-193.777,-19.3378,-101.542,-123.032,-167.864,-158.313,-91.5189,-54.0443,-51.2079,-176.7,-112.781,-37.5848,30.733,-48.1528,
		node -239.404,-116.867,-199.539,-50.9038,-35.971,-23.6566,5.59868,-58.0444,-147.157,-172.843,-7.7427,5.10712,92.2246,2.33528,-129.241,-63.4592,55.2408,-20.8518,-20.1782,-40.6011,-172.212,-301.554,-183.587,-41.2352,-171.734,27.1857,
	layer
		node -172.072,-14.7242,-174.928,-159.164,-45.324,-17.3848,
endPlayer
