// Player58
stat 7
	layer
		node 88.797,-58.441,44.7563,-23.5339,-229.195,-173.901,80.8142,133.401,-79.3409,-32.8395,-177.325,-78.9218,-120.411,-36.4294,9.69634,-138.446,15.3119,-178.489,-28.8448,-92.0881,-263.423,-190.225,-244.269,30.4983,-4.70526,-206.918,
		node -58.0059,11.2164,-32.6777,-221.57,-178.557,72.1378,53.1681,-3.73254,-213.121,-66.618,-4.40431,-168.452,-143.147,-95.5278,-56.7856,-208.2,3.7457,-0.198741,67.4219,-6.06755,9.95859,-229.068,-142.665,22.1534,-47.1387,-22.1362,
		node -27.3993,203.982,-180.695,-23.8204,45.3674,-57.2284,-22.6948,-296.071,-59.592,-214.475,-129.246,-33.5545,-235.608,-9.32411,18.0678,-83.4956,26.0212,-32.3946,-10.8416,42.4432,-70.827,-81.2916,-78.4709,-109.725,-228.298,0.125576,
		node -200.972,-219.21,-27.3374,-21.9063,-255.148,-146.225,196.436,-126.033,-287.943,-9.67243,-109.478,-208.605,-182.528,7.58233,-45.8522,-123.44,-131.112,-155.179,-95.5026,-189.98,-60.5479,49.6548,-116.004,-52.6519,35.0851,-6.5712,
		node -232.861,57.0245,-174.644,-192.142,-12.5113,-22.4601,14.2675,-60.9389,-150.637,-135.821,2.39341,-20.1245,63.8349,-6.06654,-133.272,-60.6283,15.1443,-18.0876,-11.7901,-57.2702,-173.143,-298.492,-167.132,-148.428,82.3606,-132.215,
	layer
		node -26.9298,-238.017,-198.862,-103.489,-1.12035,-134.862,
endPlayer
