// Player96
stat 5
	layer
		node -41.69,-60.6906,19.7534,-27.7052,-104.877,-126.561,78.7537,-115.308,-220.543,-35.6539,114.884,-68.8465,-150.025,-44.6095,3.93381,-98.8555,-16.9002,-45.7222,-204.999,-104.568,-97.4345,-176.665,-249.447,-32.8983,77.5759,-237.794,
		node -53.6563,7.73019,-28.1774,-224.197,-61.7354,68.6487,15.9926,-57.5352,-185.982,-203.991,10.3878,11.493,-188.303,-92.2061,-288.037,-206.832,16.7835,-112.335,68.9861,16.169,-85.5717,-135.962,-142.605,47.846,-20.9877,-29.1186,
		node -23.5183,191.504,-206.208,-4.31973,31.7369,-23.1862,-20.4554,41.94,-60.829,-217.074,-140.913,-42.9922,-235.169,-136.488,13.7974,-75.6346,62.0312,2.03044,-3.50375,-160.229,-68.9032,-150.692,-74.1989,-146.926,-245.596,47.5146,
		node -196.287,-178.292,132.943,-202.594,-255.409,46.2117,-57.8562,-86.4148,-73.0978,-11.8844,56.3404,-213.918,34.8189,-23.3793,-108.163,-123.621,-134.347,-90.534,-97.5435,-44.9932,-50.298,55.2344,-191.784,-37.629,34.0214,-28.2132,
		node -21.1991,-124.645,-199.898,-193.189,-31.2465,-24.9845,-166.707,-69.0683,-148.014,-4.18012,1.91046,-1.02007,-235.429,1.71457,-123.903,-55.2816,64.5506,-4.31705,-162.846,-48.7441,-183.444,-299.072,-188.091,-126.5,-168.431,29.6306,
	layer
		node 50.0069,-197.669,-199.811,-164.144,-83.8372,-189.234,
endPlayer
