// Player65
stat 5
	layer
		node -22.4686,-40.7037,1.66423,-72.0807,-29.1846,-41.9203,95.4279,31.2873,-74.9712,40.8059,127.685,-56.8481,-33.9841,76.2325,44.5187,46.3906,88.171,7.52811,43.8265,-34.8766,-16.7644,-58.1028,120.301,-40.0858,-34.5065,29.7937,
		node 47.3719,-104.564,55.5882,37.534,-81.2337,-117.049,8.20013,39.6963,-39.2482,-72.4401,-13.3123,30.7904,19.1862,-100.981,-91.053,66.4282,150.847,34.3595,110.66,-0.270031,-149.474,57.9344,-25.8044,29.1262,-20.2772,-11.8028,
		node 43.1526,70.772,-35.1242,94.2008,-8.80456,-85.4173,-37.6561,25.6639,-105.166,-49.2883,41.2478,-57.586,37.6114,-41.8814,-68.7395,13.665,-59.0675,-47.3146,-2.06912,96.5772,103.884,11.6768,-20.5523,-17.0358,141.682,21.3741,
		node -16.6395,50.2362,14.1802,-23.7347,5.33341,-37.7631,179.696,82.6298,13.2947,-33.2384,0.781686,-75.9854,27.3143,33.4373,71.3536,-24.4547,0.920155,11.3387,-12.7569,-42.9141,49.4742,-18.2683,-75.3561,31.1425,49.3037,129.035,
		node 18.4113,9.53636,-10.6263,14.7934,53.7431,-16.9932,-101.513,47.486,-36.5905,12.0872,6.21799,-12.1191,-30.3898,-55.7485,201.336,-27.3816,63.3028,-128.567,185.328,-59.9985,92.8383,-125.916,25.5028,57.0245,37.1132,-29.0217,
		node 5.87163,43.6715,83.1594,-98.9553,126.13,-60.6673,68.2385,-60.6614,50.2276,75.2237,-71.3469,87.4021,31.9915,78.8383,-32.144,-73.6973,53.7766,103.692,54.449,-137.656,-11.3011,20.2868,-58.8339,47.3413,-68.5724,-21.0515,
		node -106.508,-20.104,42.4427,-69.2805,-16.8137,7.34699,-54.748,-45.3404,-56.1538,13.353,73.3658,-57.5113,-65.2044,-48.8265,4.13035,128.768,10.9945,64.5147,-12.6056,-84.5361,-31.0012,52.3055,28.6205,-87.4143,-25.2114,11.5706,
		node -11.2782,61.8565,117.281,-22.3872,-52.0558,5.98842,-97.5064,33.9116,78.3813,2.23571,-6.64515,-99.7503,93.0086,-6.5696,-2.25511,78.0822,-34.7868,-9.70852,67.5108,-7.66248,-98.8622,-53.7943,-45.3302,141.489,28.8028,47.8465,
		node 116.039,-46.3261,-151.483,-152.46,58.1847,-122.042,53.7646,-38.0621,-27.2675,15.0033,2.41123,-103.828,29.3716,200.752,53.6767,-12.527,-140.103,56.4974,-82.988,85.4412,-27.2346,61.6188,-229.715,-48.4201,1.50846,-33.3851,
		node 5.39559,-161.51,123.211,6.64862,-113.681,-61.684,13.5063,99.7507,13.1184,-25.6948,-57.7512,-8.8203,73.3413,14.7615,-42.3384,53.2191,136.936,28.011,-66.8843,18.7375,26.3511,148.92,159.427,-106.014,-2.86031,61.9182,
		node 3.46745,36.6339,7.15388,29.2025,46.2405,-51.9445,-92.0532,-7.48692,9.32839,-24.1519,-7.61883,27.8927,66.4729,-24.0164,-27.6677,0.687003,135.563,50.2005,-75.3395,31.6105,-16.0043,-48.1315,109.51,-111.94,31.0966,37.281,
		node 31.7415,80.4071,-17.1344,133.438,17.5839,-63.8222,-12.0056,103.465,56.333,-83.8931,-28.5267,82.0041,-30.8227,5.10776,34.9746,33.2697,4.44053,207.337,52.6297,-94.0677,-12.6702,-29.7764,38.7831,85.9781,31.6075,-37.5074,
		node -100.61,-32.3876,125.484,36.9663,42.7803,-50.2321,39.328,-23.6226,50.7914,-149.04,-38.7309,53.6951,-56.8484,-34.3402,-22.433,-83.5861,-121.646,-131.373,-38.4902,-8.52234,73.3573,-26.4097,54.1155,-133.546,40.5338,2.87762,
		node 29.7278,-35.6838,-20.237,67.8912,-21.4264,-47.8337,35.7274,-3.70574,28.2783,-7.883,34.1757,-14.325,-3.79139,15.7512,94.5111,76.9099,-43.8175,-113.276,-46.1992,-87.7779,-85.8577,-59.4902,8.94407,-63.4141,59.2125,92.1142,
		node -63.3281,-64.9857,-92.8277,-49.0332,-29.3808,-58.8467,145.711,74.687,1.49468,52.1719,-9.336,-3.62171,56.2252,-19.0557,-55.7136,-18.8338,66.2443,-87.311,-15.0637,146.408,-33.4333,30.2621,11.1747,-33.9695,12.3307,29.4578,
		node -40.0295,-13.0719,51.9518,-41.3852,-4.85375,-67.7753,131.108,-25.4157,-55.9597,-46.5563,-12.9578,109.073,82.8104,11.6814,-95.3019,-90.9398,-18.596,89.1359,-11.3546,68.5169,-1.52669,79.7404,-14.9175,-8.7292,-31.0701,-62.6557,
		node 42.183,16.3198,2.39926,-136.028,-135.061,51.4583,89.957,-56.4018,-22.2998,19.5755,-86.4308,-12.0911,-28.2019,24.2347,62.8266,-21.91,-97.1163,40.3051,-36.8412,-41.5464,-85.0955,128.576,40.4133,-36.5078,6.13096,-48.6639,
		node 19.9073,1.47213,-1.24357,-10.6003,99.2286,-7.75158,120.293,83.5218,-12.7863,23.5254,-78.7167,-60.4774,-44.7878,-66.8346,44.8865,-3.99554,-28.3824,-50.7367,-70.1073,-89.8504,-27.755,-57.6621,-57.6759,-73.8582,-42.1286,-45.4849,
		node 0.715189,36.907,-77.6742,18.7116,6.68448,-88.5354,-194.748,-11.0874,-13.7132,-20.9211,-90.2073,14.9544,27.3834,97.4454,43.7949,14.0645,-69.1251,-18.8411,20.4141,144.361,55.6241,54.1283,-85.696,-165.854,112.715,117.01,
		node 10.795,10.5422,71.4389,-84.5181,41.6715,132.405,35.1152,-26.2022,87.4231,155.793,37.3555,25.2869,72.1419,17.2914,101.562,56.705,-84.156,91.1922,-107.759,-95.1154,-52.1376,7.81444,-32.9133,-47.7173,164.441,137.969,
		node -54.6607,16.6248,96.2381,49.2924,40.9701,-97.0348,-120.869,80.8852,-62.6827,18.761,-93.278,7.24747,-38.4688,13.6929,-77.5493,101.127,-138.893,-30.0718,-95.621,127.987,-36.7701,80.9552,53.0902,-61.5403,-56.9511,-46.1193,
		node 74.3265,43.5624,127.494,-14.515,37.7692,28.4247,18.6486,-87.7933,-13.9992,-113.128,-19.8834,-61.5679,-15.4119,-117.587,-74.6825,-29.4616,32.3403,0.455678,-24.7817,-61.3006,2.94436,119.142,-59.4692,17.7535,-59.2239,-50.246,
		node -123.368,-42.443,-22.8237,32.7847,27.826,62.3492,11.2398,-34.7095,12.3489,103.01,-64.2552,-124.57,131.928,-124.502,-102.796,-14.9664,15.9507,27.519,-118.914,56.9309,135.736,101.699,128.602,88.4281,-34.2178,-13.5498,
		node -35.6669,-31.4236,19.231,-51.2847,40.6612,7.52396,-17.8575,-24.1639,-2.53753,-27.0976,103.393,-47.7525,53.7677,167.881,-41.3791,-35.1258,35.7521,-44.5492,-51.278,125.963,-57.5061,-164.466,43.3566,44.2245,72.681,-49.4523,
		node 26.7904,-16.7696,123.639,27.4901,158.361,74.5355,-22.0972,-20.2252,-76.0991,-214.148,70.2047,-23.029,-53.2752,-2.73386,42.9835,63.6314,-38.4731,-103.28,11.3775,151.519,-102.944,55.2036,-51.0427,121.267,-78.322,-83.736,
	layer
		node 20.1527,-95.5225,55.5018,-34.2653,67.5487,129.262,53.8196,-93.5985,-67.1449,54.9084,73.885,-2.0016,189.225,-70.3212,117.143,-3.43906,-85.7626,-41.6973,-6.50358,-13.7618,76.1336,43.749,21.1279,118.78,77.6412,-2.0016,
endPlayer
