// Player56
stat 9
	layer
		node 164.076,63.2168,195.762,157.189,132.997,136.124,168.5,-226.808,137.843,95.554,75.5457,155.836,159.096,123.213,110.72,166.745,190.079,122.978,166.889,123.139,127.672,161.589,136.28,38.9388,85.3257,64.0423,
		node 131.013,257.896,185.294,177.959,147.945,95.6943,-371.339,231.776,113.309,105.551,232.982,151.364,169.177,151.65,60.8166,122.402,161.269,106.682,50.471,26.5133,142.221,209.175,183.237,70.3118,200.11,105.829,
		node 180.175,-368.867,120.684,177.96,132.622,118.181,130.991,81.4564,235.858,45.2639,155.739,138.296,44.3185,149.216,164.405,102.146,20.4726,200.078,102.277,120.866,108.363,63.7969,207.201,66.1129,133.713,107.957,
		node 100.255,111.433,-338.933,-387.853,-391.476,107.426,101.688,134.219,98.1505,131.497,53.7371,-412.317,175.524,169.537,214.528,54.9642,66.8911,133.025,156.704,104.838,137.672,93.9271,158.126,134.221,184.48,89.025,
		node 133.216,128.322,-368.682,-343.651,198.344,115.55,214.246,-377.94,66.5875,184.221,90.0661,169.255,164.854,209.701,159.425,106.453,222.245,165.888,152.852,147.387,178.357,163.203,102.168,146.732,165.063,137.015,
	layer
		node 164.224,145.358,163.952,103.656,-380.793,200.732,
endPlayer
