// Player4
stat 6
	layer
		node 164.874,81.5406,91.1477,146.217,29.0806,136.712,94.9505,-216.036,102.893,89.0915,148.496,151.009,154.547,123.648,118.826,158.389,132.877,126.838,129.685,148.552,129.697,162.027,140.768,136.081,157.917,38.7579,
		node 185.525,193.301,95.8292,103.515,-385.475,102.806,-361.71,94.0111,137.159,163.526,108.94,89.6812,114.173,180.573,227.645,110.404,142.721,170.278,159.292,28.4597,36.9628,207.01,113.234,247.004,102.781,145.905,
		node 169.318,-379.592,116.266,91.6718,109.476,164.985,-400.655,90.0146,165.504,21.95,196.929,107.657,86.0277,181.563,163.942,120.412,41.9005,136.671,114.478,128.966,110.55,43.9405,151.422,127.504,205.894,147.297,
		node 144.363,139.823,-353.354,126.772,-388.368,99.2208,105.46,136.018,23.8913,143.451,153.912,-408.497,153.952,187.69,140.078,22.908,166.647,198.059,147.638,175.17,-348.458,140.239,165.653,40.2685,183.421,262.537,
		node 220.792,111.953,150.961,-352.499,173.591,180.298,186.313,-376.757,122.379,76.2318,239.973,193.758,147.451,113.127,141.174,114.777,63.0103,137.883,187.587,161.902,171.841,79.4857,63.2292,103.945,21.9918,-355.18,
	layer
		node 140.171,137.228,171.064,144.322,172.597,98.8481,
endPlayer
