// Player8
stat 8
	layer
		node 167.444,89.6635,95.2232,145.035,108.83,138.493,257.707,-238.085,-400.531,245.474,102.08,142.182,203.724,177.601,107.201,55.4357,195.682,55.4746,113.427,-351.161,175.74,120.91,104.742,51.5746,62.4082,34.2463,
		node 142.212,177.2,189.793,156.415,117.41,104.195,-394.128,156.766,119.995,166.606,115.523,94.5643,162.346,149.858,33.8662,177.247,120.787,134.522,117.341,-334.234,79.6358,8.41186,175.318,65.9628,109.887,116.953,
		node 205.938,-384.101,144.623,155.456,129.863,114.28,146.546,98.6905,159.257,108.867,111.537,-424.625,111.343,161.063,171.472,162.995,36.4691,163.67,203.637,118.374,54.3164,119.492,133.326,65.2578,208.3,174.446,
		node 186.18,136.439,-354.593,112.521,152.464,101.684,117.986,129.53,205.991,142.395,174.134,20.8737,154.019,170.246,136.562,110.212,72.0633,128.933,165.387,178.597,146.731,138.447,181.561,167.303,193.449,80.4612,
		node 160.027,84.5171,88.176,111.854,144.57,210.581,94.1143,162.709,122.68,176.021,107.272,63.1136,52.4554,244.383,154.528,-318.298,122.078,120.737,83.5279,143.527,161.222,154.606,-336.87,218.922,19.2318,-352.759,
	layer
		node 192.326,85.2191,113.794,123.1,129.703,95.5818,
endPlayer
