// Player59
stat 4
	layer
		node 166.896,66.547,83.8069,-362.336,132.232,169.568,86.0145,-232.149,130.84,134.774,214.163,156.367,149.928,146.163,71.6773,132.189,177.929,162.912,137.238,153.546,139.041,167.086,106.556,119.81,144.21,41.9054,
		node 182.934,122.515,190.722,45.4626,161.749,84.6809,-387.71,153.365,119.494,159.784,59.7427,156.363,174.571,171.612,107.98,128.259,162.789,97.8264,153.258,120.662,36.7127,188.883,184.763,73.1118,68.3918,163.637,
		node -366.371,-377.71,172.661,159.372,112.852,187.284,-398.736,97.0431,91.3093,113.839,137.506,126.35,148.416,163.356,138.777,123.196,102.593,187.151,96.5605,153.914,126.189,188.674,206.451,126.493,196.367,94.7374,
		node 156.024,154.252,34.0292,142.692,144.016,82.7001,89.1048,97.0554,203.499,127.32,51.3463,-434.643,72.1908,172.257,65.3221,97.8559,169.749,131.636,203.828,174.848,-364.211,96.1106,138.531,210.795,129.062,218.358,
		node 218.229,166.386,91.7207,-338.018,139.211,72.245,98.5709,177.731,83.8224,85.99,72.2102,170.296,151.183,91.1793,163.682,112.956,162.073,71.1552,122.633,128.453,99.789,86.0522,95.1425,217.183,26.6806,145.711,
	layer
		node 190.686,116.891,169.616,177.094,227.584,134.592,
endPlayer
