// Player38
stat 5
	layer
		node -43.7494,-44.4569,-74.9046,120.15,-71.8246,35.3162,116.398,-74.0537,3.14437,77.732,8.66093,-67.0582,20.0404,-56.1232,-145.228,-65.9451,57.9739,-68.2495,-24.7421,24.9133,-158.473,92.1894,-68.9958,-54.2817,-143.685,-30.7744,
		node -5.60593,-8.04215,-65.5992,-12.7251,73.0988,-66.7401,-31.3546,-28.9177,5.50589,2.72179,108.95,0.182236,-126.003,-37.0097,-60.3368,-29.8815,-53.9416,67.5037,-38.9881,-42.7757,-1.08764,-17.4617,-37.0563,34.4772,121.878,70.2318,
		node -54.9207,-0.567177,96.7469,66.0912,-13.4072,-145.28,131.696,-9.2315,70.8879,0.797262,-100.024,-100.822,-87.5531,-27.6211,-80.5777,-6.67414,-98.6836,-6.74011,-122.216,-36.2939,-70.1896,-27.4708,-11.7198,-15.7525,-74.1979,-43.8372,
		node -74.518,-29.4473,-17.7664,-4.34297,-105.705,4.33914,-21.8256,94.7762,-86.6178,-123.808,24.8647,-137.508,-103.876,107.667,116.71,-105.383,24.7171,-69.0482,22.2486,-4.97189,40.7745,-41.997,-38.0416,78.5264,-36.7379,-58.5396,
		node -79.3389,-15.9031,-31.4838,2.42803,-9.58191,-24.2575,90.7848,-45.3336,68.9594,-1.84401,-28.8821,8.07384,-28.3228,-40.1425,110.802,-42.8705,-42.499,-62.8592,80.7293,-48.4696,-57.9939,-86.0276,103.467,-62.1356,-0.975904,-147.485,
	layer
		node -125.013,105.442,96.9046,98.598,-16.0524,-65.7044,
endPlayer
