// Player20
stat 6
	layer
		node 66.3919,-111.65,3.09158,174.273,243.625,-55.5985,191.162,133.241,247.286,142.777,-141.112,-73.3509,91.8093,-124.86,51.0151,130.425,150.695,-62.6559,186.182,119.755,-88.7191,9.74025,261.517,-65.6736,-47.5098,-43.3063,
		node 168.692,107.135,-48.3244,93.6895,55.5124,-41.2127,87.7931,217.455,47.4543,106.81,-10.5526,-86.2631,231.523,138.807,194.344,274.897,-71.9669,139.715,16.352,-15.9706,120.724,138.422,-85.8102,-28.3798,174.214,-108.527,
		node 302.677,-114.923,-84.9637,166.8,-68.6955,167.943,-9.13877,-42.6406,132.725,216.233,38.4506,205.951,152.766,-168.318,-82.2678,151.008,168.494,82.1525,62.8514,142.977,199.757,68.8286,131.408,-60.2109,57.2029,255.105,
		node 246.057,111.498,138.995,205.337,-47.0311,-82.692,108.139,145.735,240.35,291.825,134.61,-119.767,172.563,213.084,-37.6571,-39.6953,143.327,252.673,-91.5904,215.929,260.785,128.562,-38.3608,-76.3211,-75.6167,64.3831,
		node -69.2004,-57.2272,247.313,-94.7641,86.5125,32.4454,82.7469,238.661,-136.143,111.539,238.081,-87.1119,127.516,-11.4526,-56.0643,-53.3287,217.736,98.3379,271.184,173.344,127.959,198.62,98.2937,-142.404,-57.9848,38.1299,
	layer
		node 189.221,113.952,-139.357,277.132,217.871,164.252,
endPlayer
