// Player44
stat 2
	layer
		node -76.1289,77.258,26.0123,-95.5937,-23.3559,-30.823,-18.5507,38.4808,-10.7899,20.6667,-52.182,-27.1915,85.7481,-107.274,-36.5268,3.80651,31.1275,-222.832,-175.699,-83.1864,28.01,-92.3802,19.9191,-107.478,-140.158,-78.6642,
		node 33.0544,-43.6368,-50.2632,-28.9279,-25.7205,35.989,22.3617,-178.128,-110.732,39.6601,-16.5741,-107.791,-79.7848,-92.6986,-103.994,-50.9455,-54.0609,18.3092,46.4816,-13.1789,47.3272,-137.799,-112.002,65.3506,-10.3922,-51.07,
		node -9.55411,-32.1062,-189.524,-19.5161,-23.229,16.404,97.6499,177.329,132.033,-14.6425,32.5178,-41.1605,25.3031,-32.3425,-97.6643,-9.14157,25.4353,134.975,27.5939,0.750278,-16.9226,-93.9181,7.55507,29.6963,-52.5001,-14.3679,
		node 96.4395,70.9867,-70.3139,-28.9249,-3.29405,-34.0648,40.1599,32.8167,3.49364,-14.073,93.8578,-73.7107,-47.3175,-77.1174,62.7237,33.9855,21.3038,0.812325,-89.3846,-37.6666,-62.8537,-22.2575,40.7463,-75.0528,-72.4631,-75.6732,
		node 23.644,-101.306,-40.7867,-30.5675,-118.162,73.4168,-83.8132,-34.5942,166.556,-133.273,174.732,-53.9197,-35.9987,-95.047,-41.333,143.176,-45.3305,-52.1018,-1.01703,165.306,-28.2947,-131.68,-142.228,-118.557,-24.0719,-46.9442,
	layer
		node 20.0256,-117.534,-16.1423,-137.286,-81.4863,-10.6841,
endPlayer
