// Player32
stat 9
	layer
		node -168.723,-134.34,140.419,-32.0312,8.26967,-9.95701,27.1326,-70.1684,-130.894,-11.4747,11.7068,-124.43,69.5073,-73.9462,17.88,14.5823,-113.146,40.1159,-148.583,-40.1949,-48.476,147.754,-60.1741,-147.417,42.1266,31.7774,
		node 196.929,26.006,24.8162,-47.9581,-83.0051,9.43442,-42.9307,27.7657,-74.793,173.665,53.448,-70.5522,-128.016,59.8212,-7.10747,169.821,2.0517,164.02,36.0414,-98.099,98.8702,-91.0137,-46.836,80.458,34.3238,138.735,
		node 98.5058,-13.4148,-4.11877,-72.0672,95.0453,-74.1005,-110.718,-11.9459,39.7664,40.6517,111.193,150.031,73.3628,92.5368,32.8771,-87.0474,-70.6961,-101.207,75.6385,54.4434,34.5659,17.3329,-134.671,-105.351,-143.256,-66.3626,
		node -99.1091,117.394,58.5417,71.6536,-58.1336,66.2388,-25.7062,144.787,-80.4897,22.3395,-31.3968,-93.2894,-132.807,158.264,0.213892,-145.548,165.876,-21.5302,-53.1041,-95.0213,-172.979,20.8311,-137.561,47.3579,19.0985,22.735,
		node -75.22,-123.891,87.1783,8.86271,-52.4021,-75.6156,140.69,-103.171,64.3405,-141.117,156.338,-135.843,39.0616,15.5405,19.048,-134.772,4.79812,139.174,-126.696,151.067,151.151,70.86,76.5972,31.103,-45.0763,-98.3135,
	layer
		node -105.061,16.587,-44.8944,-77.944,-89.2066,-147.721,
endPlayer
