// Player19
stat 8
	layer
		node 10.8789,-141.66,147.14,72.5414,118.362,-83.3756,57.3823,15.9626,23.0136,72.0587,14.8902,109.317,64.706,73.3305,184.85,-145.231,186.613,23.688,41.6267,75.3242,-47.7577,3.32043,21.87,-130.846,37.4815,53.4175,
		node 195.078,39.1311,39.279,121.642,-13.4604,14.9402,-5.77836,-68.9703,85.3004,79.708,-29.758,58.0382,139.081,-67.712,-74.0196,-60.5,-89.0718,158.28,44.3241,-90.9494,124.579,-137.273,-37.1468,31.6062,-53.9773,-158.926,
		node 146.829,-32.6722,-75.3378,37.7597,58.9915,-59.5975,30.1214,-23.8978,108.297,34.5723,116.894,164.239,93.0931,13.3761,-27.2142,152.627,-95.133,-102.626,146.455,61.8326,86.4454,16.4151,-123.713,-52.0847,-135.728,-85.2957,
		node -90.6206,118.626,108.146,70.8073,-116.362,69.0959,170.752,76.1119,128.302,-46.7507,-144.739,-87.3685,32.0299,149.725,108.018,-63.9711,87.0967,17.3084,123.165,-77.2208,-24.5076,33.1378,133.282,-57.2335,-31.101,25.8235,
		node -86.0331,40.364,-82.983,134.382,-36.4832,62.2263,124.438,-99.8986,66.5648,-14.9617,34.4581,23.785,33.4857,29.0264,29.5643,31.5467,-126.335,56.803,83.2036,158.116,160.93,-43.8887,-125.336,38.635,-79.9417,-38.3269,
	layer
		node -10.4084,-127.535,-61.5819,-46.826,54.5727,-3.17384,
endPlayer
