// Player58
stat 9
	layer
		node -58.8717,-14.9227,19.8962,61.2157,-21.9983,-181.066,-3.42821,63.5712,-24.1228,126.534,92.8333,-153.24,-13.9466,58.8363,-50.817,34.4928,35.2523,23.915,-43.944,72.858,-17.4371,-1.76066,48.8789,0.449618,56.0159,-68.0605,
		node -36.2997,57.9553,-148.868,6.86259,-129.12,47.5332,45.8599,-100.147,61.5656,-78.891,-3.50964,100.044,17.219,57.5992,21.2064,-20.0431,54.6891,36.5525,-35.3174,43.6415,-38.1588,-37.7555,0.18618,39.7877,-83.1282,-202.937,
		node 8.44652,51.6286,16.653,-144.657,39.4027,-100.564,2.95141,-14.5981,-27.6635,-4.3639,14.8818,36.1304,-20.8664,-53.8877,-13.6556,-40.8382,-124.808,-61.3322,104.425,-42.3965,-50.9114,-46.6703,49.3751,10.736,7.20044,46.1516,
		node 52.3397,62.5861,52.1238,-176.87,-47.7651,-19.2378,42.0274,52.5918,60.3401,11.3657,41.9055,4.36314,69.5524,-5.64744,69.476,-17.0353,-48.7445,88.6814,-23.8738,5.5614,-16.9975,25.702,34.9369,71.4398,40.6828,20.1401,
		node 27.2591,68.4714,99.909,-35.4455,35.0534,55.0262,-58.2297,-25.6285,30.2382,-15.521,-34.6483,-39.3632,-39.7709,52.6604,35.3898,88.776,74.5634,31.7944,-56.4659,-10.7397,69.6502,31.1841,32.4964,40.5524,7.68095,-17.4395,
	layer
		node -38.714,-1.37317,5.5706,42.4313,43.9192,-9.3552,
endPlayer
