// Player47
stat 4
	layer
		node -18.3738,-36.467,-9.47104,3.40441,-36.5298,-23.6008,-37.6081,-20.3029,60.2872,113.256,2.26485,93.7315,-40.5718,-104.037,-5.31797,26.4559,50.7934,81.4628,53.5739,-4.09177,59.359,60.2944,-68.5845,40.6358,-7.69201,-62.2542,
		node -2.41205,37.8546,-76.9336,-11.2484,39.9002,0.830924,-0.334547,-50.6698,-46.9701,-53.776,-121.276,-44.9615,-83.2321,121.612,55.2074,-73.1392,34.2786,-18.4608,123.796,-63.9599,51.6782,-65.067,10.8266,-48.2131,6.64563,6.75728,
		node -11.7749,-107.211,75.4358,75.3483,-84.8173,59.7157,-6.55161,-70.3019,-18.2388,24.5597,-72.6889,-13.4511,61.9388,1.04174,1.09404,-17.5315,-27.8597,126.756,70.7239,109.668,21.5699,8.31066,-91.512,-10.4287,14.0071,-31.6338,
		node 6.55397,-1.48243,-7.93724,-116.731,-13.9502,10.7713,-82.3703,-93.0481,-18.9621,114.433,-32.885,10.3868,-73.4435,94.3571,-16.3655,-35.9824,-15.2014,39.3914,-27.3357,92.6923,169.725,-25.7106,-92.3035,-5.15023,90.6588,7.82751,
		node -16.2264,33.9338,132.721,41.6938,25.7239,-93.9706,-92.313,23.4058,37.2511,-57.9253,52.4962,29.2867,-68.3166,-60.4747,-36.9289,38.4257,104.44,-30.2646,22.4217,-49.0743,-45.8857,-50.2474,89.4629,0.0434155,-14.8504,-30.8347,
		node -102.571,-8.19432,-64.9932,84.3032,17.5644,-50.3004,-121.041,-20.4569,-7.77835,164.291,41.5717,83.407,-68.1436,117.669,-84.7213,75.4709,31.8583,-40.9815,32.9229,107.479,87.973,-80.539,79.1559,9.80523,35.9306,102.349,
		node -18.5211,-10.0509,-65.3417,4.75686,117.381,76.1454,-24.3687,51.2274,77.9252,-24.4375,3.34817,95.9162,55.3518,-39.5282,48.0259,34.51,63.3076,4.01532,-51.5576,89.6668,25.272,49.3775,-59.5586,88.6921,45.4749,15.4738,
		node -14.9532,-44.6316,-32.5982,-0.990968,32.7996,10.431,-57.0307,-26.8359,48.7775,-17.3951,26.4395,-64.2634,-32.368,-105.637,84.3712,147.934,-41.9487,4.80056,132.159,-82.9768,-23.5581,62.681,-7.10132,132.237,-54.7664,-65.4947,
		node -73.7102,-18.7122,28.6664,-47.1908,-115.05,39.3878,-16.8575,56.6927,72.8364,-49.0018,41.3451,99.9218,102.016,-14.2695,-30.5458,-16.0462,65.2635,46.6978,63.7245,21.8005,-16.0545,-64.856,-109.014,-37.4327,-31.263,-40.5897,
		node 41.5563,-3.61659,-94.8656,2.31221,-79.1849,-56.0637,-29.6798,-32.2102,-89.0289,-42.7969,-34.6482,68.3761,115.479,-24.4167,41.1063,-2.12942,-39.0953,-40.2019,-70.9661,-45.9375,-82.9305,-18.3174,84,3.07511,-102.033,-2.79366,
	layer
		node -49.0543,-6.34845,69.907,-89.3314,75.4456,74.9514,155.687,-3.63421,58.2307,-5.8195,-9.62809,
endPlayer
