// Player64
stat 6
	layer
		node -6.59987,-34.477,141.818,133.23,-60.4173,-84.1212,-19.8302,107.876,-47.7678,-8.35823,7.18624,113.203,-42.8759,2.05214,19.1424,49.8331,53.8294,73.5426,59.258,-14.4879,63.7877,65.5563,-10.4663,47.4196,-5.80441,-88.24,
		node -3.26417,-3.5184,146.199,-8.86373,31.4078,-6.78309,3.07253,-45.6065,-43.2435,-54.2382,57.3802,-67.072,-83.3548,102.348,52.8254,-133.767,-6.67056,-13.0105,58.7248,-62.1511,44.9285,-33.4177,13.1631,-36.5132,1.11035,13.776,
		node -9.13861,-51.9587,106.323,74.005,-34.817,52.6816,-32.0957,106.242,-18.9514,-7.31675,-29.7834,-9.02232,75.6531,-10.9451,21.5682,74.9871,-33.7869,-25.9666,8.1974,0.784213,24.0268,-6.83014,-34.2577,-30.4591,-71.9561,-24.3636,
		node 50.4608,-17.518,-14.6144,-14.3837,-26.4589,4.47566,116.95,-90.0033,-77.77,101.621,-16.958,-39.4234,-83.2076,77.6643,-111.625,-55.7106,-4.99416,31.4836,-26.6215,75.7446,122.196,-7.66852,-96.3248,-7.80777,57.963,-46.3046,
		node -54.5368,-0.286517,98.1461,55.2501,20.8777,-89.4575,-93.8759,23.8804,52.0021,-62.2508,-24.5071,121.702,-82.3782,-7.13115,-6.59798,40.7346,99.1073,52.4843,-13.8545,-37.3105,92.754,-64.1837,111.296,-31.9753,-31.5458,19.9968,
		node 70.7328,1.64599,-73.9262,110.245,24.5284,39.7466,130.733,7.65494,-20.5209,82.6467,75.4237,-69.9024,-68.0171,143.931,-85.6251,71.4497,-30.4572,-29.8754,76.9842,107.792,-10.6664,-58.2736,84.8509,13.9891,58.4028,80.6472,
		node -18.8716,-8.16587,-11.8795,-16.7172,110.304,19.8931,-33.3842,17.2411,27.967,91.9942,-16.7537,-94.2337,-28.2485,-31.1555,-17.4253,114.183,59.89,93.0945,28.9339,-106.569,86.7654,15.2965,-54.7253,-63.1927,37.9207,-96.7665,
		node 13.4642,2.72951,-27.0032,29.7837,21.9987,-69.7948,0.615044,23.4457,44.9492,-33.3175,-21.232,-14.5571,75.7304,-36.5479,-96.7356,-92.7732,-37.4685,-16.0858,132.09,-76.0389,-24.1496,55.1702,-0.857451,138.831,-43.994,21.1757,
		node -66.2147,13.7756,24.5684,-54.4474,23.7139,49.1791,-8.95289,62.0885,70.3469,-53.2094,-8.7709,-83.5809,-82.509,96.6411,123.518,-6.37363,62.5821,131.317,54.3396,20.0244,-16.2841,30.2298,-108.187,-105.563,-36.4726,-31.7491,
		node 43.0698,-34.2669,19.3435,4.93978,-64.0641,-7.31644,-51.1517,107.729,20.8386,-35.4069,-5.98495,77.658,-7.40072,23.3337,-2.47576,-0.952566,-35.7674,-3.44537,-64.8555,-144.278,-96.4047,134.164,38.834,6.70466,-96.7741,141.738,
	layer
		node -40.4578,7.83664,6.76452,22.369,86.644,3.14396,-48.1168,-87.6945,-101.176,16.5915,-21.9776,
endPlayer
