// Player68
stat 9
	layer
		node -34.4612,105.747,40.772,-43.8554,35.4275,101.1,-114.002,-96.0337,-23.6684,35.8156,-11.9025,69.916,-116.583,161.699,20.6887,-128.564,169.733,40.9801,-69.892,-24.5105,66.9305,-100.455,-169.246,-37.7706,-108.626,-129.134,
		node 17.0849,-104.944,-98.5187,143.082,-136.913,138.118,-15.1939,-40.0237,-38.7009,24.1171,130.986,27.0049,46.3165,44.6042,-74.8377,21.8474,31.2495,100.884,43.3517,-125.854,-73.4665,2.8023,55.8613,-7.09983,53.5713,-57.5795,
		node 12.5987,-34.5915,-84.8362,-108.234,-27.9144,-71.07,-63.1561,120.214,79.6515,88.1456,-115.601,8.10143,0.808772,-34.8755,38.2828,-41.2743,-55.7533,148.674,-48.058,66.5524,51.0777,40.3118,-41.1344,-110.032,149.55,65.0466,
		node -121.859,-137.758,39.8166,10.3773,-1.10082,6.75434,46.7834,116.604,126.714,-75.8825,-29.9243,-117.245,124.069,138.792,-154.903,-37.7455,14.6722,-112.534,19.4115,125.777,123.935,-5.69163,15.0259,-62.1568,-112.662,15.2697,
		node 0.623958,-40.6915,-145.353,23.3429,-33.2942,-131.072,34.0305,-94.4612,-18.216,-69.8991,97.9407,23.7696,30.088,104.208,10.3482,27.404,26.7482,38.3395,5.27965,57.7019,-121.39,-11.5599,-20.3738,20.8524,36.1624,14.1766,
	layer
		node -13.8054,-2.53689,137.059,28.4245,84.4482,-78.2457,
endPlayer
