// Player85
stat 6
	layer
		node 148.271,-128.163,33.9916,60.8379,88.0961,-109.893,27.233,135.503,3.71981,38.0537,5.2087,135.622,30.4014,167.57,8.20725,-130.554,158.942,38.2733,-38.9601,-2.08715,-39.5738,-127.768,1.43909,-52.0096,-38.6382,-25.6342,
		node 84.1509,33.2413,135.087,-115.356,-123.297,146.473,-1.24777,-27.7762,47.7075,11.9917,129.827,-120.192,-164.354,72.637,109.856,17.8359,-40.8675,-114.398,47.249,109.573,-24.4051,-79.335,22.0504,-118.947,52.9604,-40.481,
		node -21.4693,-149.907,-90.4047,163.242,-21.5903,38.7195,-51.3431,70.0352,-91.5664,83.9841,-117.158,-103.773,26.9238,110.798,-30.388,-153.06,145.131,129.42,-45.1447,-118.365,-120.062,26.5944,-40.483,-86.8941,-92.0849,108.1,
		node -23.7789,140.69,-45.5579,2.92298,26.5017,66.9836,35.2122,53.5913,6.47537,-133.655,-55.0091,-117.644,127.887,140.078,13.7153,11.5404,-38.5484,-116.253,123.708,-125.968,71.4665,11.4875,22.7007,-31.6,32.8904,20.6786,
		node 0.458327,111.739,-0.52095,24.5968,-30.9381,1.42598,-89.4672,-1.08442,38.0048,-58.183,128.718,-129.584,31.729,101.771,11.763,21.1018,29.4553,145.371,29.8719,44.9367,-23.8189,26.7012,144.063,-140.099,33.0873,6.72858,
	layer
		node -33.1944,167.563,-150.644,-6.65938,31.6669,-72.0041,
endPlayer
