// Player22
stat 4
	layer
		node -32.7076,-139.79,50.1032,64.3589,12.0131,-88.9784,-109.78,38.9841,48.0524,-99.1079,70.3155,138.439,-93.496,163.676,131.634,-124.664,159.594,32.1685,-43.5221,-22.1204,4.73286,89.5482,-167.773,-47.6223,-10.6547,-17.0327,
		node 20.2327,-14.677,131.294,29.6113,-44.9694,-100.133,-71.9453,-31.4851,-45.7033,43.8099,120.068,-116.397,36.8432,82.0595,106.921,-122.901,117.383,92.7934,64.8213,101.653,-27.6428,49.2522,34.5859,-98.5984,17.5128,-56.2136,
		node -34.8405,-156.782,-103.67,-91.5046,-27.2793,-68.7628,-26.1053,-30.5609,-93.7339,87.9721,-112.1,-111.625,41.3742,46.2069,51.3705,-170.35,-48.5535,133.355,52.9189,48.702,-119.008,32.0145,-41.0914,33.8705,-95.325,59.6812,
		node 44.1583,145.724,-26.4912,2.08698,37.5251,-82.6083,-92.0064,42.2504,128.695,62.0092,-40.1373,-123.915,-20.895,137.476,60.4005,-37.8085,33.3248,8.92558,3.16832,90.5388,124.506,-74.8466,16.8072,-33.9452,-53.0689,25.8089,
		node 32.0068,-48.5632,-94.8143,11.9457,24.1106,-134.894,31.9679,-116.451,-9.68094,-75.9162,108.398,-123.318,30.5799,-12.3722,42.0901,16.5894,26.6056,36.6994,5.81996,38.8142,-150.254,-159.04,141.479,29.6329,9.69711,-74.7965,
	layer
		node -116.608,114.65,66.8535,5.05217,147.362,-98.8102,
endPlayer
