// Player42
stat 3
	layer
		node -31.3,11.7303,51.5001,131.793,-11.7891,-114.458,-122.068,138.595,-38.4246,43.2899,65.9638,13.1838,-122.24,43.9953,-99.5921,-82.4169,-103.865,47.6514,-49.1937,-30.0234,42.4589,-92.1174,-172.157,38.0394,-5.54185,26.2333,
		node -104.201,10.8331,-53.5658,27.9488,-30.179,92.1432,157.119,145.587,126.416,24.3613,-19.0368,151.719,-101.219,26.7491,106.055,3.05431,-75.458,111.243,120.091,-116.446,-81.6635,-59.2665,-0.416933,-102.671,-63.1151,-38.4053,
		node -33.3495,-45.152,-107.404,-91.4283,123.261,90.3931,-23.0978,123.937,-69.6474,83.3801,-110.539,-93.7664,-71.7281,-77.4188,-119.708,-160.092,-48.7161,132.493,28.6353,12.1001,4.44947,-132.583,58.8436,-90.7571,-66.6979,-6.61706,
		node 39.4167,15.86,-43.0637,14.9971,-27.7408,70.0569,26.0809,39.8381,91.758,38.4593,-54.9523,-122.218,-109.466,133.797,13.0143,-4.74233,23.692,8.03661,112.895,-123.799,111.634,7.00631,44.1247,-39.2241,41.6543,24.9224,
		node 17.9925,110.095,-77.9612,-43.2527,-39.0198,-124.073,0.764918,-5.63902,34.7263,52.654,-134.692,-121.776,34.1237,106.314,16.7294,-12.5122,15.9973,70.2313,21.6319,42.3861,-145.535,-9.9733,-25.4261,-143.39,3.78578,-24.4509,
	layer
		node -77.8274,-46.2967,-117.253,-107.281,92.7161,-66.7399,
endPlayer
