// Player5
stat 3
	layer
		node -73.6338,-346.438,-13.6734,-128.444,-77.6809,53.0409,15.1959,49.7141,241.352,-30.1681,62.3187,-91.5669,186.836,217.534,74.4646,34.7488,-201.843,-33.4082,173.76,-21.7126,125.192,163.691,164.424,155.669,68.1022,2.55301,
		node 20.0347,-167.088,-33.9403,40.8586,42.4022,-18.0844,409.518,-164.099,-61.5794,195.573,-22.6694,-136.078,-20.1359,-139.561,-39.3259,-90.97,-95.6791,119.389,-139.311,33.9546,66.1878,75.2302,-25.058,-11.3811,-138.152,223.611,
		node -131.011,222.758,24.8401,73.7098,9.2348,-5.59809,-49.5632,-250.556,136.871,297.835,186.378,-54.1998,-136.036,126.922,77.0855,-154.55,24.0999,136.621,243.57,-45.0869,179.605,128.545,-71.5577,8.64596,10.5685,-133.669,
		node -110.863,55.2909,-226.363,-38.0169,0.196659,-317.579,2.52126,159.144,-216.123,-32.6042,140.108,-103.847,49.1674,-20.8602,222.477,-183.85,-121.461,-0.524558,142.688,-24.375,0.847024,56.53,122.578,-98.5415,-138.494,-52.2933,
		node 107.26,-87.0984,196.905,112.075,-68.9262,-50.06,91.7312,130.38,-26.581,-20.598,-9.47568,97.5185,-75.8946,10.1881,-36.7683,-195.658,159.846,32.5706,66.176,99.2789,59.0754,-26.9377,-88.2249,108.191,-15.6282,-246.04,
		node -100.636,168.613,133.474,97.5732,-64.5882,-109.596,27.9157,52.5509,-141.813,128.061,53.1619,39.447,108.513,7.35772,-239.577,-173.047,18.0472,-156.419,-45.2993,-83.2947,152.137,-64.911,107.941,228.437,-66.6143,-19.8099,
		node 59.3245,-216.867,35.8737,-5.7638,-15.8917,40.7486,118.796,-55.5381,-88.7277,-12.8173,-19.934,147.247,71.6417,96.6715,13.7715,-135.346,-59.6492,151.17,-186.878,118.337,-144.827,-93.1879,-18.4515,-31.9439,23.8677,-63.8485,
		node 98.0879,-162.529,-349.486,-91.764,52.434,-140.828,-117.82,22.5687,136.472,230.879,-238.052,26.832,-68.0946,10.7304,14.7712,-117.479,44.9694,-61.2499,-54.5634,129.605,-92.6906,-29.4975,52.8292,-275.551,-22.2382,44.7577,
		node -114.378,-39.247,-160.434,83.6939,49.115,-114.007,-74.3343,39.099,41.7677,43.5461,-163.932,-28.1116,136.864,-84.0235,-78.1598,5.31835,91.9233,108.274,-25.4027,41.9261,13.4401,35.4264,46.3097,117.172,-16.4368,-167.668,
		node 57.7546,52.7144,20.7908,246.256,-15.5481,-170.897,14.3276,107.147,-166.569,-123.107,37.624,-50.8314,-142.675,-146.128,22.352,140.667,24.9882,347.827,78.4097,148.351,-242.14,60.3879,-69.9765,-37.0046,-170.042,108.904,
		node -85.1951,-234.083,-52.5429,87.1868,-94.95,5.58298,-238.967,119.686,-230.512,-135.964,17.4331,114.58,-136.372,81.6974,55.7577,12.1024,50.9332,-10.0843,-130.927,-29.8447,-81.9287,-121.442,-20.686,-55.5364,-13.2489,26.7855,
		node -248.478,-12.3639,-160.377,232.994,-4.57291,36.595,37.8856,39.4526,44.6563,-74.3768,-4.52371,3.82359,122.076,112.626,-29.565,-36.2693,13.9549,-267.588,-92.449,-18.9948,75.9557,80.5019,185.605,-85.1627,-171.285,-172.017,
		node -74.0395,78.6627,37.1062,-146.463,-13.9682,-17.2849,-81.6223,47.8094,-59.596,46.0118,-19.0051,56.0312,-37.6379,-97.5944,234.958,132.846,-124.098,-127.604,-146.807,14.1095,-80.3348,-21.2031,28.6773,-2.47799,-28.9868,-67.3806,
		node 61.95,49.9536,-67.2627,250.985,24.9742,59.6753,70.5211,104.929,167.393,-189.2,-6.78243,158.744,50.2759,-89.8044,-17.5477,-134.302,-3.81341,67.0612,-302.447,-62.1345,21.8547,-24.5121,-143.046,64.0598,44.1907,129.016,
		node 14.0399,3.00927,-67.751,143.16,72.476,176.398,-300.114,86.8934,-168.315,140.447,209.798,143.475,128.282,118.259,-60.3277,125.155,-90.814,35.5235,-3.52419,203.167,-27.9026,7.03813,50.9176,103.95,264.926,120.345,
		node -228.834,85.21,-95.3277,60.8288,44.2613,-78.5953,-9.65566,-125.637,48.1305,-50.569,-94.5413,-190.608,-117.815,-215.809,97.7923,96.0774,-188.474,123.491,236.899,88.3612,-253.653,-227.287,152.593,-0.534267,141.173,101.08,
		node 167.319,-33.748,10.2852,92.3823,-178.854,25.4125,121.344,-91.4562,-26.9193,107.205,-103.802,16.4343,-22.9715,9.51783,101.319,322.742,-69.7234,41.6136,-48.5745,200.569,-18.1614,-60.7736,313.513,-27.7158,87.5821,-14.9456,
		node 56.0467,124.148,-134.893,49.8436,-80.8086,-170.584,-92.7013,127.152,142.801,1.86663,-35.8881,-93.0014,122.042,-36.859,63.9679,144.794,-48.0024,108.706,-97.9198,-55.1145,91.9759,79.2561,-156.943,-77.1406,119.585,109.019,
		node 36.0297,23.3954,160.894,52.1794,32.3729,147.421,-101.663,-1.09368,-121.634,-300.484,-0.612803,78.5073,97.5684,4.83458,-227.829,-40.4471,120.905,-48.1018,-47.8556,43.3014,137.096,117.085,161.4,239.725,61.6602,103.316,
		node 68.8838,81.4167,75.2075,-59.1944,-42.9408,26.5754,67.6441,-105.342,-86.6199,1.72436,-89.5862,84.0253,34.5316,69.4566,108.534,-168.99,160.833,-143.2,67.8776,181.101,-152.77,78.8844,13.959,-139.592,60.5195,195.83,
		node -117.49,43.7736,68.8721,-52.616,-58.5234,-8.23907,81.3412,4.64976,60.7949,139.456,64.3586,101.755,-47.4749,34.7674,-50.8001,175.531,-53.4854,83.2441,-97.2537,95.8689,-43.0103,121.035,34.8232,115.662,98.0926,142.203,
		node -11.8039,-133.277,-110.718,-56.0836,122.266,-116.503,36.7569,-93.1339,87.2892,-42.2776,-244.167,131.221,24.5394,-252.67,12.4219,145.94,92.375,192.46,-98.6995,12.8912,-53.1214,-118.377,8.86779,8.84981,-40.3994,194.205,
		node 148.697,43.5757,-354.452,115.814,153.616,196.785,6.3544,-99.6229,-76.5279,-30.327,95.6842,-41.5631,-41.5342,-17.9431,109.797,22.5007,-270.321,136.992,-161.203,44.3512,122.278,110.164,-64.2975,145.747,-33.7409,147.318,
		node 55.3426,-36.4691,-165.866,-298.549,92.9699,200.271,88.4018,110.319,123.196,62.6546,116.112,164.268,-19.6991,-158.45,-9.00904,5.13239,120.868,-7.08525,23.2169,49.9845,-237.204,-144.194,237.062,423.834,-57.9892,36.1003,
		node 71.0843,-1.04562,132.774,261.624,102.582,90.1818,-10.5679,221.621,-55.3113,-225.663,-26.8387,3.81981,-164.423,-61.1568,21.0352,56.1821,83.7893,62.9339,-167.558,16.9735,-47.4891,83.8476,160.824,96.7428,105.938,71.0913,
	layer
		node -143.533,414.05,-3.85945,-26.4296,-136.326,41.3127,176.577,179.39,44.0443,143.888,-41.9364,-27.2522,-106.319,214.769,-209.108,-22.7637,-133.356,-22.6004,53.9263,147.62,-53.029,-142.617,10.656,-41.9364,27.9317,-25.8102,
endPlayer
