// Player98
stat 3
	layer
		node -123.872,-332.751,-9.4395,-160.671,-78.3779,37.7592,35.5547,45.4421,256.824,-27.8574,67.0035,-116.342,204.304,218.458,46.0176,40.2473,-199.644,-198.104,16.4253,-15.968,-155.432,138.982,-37.2375,145.774,48.4628,9.07673,
		node 21.6623,-165.914,-38.9062,31.3216,48.1861,-21.2228,399.489,-164.195,-59.8855,196.509,-27.4786,109.278,113.473,-151.7,-45.8264,-71.4754,-102.346,89.4834,-194.498,39.4593,69.211,76.4899,-17.288,-14.9214,-133.309,198.699,
		node 62.0265,219.579,27.0272,73.3498,-9.84942,-8.52408,-11.5382,-250.529,146.642,96.7896,171.076,-58.3108,-127.83,157.051,53.5925,-174.041,29.6849,127.734,234.987,-43.0606,171.231,100.034,-81.5128,16.0188,4.5872,171.244,
		node -113.558,80.6261,-221.967,-45.332,11.5092,-235.479,-0.0788309,155.025,61.2894,-31.312,133.346,-90.0827,52.3008,-15.1616,217.135,-84.699,-124.859,79.0621,132.344,-31.2102,-3.89609,75.6207,102.403,-95.789,-146.108,0.429173,
		node 110.103,-76.7335,197.727,109.138,-75.1589,-54.6243,112.87,-3.87519,90.056,-53.7478,-13.0299,70.1881,-54.6128,-16.8796,-8.46757,-206.624,148.046,20.6032,69.4324,111.769,217.927,201.672,-96.4693,77.7868,-18.3081,-252.114,
		node -133.558,172.179,129.473,133.354,-58.1674,-107.087,20.8475,60.2702,-149.058,131.057,41.3305,50.9406,114.663,4.21449,179.656,-157.97,-34.3571,-156.157,-44.3235,-115.167,134.892,-48.9817,39.0185,24.6372,-83.4842,-14.1122,
		node -24.4862,-192.118,29.2459,-10.8857,-27.2465,43.3858,-38.4979,-57.5699,-89.3468,-120.224,-22.5329,149.483,63.9589,110.568,-291.861,-148.07,-66.5726,152.35,-184.733,125.838,-147.995,-78.0938,-18.6992,-41.6242,46.886,-48.3096,
		node 125.114,-167.108,-347.193,-74.7889,51.662,-144.452,-115.236,30.7167,136.617,228.729,-263.465,32.4749,-64.3258,0.383769,22.2964,-138.847,-86.8386,-38.4133,-33.6694,127.109,-80.3554,-21.1547,44.4066,-280.912,34.7657,131.018,
		node -71.9613,-54.2547,317.469,62.6988,27.6717,-124.647,-82.3249,16.7328,45.5627,-133.956,-141.384,-28.2972,134.468,-80.2622,-89.811,5.07412,-9.89372,104.724,-6.35653,43.4674,14.7326,129.078,8.75672,-19.9598,-10.7151,-164.182,
		node 74.8182,52.1103,64.6735,-253.655,-13.2926,-172.115,23.2574,105.016,-154.441,-122.407,37.1993,81.9373,-132.479,-94.5798,20.0074,126.938,-33.9542,328.235,79.6013,150.352,-242.969,57.1737,-78.2398,-33.8273,114.749,101.516,
		node -84.6765,141.556,-48.9962,85.3732,-96.2244,9.4898,-230.463,122.153,-231.219,-134.412,15.6486,191.052,-134.959,85.6422,21.0167,12.4406,112.759,34.8612,-131.559,40.1778,-36.9088,-119.278,-26.5094,-50.942,190.575,-164.847,
		node -244.382,-20.3598,-31.6792,236.371,9.50076,40.7628,45.1541,-173.003,54.5681,-63.5551,1.05848,5.96632,149.518,118.384,63.8168,-46.9443,-78.896,-258.238,-94.1802,-11.6222,68.7718,91.6079,225.203,-86.0976,-185.191,-95.3712,
		node -57.1706,89.2283,34.4181,-122.522,-0.532429,-29.2756,-83.547,119.819,-57.0796,40.9864,-26.855,54.2755,-45.7935,-90.6518,-1.72527,124.634,-125.52,-120.759,-154.487,6.79213,-76.9663,22.4461,-19.1236,10.2817,-27.1319,-84.4454,
		node 81.3438,-146.122,-66.4441,246.602,30.4477,65.89,43.2976,92.7254,163.809,-179.92,8.57938,160.089,56.5219,-88.7686,-7.16797,-135.001,-23.445,67.3623,-320.579,-81.541,54.679,-6.25549,-163.873,63.3634,-24.4384,127.639,
		node 15.9108,1.8086,-79.8655,123.183,-48.1427,172.716,-305.299,70.2699,-152.502,145.292,212.6,142.561,104.262,133.403,-71.9324,118.244,-70.9039,36.3755,15.9591,181.28,-24.546,0.308162,43.3289,93.897,264.662,62.4872,
		node -232.312,84.9187,-98.7776,58.3378,45.9737,-95.6411,-9.86568,-131.561,25.981,-55.1159,171.398,-186.732,-127.505,-158.848,93.5341,102.074,-183.365,113.47,239.39,84.7785,-246.17,108.653,133.671,-6.26236,146.043,126.435,
		node 185.124,2.95509,18.7431,90.4101,-172.051,31.9697,119.18,-90.3312,-30.7641,115.644,-105.225,18.4453,-5.0236,-14.6629,104.547,348.231,159.596,-15.6855,115.261,202.003,16.7731,-57.1724,311.218,-37.8723,-176.237,-12.3746,
		node 78.6395,160.403,-158.968,60.2416,-81.8146,-173.602,-94.2907,124.015,129.362,16.1878,268.673,-82.6452,126.74,155.641,-45.414,147.261,-67.2941,93.0284,-102.667,-24.5824,88.715,81.2619,-135.638,-75.5635,83.6211,158.305,
		node 33.5241,140.519,152.032,60.1038,18.4901,144.124,-91.15,5.27176,-98.2768,-299.424,-117.45,-126.686,93.266,-4.69482,-208.536,-45.1277,106.674,-43.1512,147.836,76.4384,132.261,119.278,179.53,233.492,60.2233,-249.478,
		node 90.4079,87.8982,21.133,-76.3736,-40.8971,34.1069,78.2281,-99.3854,-85.6509,16.1343,-92.8784,100.545,109.921,74.8602,102.759,-169.68,174.545,-158.21,49.5505,182.129,-62.7753,63.2926,-10.7298,-127.531,63.6988,190.845,
		node -155.834,43.772,93.5662,-90.2956,-111.931,0.953761,85.4258,6.66756,-216.418,128.608,-148.521,102.901,125.857,20.5073,-38.4015,180.971,-75.5694,41.2076,-76.9426,-41.2947,72.2732,147.788,23.3865,151.483,-78.8643,145.492,
		node 6.24307,-122.337,-97.7256,-39.8974,93.9402,-113.216,4.17849,-94.5244,82.4167,-38.2696,-245.173,123.118,13.9357,-261.875,3.93975,152.805,16.6194,211.628,-109.496,12.6435,-53.9133,-92.5597,-4.50043,12.2413,-54.9719,195.616,
		node 143.695,39.0977,-350.804,84.7557,155.435,195.704,-6.16233,-96.3392,16.673,-48.3681,106.566,-39.5885,-128.269,-40.7038,117.339,10.6849,-256.898,161.217,-163.876,38.1176,115.573,123.185,-62.8368,136.492,-41.3235,64.9788,
		node 16.0446,-23.0299,-165.233,-282.721,-23.2222,188.143,104.18,93.428,113.618,68.4683,111.44,166.113,-23.8026,-164.145,10.7862,46.762,32.1063,-5.20386,31.0843,55.8656,57.1904,-145.763,227.518,415.644,-60.9443,39.3744,
		node 88.0629,2.98206,135.652,228.673,83.084,100.934,-42.2957,218.934,-36.9492,-225.069,-30.8617,-2.12967,-157.252,-61.8902,19.1114,31.5616,67.4909,71.7081,-164.128,18.4476,-89.3415,105.967,155.989,93.8394,95.6619,-190.229,
	layer
		node 48.9946,422.568,-90.5837,418.78,-19.5185,72.4932,-8.11351,77.8258,-164.019,-176.048,236.456,-103.585,-107.038,-242.971,138.454,-19.3449,-173.003,43.2578,-33.9652,144.476,-66.8431,-135.823,14.9614,-285.933,-65.768,-238.174,
endPlayer
