// Player7
stat 6
	layer
		node 76.1912,148.408,20.6586,19.5695,-20.1568,51.1235,-7.19031,-175.175,28.3663,56.7963,-7.77373,46.6356,-76.8362,12.9098,46.9955,80.5204,103.029,95.9018,14.7515,-0.26725,-13.9042,90.1205,55.8443,59.2475,34.4232,7.91362,
		node 7.79875,55.2656,110.649,22.5175,30.1719,40.7914,-2.74946,31.5268,-33.1849,-33.2309,61.264,143.663,15.89,150.699,62.6836,2.84727,94.6181,55.216,73.2057,141.24,7.3058,104.286,52.3721,-80.2221,-63.4733,80.8804,
		node -55.0802,-119.617,43.5378,143.004,55.4628,168.674,-103.125,-11.7502,181.691,181.42,16.3211,156.219,29.4779,129.859,-52.3129,19.3629,-29.3278,59.1281,-18.7669,-57.2862,12.9334,39.2675,-61.8786,3.96681,23.8735,55.209,
		node 196.683,42.3598,46.9054,-67.1529,-28.5384,77.9,31.8557,83.9341,-57.2956,94.8838,70.274,55.0811,34.9825,-157.927,-35.3219,8.55698,102.746,56.273,199.872,123.564,-17.3078,141.356,-119.877,28.7989,77.6297,-56.5584,
		node 39.9467,-25.4899,10.4406,72.917,95.8707,-14.551,162.239,-26.7852,45.2894,100.336,88.3044,-75.6914,51.8268,14.0974,147.35,33.5188,36.2366,68.5101,40.3643,103.19,113.503,-33.9073,-15.7824,87.954,-35.342,8.63615,
	layer
		node -31.1067,114.45,40.1997,-9.27214,11.7547,-1.96813,
endPlayer
