// Player76
stat 6
	layer
		node -57.2221,110.565,-31.2487,162.54,-345.157,-111.035,-64.5942,-128.438,189.537,81.9716,120.435,-100.356,-52.7542,15.2633,-161.388,95.5674,193.521,114.858,-6.11753,-39.5367,71.0216,-72.0643,128.827,63.1243,-82.357,103.828,
		node -113.199,-65.3152,-124.019,-134.955,206.295,-22.0624,-67.5927,-24.3551,-34.6943,-50.4772,18.5618,-61.2325,4.59042,-8.83905,280.198,-98.8106,71.2952,-143.838,-33.0438,-149.074,198.463,-110.474,-140.89,2.95779,-1.95736,-143.104,
		node 98.1792,-96.3123,-53.1157,-112.092,76.5741,12.193,63.8806,-161.387,-115.938,185.494,-82.5097,139.357,-64.6588,100.737,-74.9239,-106.187,-173.632,53.0036,102.197,51.0514,-109.516,77.7013,-74.2284,38.5804,-106.147,224.267,
		node 68.9102,115.602,-233.077,82.1432,-102.197,-104.873,-13.5255,-56.6028,-160.328,239.015,294.356,18.8962,-58.0528,42.4419,-102.611,436.017,88.7763,-21.3804,-9.64949,122.326,58.5083,-69.2598,231.957,124.255,416.372,67.3379,
		node 29.0688,103.363,75.0371,-155.257,-190.236,149.919,242.362,-20.4445,31.9076,-69.2997,105.823,-26.087,-16.4569,80.7453,-3.83495,102.84,2.24888,72.3568,-135.977,37.6413,-141.86,-125.481,109.214,-79.6862,226.051,-2.22623,
		node -21.38,3.61929,-38.4902,9.04707,19.2025,71.3369,-44.6368,-187.127,102.732,-38.8302,419.464,37.1963,102.603,34.537,-48.2093,-192.643,132.629,45.1395,92.8387,-31.9068,47.1014,-196.652,-147.075,-5.56609,89.3254,-144.137,
		node 43.2194,6.73745,-93.6211,-146.011,-20.8716,218.377,-66.0206,386.903,75.3688,-4.43252,-331.076,-129.62,-23.8201,120.212,67.4845,63.7121,119.963,32.2569,80.4344,-28.7568,11.1226,104.07,151.636,88.889,256.284,272.782,
		node 146.394,-114.731,-23.296,112.728,-68.9904,-77.8884,21.9435,-167.037,-176.514,55.407,-5.44279,304.021,-135.071,-311.787,118.814,242.918,63.8461,68.4312,-22.6687,-79.1724,215.769,69.5502,-148.404,161.507,67.321,-0.940693,
		node 28.1624,-330.209,77.5345,21.8392,6.20604,-103.596,0.440439,234.376,-107.948,-9.9134,90.209,33.0292,-128.032,84.5837,-154.07,21.6553,-8.53317,-133.387,-98.7431,5.92982,-43.7333,-75.1595,134.879,24.8823,-14.6139,53.0624,
		node 187.36,93.9131,-183.332,-121.717,-127.537,-111.461,-159.514,4.89261,76.3385,-89.2844,174.234,234.458,46.7641,56.2004,-147.701,89.4352,-20.3499,-201.785,85.6893,-113.43,81.5857,-164.2,-116.831,-231.488,-152.757,-63.7495,
	layer
		node -15.0358,-318.677,-15.9302,-83.483,-119.955,203.287,-183.332,-101.702,88.284,-100.741,-162.532,
endPlayer
