// Player19
stat 6
	layer
		node -80.3619,120.149,-35.5969,160.428,-345.784,-14.1343,16.1343,-42.4807,216.592,80.0674,124.349,-103.141,-127.143,-0.90205,-122.946,69.1709,-123.791,112.428,80.7618,91.7403,104.702,-87.8169,98.5587,71.3368,-87.3508,-54.0855,
		node -127.319,-138.522,146.584,-142.452,225.719,-8.63878,-97.3029,-26.4611,-36.9309,-48.405,-73.8808,-43.9443,161.638,-19.0467,288.838,-76.5391,-44.7026,-115.4,-118.957,-153.063,201.07,-69.1289,-136.279,60.4693,70.6789,-128.949,
		node -101.871,75.9532,184.491,-103.968,78.9834,-66.7949,46.1341,-154.368,366.384,-94.7892,-86.9067,-103.848,-73.8482,-55.5476,-130.34,-117.795,-132.095,46.3579,111.779,-325.265,-105.178,41.5422,-67.6998,82.0837,-155.8,-17.7828,
		node -103.951,115.252,-218.34,81.4602,-103.417,-99.0636,-26.2364,-37.1012,-167.337,-8.18863,294.767,-6.55531,95.3336,39.0564,-73.5938,435.033,80.4776,-7.3359,-10.6829,-50.8032,62.9275,-68.9477,237.535,127.548,102.976,90.6108,
		node 106.07,127.401,83.5622,-163.531,-180.632,209.649,242.674,-6.13244,-34.5432,-79.2222,116.185,-45.1313,-7.5683,65.9191,-12.7722,103.32,-1.73432,9.22593,-130.822,-72.5297,-151.879,-107.851,74.6208,-74.0737,246.161,-21.7264,
		node -7.83581,-42.8197,4.20805,8.63215,19.1835,76.8646,-20.3247,-180.81,93.612,-41.1345,412.694,-228.148,94.5934,2.71908,-28.7396,-198.177,126.601,57.2178,98.2201,-9.29331,53.3845,-190.618,-140.443,-1.59418,90.6781,-77.667,
		node 66.0347,-10.2861,-86.8682,-144.395,-103.5,226.032,-72.2634,-332.491,77.9773,14.2262,-21.7989,-134.414,-33.5869,120.505,-166.863,61.3711,114.432,30.0782,275.836,-22.2222,-20.0721,94.2321,159.204,86.6437,-110.066,274.07,
		node 142.651,-38.2281,-130.776,-194.554,-73.2863,-88.4842,-17.462,-159.971,-196.496,49.3725,-6.54944,287.721,76.4783,269.258,-32.2263,245.264,45.9219,58.7284,-316.979,183.447,213.15,159.851,32.8612,68.1103,70.3604,-2.24468,
		node 30.0806,-315.003,85.3918,138.098,16.6249,-96.3276,22.5256,231.33,-101.179,-14.1055,90.3923,22.8708,-134.403,122.38,-146.364,-35.3883,-13.4144,-140.899,-79.1404,260.725,-43.9007,-61.5067,89.2397,88.3771,-14.9925,40.344,
		node 190.676,94.3935,-176.286,-135.373,-112.615,241.645,-170.766,10.4156,69.8731,-33.1013,-112.431,221.096,42.7013,68.581,134.723,98.5665,-18.6366,-197.536,24.5622,-105.911,-97.4024,-3.76392,-114.111,17.2053,-156.621,-59.1194,
	layer
		node 7.72278,-36.8397,96.0101,-84.0919,-127.319,-7.99356,-89.2985,-43.8096,-213.721,95.5078,-106.417,
endPlayer
