// Player51
stat 8
	layer
		node 88.2527,-12.3712,62.6025,52.9692,63.3518,-102.71,-40.5649,-110.379,-77.3151,-6.64948,62.6547,-1.11421,-34.6891,-64.7962,-124.374,41.862,17.8821,-29.9074,20.8045,46.0363,27.8454,0.500342,-31.8849,-4.30962,-15.1314,23.7965,
		node 64.1537,75.2488,64.554,62.1401,-16.8604,-18.1108,16.288,28.4507,96.22,47.1497,-116.89,88.5961,9.46572,33.0784,64.28,66.5402,9.87533,-116.472,57.6069,-85.9085,32.7716,-6.2943,-5.37265,-107.456,59.3472,69.7667,
		node 4.33425,11.5401,-0.732887,42.8107,-43.6657,12.3898,13.036,-155.69,38.5555,-26.0179,66.0677,-12.4982,-56.3657,-123.566,27.5923,7.86582,1.46409,20.9197,8.78269,14.7656,11.5622,-61.0499,-41.7522,52.985,50.9552,30.6553,
		node 12.4067,39.099,-3.77341,-114.265,-90.2233,80.5877,-6.41718,24.9978,-4.10657,23.6509,26.9983,28.6454,-20.9598,-30.748,37.3308,-29.0607,-13.6681,83.7702,33.5159,17.994,37.3386,90.0269,-20.8164,70.1015,69.107,17.5134,
		node 36.199,62.5919,-3.61869,-58.701,30.8278,-77.4184,-130.769,-24.9788,-35.9725,5.59091,15.0376,62.0352,15.6122,-142.969,14.6532,-9.14037,13.5791,-38.8054,37.7221,8.67724,-53.5641,94.5268,37.4338,-26.8821,72.9357,-0.378034,
	layer
		node -18.0672,-33.7004,-140.357,-138.771,6.15188,-2.01628,
endPlayer
