// Player76
stat 7
	layer
		node 160.531,232.952,278.198,270.983,-525.004,226.223,268.986,230.162,118.337,259.115,187.408,264.041,143.835,141.633,-517.829,255.396,-540.628,187.408,235.186,134.057,-422.82,177.552,230.234,80.125,41.7995,190.481,
		node 173.863,228.035,155.578,-533.485,102.938,287.834,-484.222,155.326,240.562,223.863,239.614,216.266,133.238,139.855,229.241,260.587,217.857,228.66,168.002,65.7286,280.807,311.947,172.008,188.27,179.962,266.923,
		node 297.947,177.068,-354.163,38.0077,259.034,254.302,-431.907,-513.271,138.007,256.758,135.177,260.713,47.1917,164.126,175.966,312.152,96.4814,235.292,286.635,65.5286,-424.815,224.852,181.943,113.012,-371.115,247.444,
		node 113.928,-539.92,118.111,308.522,272.534,180.99,-465.188,-548.731,309.033,258.727,-479.169,-466.458,224.539,197.814,255.725,228.374,212.8,260.365,231.788,217.942,283.89,245.079,149.239,222.679,-524.76,-528.241,
		node 84.519,212.5,-547.162,222.723,-578.922,230.67,-490.729,188.931,-484.13,335.877,289.617,212.339,218.46,215.03,279.082,-489.846,47.1559,325.468,155.322,250.606,200.896,200.792,142.967,258.398,301.327,228.604,
	layer
		node 240.049,301.869,233.474,212.33,241.404,117.419,
endPlayer
