// Player9
stat 5
	layer
		node 151.644,257.541,-496.61,252.146,245.001,163.51,274.625,156.221,338.593,90.1155,67.0542,262.404,229.734,243.47,272.371,185.283,-323.43,192.192,225.449,170.695,198.748,197.885,264.079,81.3966,259.802,209.847,
		node 203.376,-508.922,243.391,240.687,-445.098,269.327,176.41,244.143,219.657,342.938,273.765,185.096,122.252,259.308,255.865,174.564,244.6,232.486,227.203,171.13,279.795,187.919,-548.629,162.912,-530.856,-504.836,
		node 286.21,192.865,-372.61,255.103,274.44,250.213,-432.769,231.832,-562.383,188.1,160.28,-407.556,229.232,228.833,242.648,158.532,125.928,79.3607,293.27,285.373,-414.759,247.252,253.935,154.335,-379.122,-511.047,
		node 297.047,-540.559,155.623,152.469,225.035,309.687,150.848,-580.579,224.199,230.9,167.389,-388.138,46.4325,235.755,263.809,267.932,121.268,231.3,217.189,219.18,243.148,234.705,142.787,248.344,259.025,233.535,
		node 186.469,260.465,-545.358,186.733,179.141,30.7942,-511.829,230.872,265.588,249.41,235.875,284.226,146.522,289.725,124.721,-518.883,240.931,262.94,265.737,172.582,286.959,70.0497,146.204,269.039,42.2517,-500.229,
	layer
		node 173.004,217.76,166.856,293.058,-523.135,255.16,
endPlayer
