// Player43
stat 4
	layer
		node -472.631,-485.358,217.789,256.863,255.053,248.781,-522.339,257.647,114.726,93.3374,33.9205,-460.95,215.921,230.759,289.312,-353.726,-333.569,177.518,223.583,294.548,-429.287,241.78,246.414,121.842,-351.361,224.221,
		node 180.111,239.112,239.34,245.104,195.237,230.257,-515.335,128.161,285.514,347.232,20.6621,70.931,137.105,251.479,248.476,259.724,265.533,237.666,134.023,306.967,279.155,178.744,-482.241,-372.461,95.9042,229.935,
		node 240.431,218.072,227.164,278.927,-497.2,249.904,195.687,224.138,205.802,254.136,256.881,258.813,252.421,249.284,197.033,149.047,117.836,-513.848,251.552,136.972,259.502,233.824,299.232,-470.55,229.38,142.721,
		node 302.34,-515.31,358.722,261.425,284.757,234.114,94.549,-558.274,265.876,170.116,162.077,276.695,55.5749,288.393,247.516,255.163,100.323,266.181,214.239,94.4814,248.631,244.787,225.539,253.673,145.428,-522.012,
		node 172.164,-579.324,-553.951,123.502,-584.702,230.011,-501.102,-538.337,319.899,67.7339,134.68,208.651,242.059,227.153,274.577,-508.197,268.205,305.034,165.632,264.925,-486.609,261.431,80.9478,80.1194,257.103,245.596,
	layer
		node 179.522,137.447,259.68,150.786,217.214,267.87,
endPlayer
