// Player1
stat 0
	layer
		node 161.436,266.949,-498.441,-343.35,42.6058,227.076,273.804,162.645,270.27,73.18,69.1838,191.631,369.944,230.099,290.586,190.214,-325.877,196.903,223.332,283.811,165.959,139.961,222.981,301.711,257.338,218.42,
		node 265.375,135.906,246.513,238.32,92.3745,73.1411,147.131,233.514,220.524,266.681,254.298,62.1313,138.984,225.199,255.311,247.015,235.588,-580.253,170.609,-499.336,299.499,174.597,327.073,230.95,-532.585,-502.366,
		node 292.251,174.452,-361.449,258.788,269.975,-538.197,162.03,228.541,-565.16,241.793,181.279,-437.466,276.203,219.347,266.689,184.933,122.741,244.567,285.981,173.067,244.945,224.896,198.748,148.078,-378.53,219.254,
		node 299.918,-521.829,369.211,-464.754,261.537,311.411,143.924,141.146,155.995,-319.395,171.795,273.142,-480.212,275.012,268.011,211.398,123.833,120.598,238.307,216.103,215.461,237.386,160.423,229.908,277.337,217.982,
		node 168.84,228.325,155.416,-523.385,-580.279,288.759,-509.847,-521.423,265.365,259.462,264.805,-412.702,250.281,-442.709,52.6981,256.761,312.938,167.967,155.021,243.497,214.364,146.208,147.048,267.85,45.7095,-521.386,
	layer
		node 155.724,190.599,233.02,272.72,137.252,156.222,
endPlayer
