// Player28
stat 7
	layer
		node 149.115,-382.935,-507.95,167.168,270.008,219.078,188.688,266.379,80.4575,90.3959,65.1653,-470.627,229.645,268.507,273.448,261.459,219.478,-413.87,260.157,217.237,196.041,193.808,258.392,74.4027,259.379,216.545,
		node 162.724,186.038,127.909,228.903,303.127,273.361,-480.464,247.71,218.291,340.894,262.592,255.881,146.722,277.277,254.31,258.43,238.261,239.667,221.201,-504.935,281.965,184.567,-552.563,206.775,267.826,178.886,
		node -502.594,221.05,145.171,184.229,-508.978,253.883,-429.714,-511.329,201.88,266.654,154.085,-425.132,277.674,168.808,260.896,248.01,127.941,237.467,271.093,310.708,263.957,102.479,220.836,296.379,-372.802,215.556,
		node 282.951,193.188,154.374,154.976,226.805,237.339,-470.425,-538.373,159.102,229.086,228.815,-377.339,169.054,278.697,290.472,271.518,310.9,229.103,222.771,222.279,243.108,240.652,256.58,287.229,240.679,216.136,
		node 179.1,260.79,-545.563,243.57,-533.824,224.057,-477.201,225.264,272.946,93.0745,266.978,284.957,139.66,281.791,286.891,-522.03,240.954,174.216,274.221,248.088,292.173,155.974,152.449,277.381,42.373,-518.742,
	layer
		node 185.516,300.958,169.588,268.241,272.579,212.946,
endPlayer
