// Player83
stat 5
	layer
		node 45.9927,50.3391,-76.5411,6.56025,-303.383,-243.09,-6.73155,32.9383,-273.889,129.672,155.327,-4.94637,-306.844,-24.4273,-261.274,-219.882,-62.7002,-302.773,-24.7467,-18.3099,-254.78,37.8707,-0.325457,18.8318,159.814,84.6806,
		node -289,8.81399,-265.343,-125.709,-45.5884,47.6735,48.9624,-260.984,25.7192,-71.116,0.249306,93.1425,12.2828,31.616,-17.3525,-134.233,104.921,-250.071,-11.8088,-59.4593,-23.1516,5.77878,102.421,-27.7882,-177.627,-53.7674,
		node -19.1596,-290.035,-34.3811,-147.887,18.8288,-3.60671,-256.396,99.7361,109.011,20.7006,-275.529,-7.20376,-90.5619,30.9646,-63.1151,-75.6798,-40.2704,-30.9863,-40.9439,1.97003,-218.249,25.4229,46.6048,-2.51265,-223.554,-69.0164,
		node -25.6871,20.7633,-182.602,-265.894,6.08962,-11.9922,-236.444,-15.1087,11.9811,161.781,-51.2767,-19.5923,-45.1316,-132.356,-50.2802,-310.341,58.662,4.96625,21.8575,-151.773,18.1702,138.296,-38.2058,-126.421,-36.5589,121.547,
		node -59.5034,-131.897,8.83151,-72.1682,37.0914,-128.703,-119.365,-29.2316,-34.185,-53.1112,59.2097,-166.38,46.4869,-308.47,3.02065,-216.782,157.366,-31.7003,150.975,2.44827,-38.6573,35.4185,38.006,41.0024,-22.7318,-293.417,
	layer
		node 10.1096,95.3809,17.3283,-2.36766,-28.3579,-84.0528,
endPlayer
