// Player40
stat 6
	layer
		node 16.8811,15.0168,-60.6283,127.039,-48.6266,-29.6883,-30.551,-44.2702,-42.4347,-26.5803,20.3424,-38.9004,-111.929,36.8145,30.3038,-33.4721,10.9365,-12.2329,21.7839,-66.2467,38.9089,-8.27943,48.282,13.5635,51.5045,123.973,
		node -68.6521,-19.1615,-6.85457,2.47452,3.78373,-59.0396,32.1226,-41.2798,64.4173,-15.6999,-38.3939,-55.9544,7.09072,108.462,-49.7728,54.7907,6.27261,8.20616,42.022,54.8264,32.4394,8.7513,42.3896,69.9726,-46.5518,29.6339,
		node 19.7972,24.2698,11.8185,-120.098,-12.2944,13.8154,24.8452,-34.1317,52.172,22.4093,25.3192,9.93536,-0.748097,50.5126,-44.0846,-14.3531,-59.3375,69.9799,-115.743,69.4341,7.97109,61.747,-103.87,-12.311,16.7414,41.4364,
		node -50.0251,-28.165,48.7241,30.5207,14.4172,-62.409,35.7769,-55.8419,34.9901,-45.9006,-36.2191,-65.5924,25.9656,38.9597,-69.7644,-0.201384,-28.4565,42.8757,-26.1012,-24.5678,36.0026,-14.2682,83.6444,43.1805,41.3694,17.0819,
		node -36.1722,19.1677,-54.7906,22.6716,-10.7143,-122.507,-0.131325,-33.3741,-50.8993,-72.9707,44.7308,-12.9044,12.514,55.0835,-51.3136,-41.9084,-3.05029,10.8778,-13.5987,46.6232,12.517,-46.188,0.183168,-95.0684,-13.7572,58.6665,
	layer
		node 22.5076,46.7088,19.2257,19.4075,25.5877,23.7406,
endPlayer
