// Player15
stat 6
	layer
		node 15.0059,6.33558,3.48908,-47.6644,48.2299,-12.4609,-23.3117,-32.9911,-24.8276,-29.2547,98.6973,-48.3921,-46.8194,-0.0049282,21.2039,-52.8384,-83.5248,11.6435,-123.432,53.839,80.126,-2.13311,-68.5787,26.8005,51.9864,-37.5084,
		node 34.3767,22.0175,-5.48771,-41.3702,10.3059,30.5303,30.0634,-54.8805,55.6587,-42.7998,-24.1234,-75.1718,0.719247,-39.0807,-21.4899,43.7405,0.973346,-8.27377,-50.1668,10.93,-62.5773,8.67825,39.2268,-10.6857,-38.4103,31.4638,
		node -13.8187,26.3897,-37.0586,-43.1995,-10.2036,20.2087,31.3213,-77.6109,-24.9013,-44.3379,25.7382,-67.8726,12.2209,-106.74,3.18138,32.9689,-96.4955,58.9245,-111.727,66.9753,-25.9981,19.9582,62.6902,-1.54116,14.5833,120.591,
		node 40.9805,-27.8029,-3.00436,64.0203,0.776144,-50.6774,54.4024,-67.1607,36.1512,-60.0188,-43.9587,-46.6083,15.218,117.376,29.098,24.7679,-53.6974,9.10592,30.5464,6.4688,0.283673,-3.26055,-2.31826,-26.4823,39.5751,11.8057,
		node -31.0382,115.433,-2.21009,35.4745,14.1871,8.66579,-39.8188,-30.3366,-52.9124,44.6393,-32.3577,1.19719,-121.221,-45.1013,15.4625,-42.3892,-53.15,-6.41881,-23.3339,-37.0661,0.347954,-7.75749,33.6764,12.661,33.7117,35.725,
	layer
		node 115.368,2.37849,24.5984,43.2511,-64.8124,-38.5643,
endPlayer
