// Player92
stat 7
	layer
		node 250.88,194.202,246.755,149.56,-2.12214,-190.35,-29.9851,-122.527,77.479,-19.9064,134.69,139.64,72.6703,-188.656,-61.1766,-41.9404,-51.7184,-201.595,197.098,258.42,277.584,243.597,37.5951,126.162,136.278,76.8405,
		node 83.3806,31.5048,-159.748,-208.433,-42.4274,213.563,-109.617,1.6616,281.185,-39.9292,-54.1413,-186.567,245.062,-165.942,-104.623,-140.482,-82.0386,80.3742,-28.4871,-44.0118,-19.8415,-238.454,-151.391,-58.6719,-88.6078,214.37,
		node 0.919815,-139.773,-161.59,-200.039,93.0953,-17.2429,280.638,238.697,-66.7837,-150.768,-48.2653,-321.459,-88.4783,224.095,-157.43,-49.933,-249.777,-74.6315,-121.683,96.6402,73.6691,77.6889,-91.0016,218.585,188.502,-35.2606,
		node -302.573,-112.131,-138.9,-176.673,-251.108,-29.6537,198.286,-284.978,239.503,111.231,-203.235,206.443,-160.931,203.734,273.797,227.898,243.952,-36.9574,-116.065,-26.9661,-294.37,267.879,256.039,-248.33,-163.049,-62.9562,
		node -114.718,-116.395,-125.275,-57.6722,5.82494,-74.7587,240.845,-61.7474,164.206,-214.228,-118.182,-56.2998,-160.791,136.726,-108.377,201.776,253.241,4.25916,-113.618,-104.996,-192.556,-46.1083,-313.13,-63.7234,-64.6672,57.9241,
	layer
		node -151.929,-162.689,-166.229,-60.6444,249.903,-14.1856,
endPlayer
