// Player23
stat 9
	layer
		node 66.1456,-41.1721,62.7324,252.768,251.777,-59.002,-12.4861,-53.9345,57.1478,193.995,136.678,137.083,-272.621,-191.191,-115.445,-58.3095,-21.2211,-204.186,215.276,225.933,-96.8996,234.085,45.8918,-206.481,141.684,-88.2586,
		node 132.618,30.4702,102.623,12.5632,259.471,222.315,-97.0864,1.09606,205.764,228.404,-154.767,100.724,251.876,-82.7916,220.171,-55.1121,116.853,-96.5006,-30.1435,-36.3617,214.012,253.073,-183.215,-59.5094,134.225,278.234,
		node -15.806,-245.582,-156.999,-173.019,70.1594,-22.9835,-141.18,138.285,-66.5911,-11.4678,-53.2124,-301.155,91.2117,-190.65,113.342,-89.6347,157.847,230.485,-51.9254,-223.039,-168.349,-92.2794,238.469,-140.76,207.934,-205.842,
		node 14.3133,-118.837,-5.62183,-251.576,-248.81,-33.808,208.449,229.185,236.922,-64.7592,6.88963,-252.615,220.923,253.054,271.161,231.109,-114.101,-176.663,-115.903,278.373,195.547,-202.203,227.158,-277.131,-162.505,-186.799,
		node -127.152,-71.8151,7.80404,-14.1857,1.37811,-82.6461,112.768,238.344,-111.91,-146.603,-80.0338,-202.006,-80.9134,138.335,-161.82,-122.176,238.734,274.169,-105.042,209.787,-200.539,-146.513,-317.148,2.30613,-296.393,61.1735,
	layer
		node -118.79,166.782,-22.627,132.18,-18.1341,278.51,
endPlayer
