// Player6
stat 4
	layer
		node 56.4921,28.6851,-55.6862,153.157,132.714,-62.937,-54.5553,128.941,74.8548,-19.3718,-242.917,141.316,62.2014,-206.275,-111.838,-126.728,-21.6377,138.287,-197.902,255.304,30.7046,241.575,-305.964,-23.2939,-155.943,-80.1579,
		node 243.112,33.3465,-136.684,13.4209,-242.038,-108.677,-95.5807,-120.629,-103.378,-163.335,-158.497,-186.662,246.039,236.661,222.325,-38.7495,55.9781,8.80615,-213.365,-166.321,-173.226,232.529,68.1719,-50.4744,134.905,-192.211,
		node 68.5109,-55.4302,-172.153,-181.032,-92.2587,-12.7268,-65.3232,60.9929,-124.72,-17.1126,90.5192,72.7585,-93.1558,226.075,112.032,-37.8838,165.315,-162.724,-49.9303,82.2281,-179.619,-93.1297,242.787,255.658,221.368,261.039,
		node 198.108,-106.673,254.968,-168.66,-97.5458,-94.8077,-127.405,222.514,240.824,-203.064,-208.106,125.079,-15.4661,44.9164,273.187,207.514,-108.313,-40.8566,-158.868,-180.142,-174.937,190.186,246.176,-258.403,-184.129,-183.913,
		node 197.94,-199.265,-129.229,-8.94778,-2.37112,-57.5896,218.326,-51.2306,-16.4234,-92.6423,257.255,-197.812,-152.342,147.632,-71.0593,89.2268,-53.0021,10.9096,-136.606,-96.7933,-64.236,-51.7559,-161.318,5.51502,-36.5077,-100.66,
	layer
		node -92.0375,-182.665,-82.3822,-113.646,-55.7199,102.347,
endPlayer
