// Player37
stat 6
	layer
		node -50.2738,46.3436,-72.7372,-19.6827,-33.0568,-30.8795,25.5572,6.0596,84.3684,-55.6824,-50.9609,-9.07742,-59.9545,43.3142,-23.7086,-14.5419,-34.9392,-95.9891,21.3786,-20.1966,-43.3304,1.49624,-11.1717,29.6883,-7.2924,-47.813,
		node 2.46463,-40.7892,33.2827,77.8742,-21.0636,-42.4899,63.8759,52.3024,-41.7842,32.5767,21.4401,-18.045,54.9098,14.9874,30.0002,-10.6041,59.6862,2.55563,-20.5488,-53.1348,28.4864,7.3321,18.2432,-39.3945,80.3848,-12.7147,
		node -0.328975,20.2491,-61.9095,21.9071,20.469,-75.1064,20.0309,-11.1813,27.2842,52.4323,-4.72742,-28.6384,13.3252,37.7285,-47.2367,-35.4011,21.961,-2.62686,-28.5593,-24.2925,33.7384,-9.31597,118.314,15.1031,3.65332,0.000366686,
		node 59.3266,21.5484,-28.4421,-62.2553,-59.6869,32.5748,39.3002,-24.3342,-25.5126,38.149,27.8051,-46.1981,-23.8721,2.9927,-2.07855,-13.2817,-27.045,-16.2049,-3.15418,-77.2091,31.4387,28.5901,67.7711,-53.1783,-32.3767,-2.6977,
		node -5.95989,9.54379,18.3059,-9.80624,0.91521,88.8076,-21.2946,22.8677,90.2634,-19.4937,13.9831,33.6799,-2.77072,62.2085,19.7252,6.63288,-3.78105,-16.1762,20.77,36.3346,3.33071,5.3638,-4.35216,-66.0291,47.2698,-66.6051,
	layer
		node 21.124,43.8719,0.579412,-13.7049,-59.772,-22.9744,
endPlayer
