// Player57
stat 8
	layer
		node -54.2369,51.4315,-42.1167,24.7496,-9.83569,-44.8266,-10.6949,4.38359,76.9373,-50.7336,67.5663,37.1825,39.5821,-19.5936,42.943,-11.334,-31.5777,8.78102,-7.35534,-25.2689,-36.4962,80.6324,-34.8408,32.145,31.3287,-52.374,
		node 2.88195,14.7064,-25.174,-13.7884,19.7239,-40.324,65.1846,-12.6391,-13.7951,-70.8027,22.9781,-19.2837,34.693,43.4941,31.3463,15.7281,50.9048,-2.71497,12.3527,-43.7873,-16.9094,1.21386,12.3711,-20.9957,21.0606,51.5757,
		node -2.28838,-11.1693,-41.4983,20.7439,10.5811,-47.8723,-2.06884,35.9977,19.6595,51.052,16.3258,-30.0074,-38.6683,41.6957,-46.8055,7.5179,23.0995,8.03714,8.6243,-40.8216,-13.1948,15.4581,110.08,31.8524,-16.2225,-28.4135,
		node 38.3539,-4.48742,-37.2166,-10.8297,53.0912,26.4813,30.6913,-25.9745,-18.0708,-4.39747,81.0897,-64.0986,-41.2149,52.493,-1.99802,-56.5559,-43.7542,-66.8673,-5.64765,-11.2883,14.4639,-45.6554,62.2304,31.4608,26.8122,-68.9261,
		node -13.5287,0.607091,10.2905,81.4692,-47.8747,70.9373,-33.8456,-14.0258,120.718,88.9575,47.5881,2.11297,-5.27677,12.9236,6.63539,12.1036,-23.3305,-51.319,22.8573,16.3632,5.43693,5.26551,-27.2371,-63.5762,74.8202,-22.041,
	layer
		node 69.3122,-6.61106,-21.0569,18.1654,-24.1019,-99.4595,
endPlayer
