// Player29
stat 8
	layer
		node -114.978,-62.9785,-0.0575768,210.73,-22.3557,15.0073,97.2469,82.9006,39.2595,-20.9681,58.4278,-8.23336,127.414,7.94221,117.997,-140.247,-214.6,-18.4808,-16.4454,106.251,-62.0597,-65.8626,-100.79,9.67474,-130.8,10.9998,
		node -110.757,71.2728,103.098,3.33755,134.965,-227.47,50.5629,20.8885,-231.245,-197.205,-32.8269,-100.287,-241.188,110.257,-128.255,141.806,-162.314,-228.472,-43.8958,-242.748,-80.9478,-52.6194,97.2105,-8.31691,40.1807,27.7072,
		node 122.457,46.6866,-11.5814,112.623,57.1708,0.322817,-8.69904,16.9202,22.2643,-1.48986,1.24804,62.4084,-254.174,-88.4148,32.1818,12.4508,49.6778,112.841,122.569,227.013,36.4316,-17.5967,-67.64,-14.063,-62.6862,165.638,
		node 66.8406,50.7118,11.6103,4.28724,86.9768,87.2518,-37.3674,161.744,39.897,-58.6241,37.3937,-1.32907,88.7574,113.396,51.3138,-13.2386,181.206,-2.10873,-13.9524,33.9239,1.97075,39.7797,-49.2894,-8.29846,40.6031,-48.9766,
		node 118.462,31.0837,84.8767,-11.6417,120.714,-81.5828,-35.788,154.918,29.3942,25.6602,21.8315,47.6569,-38.5599,31.2982,47.4167,133.861,33.1667,93.715,-39.5391,77.2523,32.6586,61.3664,-120.709,67.4959,-53.6637,-1.53841,
		node -191.309,101.263,37.9749,-84.5499,-116.331,7.21486,79.5441,57.8964,-20.4526,-10.4057,36.9202,3.36723,147.11,8.22695,115.197,126.381,61.7773,142.226,66.6601,87.521,-81.6989,9.77715,-87.2288,108.411,116.736,-68.2116,
		node 28.4757,72.4827,-62.0055,-54.689,-78.6232,60.725,-29.5487,58.083,-77.075,-15.5512,214.051,-39.8153,-186.091,-89.8625,-15.2532,15.6767,39.7902,2.46405,27.3707,-69.4897,39.2243,29.1698,66.659,-55.8554,-108.923,50.8954,
		node 23.7298,116.768,-88.2015,41.249,41.0854,-56.299,10.3881,32.7231,-135.709,70.9517,39.2284,-84.2709,-44.5851,4.21548,-59.3455,-117.409,-98.883,1.2714,-31.5038,124.482,-14.8204,-22.0891,46.7081,23.6507,-5.11123,35.6711,
		node -0.0607111,-30.0734,-10.8579,77.934,-7.51235,-29.7244,75.0256,-23.6423,-50.3808,34.7112,126.184,27.3654,7.01165,22.2202,-227.5,-76.0336,202.241,176.208,-83.8279,31.6785,114.394,229.336,32.85,69.4256,96.3153,7.472,
		node -53.0235,-104.824,-20.56,163.54,-82.234,31.0491,-76.2323,51.8824,69.9193,-90.8176,-0.170388,59.6922,52.6357,70.7718,231.839,57.3273,76.7527,119.343,-63.5183,19.7232,104.49,-224.443,-14.2603,-12.6875,-0.887461,-67.5358,
	layer
		node -18.1919,1.30434,104.327,15.2877,65.435,73.532,139.756,-238.547,215.725,-75.2715,-26.8134,
		node -103.487,39.0654,41.7719,-9.41947,79.7451,111.378,27.7573,-117.228,50.218,-238.515,-55.0813,
		node 193.586,46.459,117.067,16.8877,29.8623,7.82802,11.3319,19.1255,58.5149,16.8902,-42.2663,
		node 170.058,-38.5626,49.499,169.595,-4.85273,-22.934,-55.3339,62.8779,66.4957,-7.17637,15.9559,
		node 83.1155,-229.519,29.3864,53.7252,-45.298,52.8818,153.407,56.7756,72.4872,28.7318,-54.596,
	layer
		node -118.05,30.8879,-72.7588,42.1086,95.4104,-76.807,
endPlayer
