// Player86
stat 3
	layer
		node 60.9508,-99.0802,-85.4129,96.5064,-39.3214,-71.2199,62.7307,-46.084,-48.2768,96.003,-35.6969,-14.9482,-44.1238,-130.62,-19.5009,114.201,-49.4803,-38.5047,-49.8366,97.1277,4.38296,-81.8745,-49.4012,62.1227,-107.705,-32.9326,
		node -72.3659,48.3527,73.7571,35.5465,87.8323,64.0216,-113.06,8.21005,95.4824,43.1469,10.7277,46.081,-34.4213,-147.826,85.0464,-112.542,-67.8144,-4.93362,61.6607,-94.1401,-35.061,-64.8905,16.7646,-101.591,72.8679,58.1939,
		node 55.8407,14.4575,31.702,19.094,17.7602,97.3754,-100.496,-113.031,-13.9853,-116.272,-44.6894,-149.5,-45.3941,-18.3596,-38.0482,-4.21067,19.3885,-69.3507,22.422,13.3916,-139.011,46.1584,-158.995,48.9158,-21.6045,-28.9923,
		node -4.47536,-88.3226,-112.785,-1.77157,54.3455,-128.746,-121.951,-125.522,-174.854,-132.626,-11.2818,-49.9309,16.5578,84.2228,-71.6323,-56.3564,-106.192,-23.9777,-132.135,-137.143,-26.1438,-156.112,-36.2442,-104.347,48.4122,10.0032,
		node -9.65107,-8.38621,-45.7769,15.6233,-102.978,-1.87454,-46.6793,19.5313,-123.874,94.9063,-56.6131,44.2353,-3.37315,-67.7546,-41.5239,24.9051,59.115,23.1487,-30.4301,-43.6864,-9.53107,-40.723,-10.733,-63.3438,52.4039,-76.5773,
	layer
		node -46.6591,-112.727,-47.0313,1.96043,-63.7727,-130.601,
endPlayer
