// Player20
stat 7
	layer
		node 58.8937,-112.943,59.8786,54.6022,-94.8457,14.555,-46.9682,47.0721,-3.85647,-51.3672,-36.9392,27.5195,-36.2561,-75.7499,-13.238,-114.03,-43.7093,-122.289,-52.336,73.2958,-49.0603,-100.925,79.331,63.253,62.5971,-40.6569,
		node 45.658,-77.3968,19.6851,-71.8882,91.0995,58.6826,-109.45,18.7248,113.814,68.4597,-5.40917,-71.8151,-101.916,10.3375,-134.336,82.8287,101.932,-94.3025,-61.3481,-92.8053,-13.1313,54.1067,13.6397,-31.6985,67.4948,55.2991,
		node 72.19,12.8482,37.163,-14.3325,-2.50955,81.1122,-78.4521,-106.231,3.05543,-23.6583,-27.2782,16.9978,64.8117,-62.0453,-36.2012,-5.19752,40.9529,-67.3345,-98.8206,14.1514,68.0745,-18.5665,34.4641,81.9933,40.1233,133.938,
		node -64.3153,-110.346,-48.9128,-121.62,62.5615,-108.688,7.15281,47.0879,55.1866,-68.9297,-19.5444,-37.7878,-31.0311,87.3784,56.6207,108.18,-105.134,43.2588,-15.578,-120.933,-9.70129,193.055,-156.22,46.8269,136.628,9.01498,
		node -103.024,6.45886,-77.425,41.4989,-85.4005,-5.81748,67.3008,-80.7021,53.0348,100.964,-167.504,107.972,30.947,-5.09515,-2.40142,-48.8977,-66.4435,108.094,-18.1086,-35.2197,-139.927,-6.73878,44.5069,-42.3481,-54.1802,-15.8935,
	layer
		node -19.1538,-77.8518,49.8008,-47.1705,51.7373,46.5168,
endPlayer
