// Player77
stat 6
	layer
		node -67.6058,16.0478,22.2067,-20.9208,-45.3107,39.4491,-9.23438,0.553991,36.1204,-45.4858,9.6839,-32.9159,-50.1622,-25.7837,15.8787,-53.3065,-16.4491,-10.32,49.5677,1.74483,-12.0966,-68.1807,3.76716,27.1321,-42.9651,-48.0755,
		node 58.7997,6.8999,-49.5403,5.79619,-3.13396,-1.24136,-45.444,24.1116,-64.3022,13.3412,-8.42179,-58.3035,10.8534,57.9982,16.3189,-25.7436,-4.20487,-18.8939,-39.5885,-44.2184,36.3348,-50.2251,18.9061,13.747,-59.7139,20.4099,
		node 16.281,7.89999,75.5609,-35.4212,-3.16606,-45.5408,-60.6515,-14.6943,-6.7608,21.6452,34.5596,-28.6954,23.764,-1.96076,36.644,0.112792,-7.02835,8.05391,22.7778,64.972,6.2166,18.1032,35.637,12.7545,-14.0568,-45.6568,
		node 32.6834,3.62192,37.2846,0.52765,26.1416,-55.8027,-18.6648,6.52108,-66.6477,30.0819,-23.6116,-37.4724,43.1398,24.6142,24.0633,-46.0581,17.2473,-51.9924,-8.39208,21.1508,-97.2158,-24.0412,5.38267,41.6275,-27.2903,66.2918,
		node 2.73393,-50.117,65.9075,-5.59563,-19.6958,-17.3564,-67.5659,-55.425,-8.10066,-7.88266,6.60592,45.5024,19.6679,-15.795,-30.8407,-31.139,32.007,-62.9788,-49.9894,43.6907,45.6252,10.8223,-9.54814,45.6601,5.02697,31.9009,
		node 36.9041,-25.4478,-56.5268,-4.74022,-4.82467,29.6789,-14.7392,24.1687,49.8303,25.209,28.1079,-44.2669,-2.10943,4.74125,-59.6831,-0.512251,-20.943,-27.5992,-11.7639,-37.6506,-40.3789,-48.1615,-42.2496,8.00259,12.5631,31.6266,
		node -20.6733,33.9375,45.7838,2.91848,-0.625539,-64.603,12.1801,47.6604,-45.9605,42.0052,28.5997,56.0508,33.0928,-49.5018,3.61291,20.7249,-23.0297,18.6116,7.05983,-14.6875,-22.3117,0.610686,-58.8936,14.6254,21.0669,32.9777,
		node -14.2784,-80.4871,-2.65673,-2.44302,-49.6431,-16.1766,-59.9091,4.02035,-26.2669,-46.5102,-26.1346,-17.8203,-11.6461,-2.46758,-36.7611,-9.22936,-22.5982,-38.8096,77.0444,-20.0173,43.7128,-32.3837,78.7097,2.48202,16.2236,-22.7785,
		node -52.8269,4.51252,19.2561,-69.1061,13.6076,-7.7974,6.08179,-28.8062,41.4815,3.61612,-43.6352,7.3956,-15.6607,-10.2252,-35.0089,-104.901,45.1173,43.5491,13.8065,2.49074,18.1365,-17.6588,33.9001,-52.1601,46.114,-48.8385,
		node -50.741,43.9079,2.63346,-9.53584,-28.6591,51.5683,-48.3508,-16.2313,-19.8739,0.45965,-3.41794,-3.9802,-4.93356,-25.716,-13.8391,-25.3076,-9.22539,-8.98887,-7.59498,5.5047,-45.428,-23.4529,-24.1186,-22.2708,-41.2464,-69.4437,
	layer
		node 29.5845,1.23017,37.6191,-50.4869,1.60325,-15.8851,1.64636,54.7005,-22.7862,-56.6401,32.5408,
endPlayer
