// Player38
stat 4
	layer
		node -45.1521,16.0191,-41.4299,-8.47429,9.39579,-13.0631,-34.755,-16.2889,-3.63916,5.39796,67.6183,2.61602,-54.1309,13.0541,38.5772,19.7728,40.7259,65.305,32.1154,-26.8542,-11.978,-78.3994,-61.9379,47.2544,-13.6974,-6.92148,
		node 48.4649,2.15479,25.6433,28.2255,22.1512,-35.6032,5.11006,53.0265,-1.12693,0.674384,-4.66073,-7.31846,11.8609,-21.4181,-5.43056,60.7016,-37.2886,-2.57442,-26.6115,-22.948,1.23093,8.20944,-8.80766,25.3827,-2.569,-35.8658,
		node 42.2184,-6.34873,-29.3075,101.208,72.2124,50.4996,0.491892,-19.6786,25.2429,-18.5898,17.7756,8.20542,-2.24442,46.856,17.7877,-50.6793,90.6876,4.77024,12.8936,-3.9206,18.8467,-68.0675,36.1262,-19.0142,-47.8922,-32.0923,
		node 16.1515,43.4975,75.6807,-51.7011,-49.1613,-15.8893,-36.4746,53.6527,-29.0567,24.6048,54.2309,6.71908,-0.19964,-0.784606,-7.93919,-61.0969,-4.73002,-3.74168,41.8478,-16.2057,-1.39346,-5.6957,65.3917,30.4706,-59.8176,15.8081,
		node -39.112,20.056,-12.4629,-41.773,-47.6819,38.7034,9.23303,-8.46109,15.0391,37.202,-46.1074,37.4151,52.6285,8.62275,-39.8995,-29.4619,-5.74781,-4.84877,15.7165,10.1916,63.1568,68.4989,-9.75723,37.9396,66.5837,-71.708,
	layer
		node 26.3979,17.0347,-28.8572,34.095,39.4673,-41.2363,
endPlayer
