// Player71
stat 5
	layer
		node 115.299,84.3824,-33.4287,-39.0155,85.4893,-57.1847,-77.045,-103.223,168.011,-47.5768,17.8541,-69.302,-48.3627,20.7586,-24.5347,-16.896,-61.5826,-29.4463,-29.4805,-3.57934,122.467,-72.3193,92.6945,-62.9361,-74.7884,-63.1644,
		node -79.4731,-45.8904,-96.0435,-149.658,145.181,-44.648,0.723271,-10.6563,-144.02,-84.9821,79.5029,-22.4269,97.5456,-67.7486,-104.974,-118.777,-51.4547,-99.0179,-82.8694,60.7737,-82.8907,-23.3701,-119.066,127.886,-104.716,68.5885,
		node 28.9674,19.4758,-76.8318,96.867,120.681,61.3556,63.8825,72.695,-103.928,-49.0703,-42.5709,-62.3978,-53.1107,-59.4806,-38.2278,-92.5932,-129.36,-49.3889,160.899,24.8171,-43.7805,-30.4365,-77.4856,-80.6064,-95.4562,4.20824,
		node 24.6461,-70.6454,-62.012,-29.4573,-124.306,-26.5416,-95.9934,-57.5812,-51.2271,-65.2715,-87.6227,-88.2325,-11.3966,90.1989,15.9361,-61.6107,102.303,-91.4862,-40.3755,-49.0737,-113.746,-77.3217,-51.1208,-122.895,-93.4334,-36.4115,
		node 84.3812,-51.5644,-141.653,-15.703,-5.88908,-66.5752,74.6427,-60.4231,-27.383,88.0567,92.3625,-70.0981,-36.2723,63.1971,-44.2645,-24.7954,-42.7024,-85.958,-15.0199,-36.0348,-66.074,-64.0033,-6.6082,-21.7706,-85.8028,-73.1496,
	layer
		node 40.2074,-59.1106,-57.0666,-84.1393,74.7874,180.701,
endPlayer
