// Player9
stat 4
	layer
		node -115.656,113.507,-18.2731,130.647,103.528,-0.249473,81.8068,-116.781,52.4911,63.5474,28.2269,-7.14783,166.892,-105.619,132.89,-29.9748,32.742,-0.988697,77.3694,48.8406,33.2095,-86.3103,42.8513,15.0336,129.17,-79.29,
		node -17.708,-3.20311,-40.9668,3.71473,-160.22,-86.0262,-19.6081,18.1455,-49.9682,130.432,101.975,-34.7648,127.035,-23.693,8.83108,-127.404,-32.722,142.696,-131.686,138.022,13.6825,34.5842,-40.2538,-22.3644,66.9197,79.4317,
		node 113.28,22.6358,-105.522,-25.9987,73.2697,-11.2948,130.948,48.8969,18.5352,-47.7135,170.032,-115.492,101.985,-119.911,-37.4211,80.5951,121.005,-11.4325,124.164,-137.731,8.95904,9.47435,-24.8729,31.0769,-38.0314,102.579,
		node 84.0714,-110.977,-121.386,141.467,-7.84188,-29.3984,100.573,104.031,-13.4223,6.52059,-38.4988,46.775,-20.3904,-153.898,14.9184,55.6376,2.82416,-25.7953,105.55,28.8104,-0.767252,-51.3103,128.737,-29.7726,34.8145,126.218,
		node -20.3337,29.4266,-17.8665,-0.368988,2.67597,-51.8247,-19.1924,-29.9875,9.12247,129.024,-41.6795,-128.448,2.48426,-41.8833,86.4467,-52.4949,70.6746,-151.46,-119.517,19.9632,-78.1722,-24.7031,7.50531,94.8264,83.9266,67.4292,
	layer
		node -192.358,-127.126,17.2281,22.9965,17.0652,37.646,
endPlayer
