// Player68
stat 10
	layer
		node -107.47,64.2317,124.861,-96.2656,55.8376,-165.167,-6.37071,110.164,112.824,-36.0578,-88.9486,122.059,101.255,11.0024,122.998,27.3093,-91.1784,107.764,64.1836,-28.4145,34.4449,-55.4527,-83.4514,-28.7024,80.8588,-32.6916,
		node 41.8265,-122.128,171.105,91.4308,-101.035,124.418,120.992,182.555,-54.219,65.2121,-123.69,84.2665,125.88,-34.7256,-61.7724,124.15,-42.5702,105.845,-134.682,133.516,11.8735,25.6609,0.0667763,31.2869,-100.226,-129.584,
		node -105.239,16.363,7.26702,20.7709,110.007,-16.5055,92.4409,-18.0283,-65.588,-121.252,30.1045,-0.312337,16.0448,93.9275,-32.7282,8.34662,126.067,109.854,15.0887,-117.173,12.5745,-24.9769,3.16118,-98.8668,42.4248,103.491,
		node 83.9595,-128.997,139.56,21.1708,116.412,-108.068,95.3892,39.7625,19.8058,4.24649,-48.4554,-193.511,-54.577,2.66446,-95.9275,42.8908,1.94664,14.142,31.4482,-131.242,-10.0166,-91.9878,40.8842,18.8368,41.1421,129.456,
		node -2.97552,12.4124,5.25488,-64.7459,-2.09108,17.9199,25.1194,15.1119,0.566936,7.62513,-34.7875,-6.54347,-143.556,111.062,-137.591,-47.4572,71.1529,-146.584,21.4433,-52.2816,126.288,-57.9652,10.1733,-0.630367,-119.116,58.63,
	layer
		node 115.271,61.9863,-111.148,80.7111,-137.939,22.2731,
endPlayer
