// Player63
stat 5
	layer
		node 22.2333,26.491,-11.4903,25.7843,81.0536,-26.8036,2.74837,90.1663,-129.367,61.8412,39.2059,-6.64813,-15.02,-12.0912,126.216,97.7219,15.1654,57.5311,7.56619,131.053,-160.647,-18.442,108.374,-2.84085,16.8376,0.507633,
		node -31.7249,87.8159,26.8941,-16.3793,10.9042,-47.2015,-165.431,25.5681,-15.8285,-36.8188,15.0253,17.4997,-156.365,0.0160375,-161.182,26.7319,42.148,50.9066,135.852,55.9688,13.9954,65.406,-64.2839,-4.06274,57.7501,-149.035,
		node 44.3929,22.1289,-169.349,2.51393,-83.6134,91.1413,7.68203,-30.3846,38.6481,23.144,141.508,35.4806,-57.6757,112.94,83.5954,30.0948,92.9926,-138.648,3.70227,118.49,17.4642,38.1094,-33.1397,31.4226,-139.199,-183.836,
		node 44.2241,7.71052,32.4878,-79.9706,-18.6562,7.82629,-10.49,9.04521,-179.382,16.3151,71.6265,-102.745,136.826,74.2414,14.6009,-88.8727,-46.504,69.6433,-110.956,7.2979,-32.2875,-47.0536,-23.805,8.32474,-80.4913,39.9229,
		node -12.6461,-178.129,-16.3725,6.69218,62.9041,-18.7795,11.0632,15.7388,114.467,-15.3147,144.996,-11.0222,43.9142,15.4593,48.0524,-172.599,-20.3649,8.80619,-143.737,-51.2503,59.3293,-90.9577,-73.4726,5.92039,118.932,73.717,
	layer
		node 20.3478,-163.331,1.07661,6.5453,50.8773,-166.002,
endPlayer
