// Player50
stat 8
	layer
		node -178.39,-202.216,161.826,-58.257,-44.9787,-2.62507,-82.022,20.9625,-29.7047,288.102,-64.1427,158.997,-148.004,-226.011,-203.173,171.929,-37.5459,-89.0289,-30.0831,126.754,-152.804,-57.0687,-199.026,-61.8793,-165.033,270.154,
		node 47.6877,-185.999,156.824,-182.999,298.847,253.92,237.312,100.588,-225.307,-76.1011,-130.385,205.984,62.4037,228.973,-52.0594,323.469,29.9502,50.0908,225.845,46.3285,238.793,-75.6242,-125.96,222.005,276.089,-50.3156,
		node 74.0495,-156.202,60.1967,-67.4368,-13.8802,145.004,-110.642,-83.9173,-79.847,160.372,147.752,205.858,171.39,176.672,5.30557,-112.868,223.364,-51.1511,22.2649,-39.874,370.75,298.034,243.542,-207.318,355.677,176.163,
		node 259.196,27.2574,-212.972,-74.162,191.403,-91.1257,-128.55,58.3485,-164.132,171.35,-130.659,-97.3933,-225.667,93.9135,213.414,206.992,-222.864,151.174,-64.7477,63.4884,138.852,-53.7925,191.062,290.862,108.309,155.31,
		node 286.57,235.304,63.2448,-202.158,178.994,198.072,105.733,-118.135,-39.7473,-78.9575,-143.425,207.986,-88.3047,69.498,169.744,-86.7167,181.008,-128.427,-119.239,-145.114,198.882,-39.6497,270.674,-133.35,-46.7257,-156.807,
	layer
		node 162.431,344.529,-116.53,-86.4414,-136.046,163.618,
endPlayer
