// Player64
stat 5
	layer
		node -214.669,-106.076,-170.087,-57.3583,312.521,-45.1713,-76.4932,-88.8616,217.508,-150.33,337.586,153.294,-143.567,-131.759,263.272,-47.5518,-52.8559,-195.607,62.7356,114.586,26.3079,148.549,-198.109,-165.216,-226.699,-156.734,
		node 169.54,-168.427,99.0451,359.628,-201.508,329.778,184.228,99.0281,-43.3952,-126.04,-34.56,96.0253,294.955,223.329,-44.6084,156.816,98.7933,181.031,231.522,265.401,226.976,167.98,178.704,-155.302,282.249,287.247,
		node -82.7642,184.01,63.9983,154.823,-19.1147,138.47,109.195,-152.503,203.068,-220.782,-98.0118,192.278,-13.7903,-93.5447,34.4313,-114.118,-81.0584,-59.2851,53.1555,56.9729,-128.44,281.773,260.572,94.0486,173.455,-225.585,
		node -46.8344,192.892,281.643,68.1439,210.153,319.081,354.261,316.462,178.906,148.761,-132.58,139.932,-124.161,-134.83,40.7307,204.796,232.747,90.193,93.705,-161.293,134.641,-52.1166,26.5286,274.023,93.3067,183.527,
		node 297.668,-133.446,-59.1997,-204.15,173.105,295.423,-256.514,227.879,-88.0845,-271.781,188.141,-192.694,94.987,178.933,-87.8002,-166.046,196.099,-136.899,-123.581,-162.529,-81.5629,-24.8262,-219.654,189.032,297.013,-96.978,
	layer
		node -78.7038,-99.9671,271.696,332.955,183.326,35.7646,
endPlayer
