// Player51
stat 6
	layer
		node 215.828,-101.394,-60.3881,-59.0605,87.5965,-9.24726,-65.7508,17.4577,304.742,172.115,281.7,-94.4839,-146.17,-129.749,-203.22,28.1926,145.334,177.77,-35.2723,123.266,-156.738,-53.7794,-205.219,-62.2618,149.726,270.368,
		node 152.647,-189.277,156.629,-121.797,-144.574,-19.2143,166.755,100.368,-35.5201,-73.688,-131.377,205.34,187.552,228.369,-33.6129,166.894,80.4129,49.4009,225.927,31.832,-148.572,326.465,-267.505,-155.236,288.232,-49.2338,
		node -224.43,-69.8953,59.6989,-67.307,-12.7274,160.944,-112.272,152.398,125.147,-228.182,147.754,205.422,-116.294,-4.59539,-121.053,-247.54,225.944,55.0571,26.2942,41.6227,361.872,-223.416,-26.3041,-207.313,354.809,175.406,
		node 265.086,26.2214,-211.697,322.239,219.264,-34.1189,-133.03,62.7957,-59.1094,176.666,-130.384,96.8653,-240.863,-137.936,273.438,201.309,51.7511,-88.0199,-65.6733,73.1463,138.119,-56.7063,-162.933,59.7381,104.667,153.212,
		node -58.6591,234.825,56.1287,-203.821,191.146,-45.2099,106.635,-24.2645,-40.2248,-79.3698,-139.379,-178.184,-89.3972,68.9206,-132.985,-113.787,79.9306,-117.991,-119.026,-144.938,49.1775,-41.0212,193.148,191.552,-46.3181,-154.682,
	layer
		node 145.032,345.281,-97.823,-106.297,170.574,346.022,
endPlayer
