// Player5
stat 7
	layer
		node 56.0896,16.5353,-283.039,64.4411,40.2824,108.54,31.4341,65.0116,114.726,81.0119,5.38158,-269.534,81.839,45.7941,90.1553,-119.463,16.5384,80.0811,67.8417,54.5215,80.559,13.4934,25.9688,76.84,117.91,64.5346,
		node 95.3018,-269.79,68.7167,93.9077,32.2231,126.106,106.416,77.2797,3.17974,42.3096,64.5563,-181.656,69.1019,99.8943,36.1282,72.8955,164.454,78.6988,166.31,-160.596,120.638,45.7267,106.189,-295.921,122.478,65.2901,
		node 107.425,99.2841,116.918,-6.71343,22.7997,14.4678,-214.911,83.7489,120.013,65.0953,18.377,-149.981,82.4593,96.5328,40.7004,-173.187,2.88109,149.849,112.45,64.1181,80.8635,108.338,56.1048,119.746,49.2085,10.9034,
		node 64.1647,90.1518,-260.508,99.3117,34.2822,106.538,137.931,-66.1315,67.1667,98.0182,29.1391,59.8529,86.6413,121.564,69.2962,58.1313,107.186,47.9079,33.5584,94.9709,79.1838,106.256,24.4023,105.139,31.2671,92.9703,
		node 163.718,113.984,-13.7319,98.0419,148.371,63.314,70.1126,9.93293,98.7868,59.7542,67.7462,50.2951,32.0879,52.6713,132.515,69.6238,40.2475,59.3531,73.9493,106.985,34.642,58.0259,78.4243,50.3638,-286.033,80.4574,
	layer
		node -269.498,99.5575,60.3019,92.3901,90.6537,65.1666,
endPlayer
