// Player80
stat 4
	layer
		node 69.0197,87.2239,-275.31,99.4758,-312.986,104.393,72.4738,98.8181,54.7156,78.551,12.8583,-254.94,74.1828,30.8805,95.6368,120.154,-30.2439,74.5773,73.8474,86.042,75.9723,0.773934,39.3952,87.5135,112.559,73.2119,
		node 44.2045,62.9906,94.0638,95.5374,31.1405,52.7371,71.6185,102.796,67.9436,87.1951,33.0656,62.9461,117.339,82.3238,10.2844,-17.7561,97.5099,76.2382,75.4112,78.8193,46.1017,110.315,93.1158,-303.692,39.4856,-170.35,
		node 150.813,-302.412,27.0289,-285,-125.638,49.9645,-182.018,83.141,72.7204,106.697,70.7317,-136.717,125.844,-282.742,30.3963,-32.1683,117.912,117.332,95.0956,90.5135,69.2457,79.1499,55.253,120.079,104.292,52.8312,
		node 64.626,-139.347,-255.848,58.7037,55.141,120.738,39.4631,106.173,72.9247,127.955,-184.886,-95.3436,57.8146,116.104,38.4518,52.9062,102.147,88.1518,29.8042,43.1976,89.7014,115.152,42.706,24.3071,100.699,49.6888,
		node 93.1242,34.4801,-8.7425,87.6488,36.8826,123.284,82.8788,-206.372,110.647,99.1281,173.135,43.4606,39.9617,79.3108,55.925,83.8094,-145.438,44.8754,58.9448,17.8628,96.6249,64.4013,91.6683,44.6541,-279.249,49.4722,
	layer
		node 85.7274,-260.653,98.5333,114.522,129.416,87.0296,
endPlayer
