// Player34
stat 6
	layer
		node 66.7085,98.0795,-277.275,9.65013,57.5131,109.684,23.7706,97.3209,84.5598,112.609,7.33646,125.506,83.2819,42.3087,88.3004,-112.878,22.276,-88.291,63.5413,86.9134,101.162,57.8174,60.465,77.2602,-1.83869,61.9613,
		node 92.9965,-277.484,-103.337,73.3274,33.6801,116.751,-186.021,113.54,81.6172,108.262,106.715,58.286,69.0174,75.3244,72.5945,62.2374,72.2388,78.5501,117.011,-158.57,117.83,27.4991,75.8079,-295.849,114.637,90.286,
		node 85.996,82.14,20.1999,-190.041,19.4733,20.6843,-220.021,106.615,75.2369,50.6956,19.8349,48.0401,82.938,101.138,32.1183,118.588,107.786,135.644,111.176,-13.2674,22.1691,82.5436,148.708,139.575,50.195,97.5273,
		node 46.6894,90.0475,86.1901,61.2197,41.7507,135.911,23.6267,95.2783,72.9473,47.5048,20.5232,68.8962,84.8362,167.546,59.2556,55.7545,94.8987,43.2379,90.4802,98.0555,85.9117,126.177,9.82334,110.369,65.1606,-188.019,
		node 101.568,98.0025,47.3563,111.381,149.467,63.5604,-103.726,77.1389,95.9826,53.9952,88.6443,86.2699,158.688,85.5612,88.2537,73.3056,52.6544,56.905,88.0341,120.765,34.589,36.1568,53.801,53.672,-289.767,45.0998,
	layer
		node 71.1729,111.188,121.822,43.5028,53.7525,19.5663,
endPlayer
