// Player76
stat 5
	layer
		node 40.3309,15.2896,-270.388,86.5003,-327.418,97.9094,130.242,70.5665,101.164,75.6453,91.3966,-263.739,85.1083,105.411,-113.882,-119.652,16.5875,117.347,111.185,60.3438,106.857,46.5102,88.145,106.072,108.263,56.1518,
		node 99.7911,-242.445,-279.372,88.2087,24.8667,113.896,-192.744,25.6661,74.6298,92.606,97.6427,67.8238,61.3056,37.225,71.7111,125.47,101.312,75.338,128.141,100.029,118.47,92.8724,45.6186,81.9115,118.025,92.549,
		node 83.1415,104.012,160.834,113.5,91.6829,18.8622,35.0052,95.0581,100.088,97.8361,18.5323,52.5869,116.437,97.557,34.5205,-34.6437,-13.3175,146.374,118.905,55.8221,67.1084,105.044,91.6353,124.802,63.2806,22.1123,
		node 110.085,70.8082,-269.295,62.9962,60.3915,21.5022,13.409,-211.853,32.4128,42.5742,26.4244,86.5078,40.2763,118.224,-263.925,55.9479,66.9703,73.2099,32.9577,43.5948,81.0588,108.64,5.01246,29.4816,35.9312,83.3192,
		node 80.5294,6.61389,-9.49083,-271.343,147.576,135.295,46.852,66.8349,88.8898,59.3101,92.4232,48.7281,-274.861,85.6322,20.7185,52.5953,12.9892,55.9155,81.1616,113.681,117.834,93.803,114.755,67.071,-276.555,90.8752,
	layer
		node 149.292,64.9906,107.76,115.196,-268.426,-1.47341,
endPlayer
