// Player23
stat 3
	layer
		node 48.8379,99.5458,-261.674,16.9689,25.1809,105.557,27.4354,82.1885,113.744,116.595,9.21459,41.5751,120.458,45.7752,74.7518,-121.644,22.7248,74.6655,42.2359,90.0981,100.547,39.8663,57.9784,75.5113,113.722,63.9964,
		node 96.7094,-267.54,-101.331,90.5123,27.4324,126.526,-177.333,76.6449,142.292,108.312,109.479,103.571,82.5333,64.4084,58.9141,66.3635,78.4412,77.5578,160.424,112.12,110.196,48.9634,71.6758,-287.692,117.31,97.7683,
		node 84.5722,79.7011,60.5593,-195.569,23.4319,26.7035,-193.932,94.0693,85.7743,64.9231,17.9541,55.3779,80.0498,-39.3888,39.135,74.1691,1.80468,132.322,117.092,-12.176,70.8103,125.877,51.6292,128.954,111.38,11.9701,
		node 77.4156,64.7175,61.3675,59.5748,35.4389,139.451,136.831,90.3515,72.2915,69.9963,-4.5533,67.2824,90.1623,168.494,112.897,53.7024,104.309,62.0728,72.8859,43.7413,79.0457,114.206,59.9907,99.0756,32.0933,94.3797,
		node 82.1251,31.9025,99.7019,100.431,-153.778,25.4449,37.915,8.08821,107.468,38.2752,43.095,85.9346,77.6079,-6.89531,95.0557,23.9435,51.3644,76.4249,73.6583,90.0184,45.1706,130.676,78.7481,38.5176,56.3198,50.219,
	layer
		node 99.5637,36.4217,117.232,45.7743,70.9274,63.3282,
endPlayer
