// Player19
stat 7
	layer
		node 79.846,110.753,36.5833,-95.5916,46.6152,42.5662,64.69,84.883,98.6687,130.393,71.3289,-256.573,136.385,110.198,41.9397,97.6223,19.8469,110.418,57.6327,95.9066,84.5534,50.1132,89.7133,67.9692,97.1261,62.1338,
		node 66.9436,-269.524,76.8429,152.948,30.7039,100.98,55.9661,102.274,121.94,95.1766,30.4878,108.649,68.9519,77.1194,74.0365,121.143,88.2401,79.8702,126.171,81.7042,110.634,90.9992,63.4489,65.2093,52.1224,84.7082,
		node 95.582,7.46025,18.5279,18.6919,25.8044,38.5842,42.1111,8.68185,16.1958,50.952,-23.0299,16.2324,75.0877,103.008,123.29,-164.911,124.895,109.552,104.079,55.3558,118.534,76.9202,57.9222,70.8619,99.9449,8.43988,
		node 62.357,57.4462,-261.545,51.8711,82.8522,57.5454,-176.628,99.24,80.2236,122.987,81.9748,59.5833,58.4446,115.348,78.6551,47.7092,86.0021,72.5242,55.4951,52.6021,74.292,106.793,108.741,-149.982,-209.658,42.7389,
		node 131.147,63.7576,-11.1806,94.627,-149.092,-92.6304,41.8957,76.3668,15.1513,56.8415,131.718,131.189,28.826,105.384,26.3404,56.4081,26.8234,51.77,71.3592,84.9089,-327.285,66.5035,89.1788,46.1607,-280.548,51.0898,
	layer
		node 125.491,77.5919,80.7424,41.1705,92.2309,117.272,
endPlayer
