// Player6
stat 3
	layer
		node 7.97321,-42.463,-23.437,-17.2196,-21.5538,21.1652,-86.7647,-37.1329,-27.6763,-49.1884,-77.6201,-88.9719,-229.254,-146.373,-75.5055,-104.087,-25.9722,-164.567,53.9425,-236.962,-105.665,29.2798,-179.4,22.3841,-90.2203,-43.6884,
		node 47.5471,-224.329,-11.25,8.53354,5.31604,-149.262,-40.4696,-10.1277,-153.255,3.09985,-158.797,-26.7041,-94.9107,-24.7365,-125.769,-47.9247,-6.74519,-183.961,-102.455,-2.81482,-32.7686,-179.08,-58.7346,-2.13273,-51.7994,-113.868,
		node -53.3745,231.641,-66.9419,-172.134,-36.8034,-138.7,-79.8285,14.3703,48.5181,-69.9678,-130.686,-106.237,-20.2776,-156.774,81.2629,-102.977,64.6522,-134.13,-26.0156,7.70879,-239.384,-2.5296,-13.157,-183.321,31.7028,15.5972,
		node 11.014,-49.4209,-230.198,-193.168,-33.6379,-90.3246,-58.9788,6.17647,-75.0603,-5.50081,-29.018,-109.254,-147.051,4.04456,-54.0275,-198.459,-4.84511,-151.241,-81.9941,-133.79,-15.8641,-43.9031,54.205,-137.236,-154.501,-84.225,
		node -96.7731,30.0494,-27.1683,-40.6518,-71.8629,-112.094,-30.373,156.723,-30.1108,-83.7789,-46.9621,-5.31576,-195.884,-88.3521,-103.155,-96.0595,-65.6651,-46.2013,-66.0235,-18.9227,-74.1685,-165.845,-205.43,-36.5782,31.0999,-149.766,
	layer
		node -90.9992,-177.811,-171.67,11.0333,-194.006,27.7907,
endPlayer
