// Player29
stat 6
	layer
		node -46.7862,-24.8196,-0.538699,-35.9936,-51.4729,126.485,137.033,37.9869,-27.5515,-31.6997,-43.5048,-37.8237,-38.932,48.8731,109.997,142.522,56.1844,17.5666,-5.65795,-69.133,87.1654,94.2282,-38.2598,35.845,25.0445,67.7929,
		node 68.2329,-45.9554,-28.1471,32.8268,-7.13785,-91.5509,0.265416,26.1518,86.1146,53.5078,18.1708,48.4023,22.3495,45.7835,-26.9543,-13.7563,13.5623,32.975,-11.6446,-56.8274,32.8198,-17.0646,-44.0609,-10.2571,45.6835,-74.1161,
		node -55.3917,111.521,-45.121,-13.1234,86.268,48.2624,1.14316,-18.2185,-17.0472,129.543,-6.963,0.675565,-64.0492,46.2298,67.3817,137.899,57.6422,80.1472,124.037,34.9533,60.9402,110.111,55.53,41.6193,-26.1797,88.2499,
		node -14.6458,62.666,36.4376,30.0553,8.20348,91.7289,29.0333,150.729,29.4615,-128.527,-12.923,-34.8621,-19.6753,0.00433423,-39.5508,-24.2627,141.448,-28.033,92.1434,61.5986,-38.7282,-61.7182,40.6159,12.3295,17.9413,-59.8252,
		node 152.239,56.8735,23.5093,-61.5912,-38.9552,66.8941,-22.0898,-6.04982,-16.7105,-32.4602,150.074,22.3436,-65.6425,-107.071,66.7788,5.55503,4.69658,1.26809,-18.9267,-4.50145,-31.1961,134.654,86.7124,-20.6867,121.087,-21.447,
	layer
		node 142.69,131.177,85.0926,0.555915,8.30095,149.842,
endPlayer
