// Player88
stat 5
	layer
		node -58.0425,39.5817,35.0346,-80.0253,-62.0087,-52.9395,102.555,164.026,149.277,39.1214,-68.9539,-141.081,-149.437,156.416,-118.091,-33.5852,136.913,-48.1294,22.8079,-132.097,-164.402,-12.1693,-156.719,30.1862,-194.228,-85.3241,
		node -145.597,-170.667,213.569,-94.5396,10.4698,148.385,-169.138,175.227,-1.64794,-120.931,-155.334,26.4515,10.7772,-86.5516,-177.327,-154.8,-120.977,-40.5958,106.975,-0.438315,-158.922,-208.366,-79.4588,-132.667,-41.7869,-15.4035,
		node -168.066,-162.459,-47.0182,-45.7098,-39.1645,-29.1246,77.0217,-37.246,-0.981139,-158.48,-173.479,95.8008,-26.3573,-48.0859,-51.1812,-109.966,-74.8124,-17.3287,-27.0317,-188.917,108.593,44.5012,-133.267,130.821,-123.646,-147.608,
		node -74.8636,-126.807,-33.8404,-94.9114,156.209,-14.7464,-162.163,11.2157,-86.7972,129.319,-157.802,-18.1715,-74.9396,-119.441,-116.959,-157.054,-182.489,-137.647,102.255,-166.703,-18.3251,-121.358,65.4506,-17.8355,-196.073,99.3363,
		node -144.853,-23.465,-160.81,-25.1188,173.152,-1.15846,47.8498,-15.9082,-118.75,-21.614,-97.4716,-108.322,-98.7925,-142.393,71.186,1.01246,-191.784,56.4816,37.3605,-66.5248,-13.1543,-102.649,-160.826,-47.8917,-58.3971,35.3781,
	layer
		node -21.2436,-16.5104,0.433643,1.997,1.05244,-50.2837,
endPlayer
