// Player33
stat 4
	layer
		node -26.6482,47.021,-153.47,-102.283,-118.35,-48.2451,100.752,172.218,83.9402,27.6446,-169.549,-37.2352,-150.246,23.5097,-152.664,97.3698,-3.37936,-50.2369,-131.235,-2.59036,-151.487,-5.30248,-155.855,-10.5825,-197.622,-170.705,
		node -139.989,-39.4316,205.631,0.350277,7.43794,-79.6899,-166.156,170.852,-30.706,-103.216,-154.544,166.027,17.2362,-80.0876,-186.913,-98.7771,-39.1332,-29.0622,102.885,4.43916,-191.493,-190.517,-87.4657,-127.102,-54.9876,-17.4388,
		node -95.8125,-34.8627,-113.591,-55.2691,-45.0994,-7.36054,94.3027,-22.1278,-7.82107,-155.689,-170.991,-65.4357,-71.2063,-48.4613,36.104,-20.1038,-9.90443,-3.2101,-159.199,-187.187,128.978,-174.068,-161.097,142.748,-119.372,-156.677,
		node -65.7719,-22.3013,147.263,0.80138,-89.3589,-0.425501,-157.126,-2.40966,-96.8529,-53.8585,-143.78,-13.8051,-22.6245,-123.383,-120.293,-13.8383,4.83512,-76.9961,79.3294,-32.9485,-13.1324,-142.781,62.5449,-24.3636,-184.15,100.939,
		node -140.965,-28.9126,-147.676,68.9066,92.9886,16.5115,82.8302,-40.3088,-83.3312,-33.6459,-103.342,-120.084,2.13607,-153.588,4.61838,-3.30725,-196.403,52.2147,-184.147,-63.0974,-16.4328,-118.513,-168.624,4.58824,-28.4444,91.1198,
	layer
		node -30.8334,-19.8873,42.4127,-94.4467,158.027,-6.23624,
endPlayer
