// Player38
stat 5
	layer
		node -22.1295,34.3877,42.8595,-78.2613,-54.1784,-60.0201,9.46413,169.033,148.143,33.768,-62.6119,-133.138,-105.576,27.1706,-163.966,-30.9511,-196.4,-50.596,22.2055,-4.08315,-156.598,-4.57288,-160.141,36.2673,-137.167,-85.088,
		node -107.197,21.7285,-118.721,-91.0546,-10.4986,149.112,-186.652,173.078,-28.9101,-127.022,-72.021,17.3318,-5.93297,-9.75476,-176.717,-149.612,-38.5116,-42.149,102.539,2.32673,-172.724,-197.927,-42.9172,-125.252,-40.7606,-7.02653,
		node -179.252,26.7405,-11.2437,-57.8406,-17.3846,-130.805,-44.4232,177.514,-87.8456,-159.614,-165.548,76.0846,-155.856,-6.33729,-97.9516,-105.46,-115.029,-61.7589,-168.666,-212.074,117.064,-76.1913,-126.201,129.858,-126.346,-174.255,
		node -61.7895,-128.634,13.5669,-87.677,153.504,4.95741,-158.208,6.01654,-106.645,-84.777,-56.7742,-19.091,-20.4154,-116.45,-115.166,-24.9804,-180.085,-77.6781,-99.2452,4.74432,-2.64957,-84.8564,71.5561,-92.8145,-36.5542,97.1283,
		node 24.1504,-112.231,-177.098,-22.842,78.1028,16.8278,79.863,8.72237,-146.018,-15.0435,-8.61918,59.1694,-21.7765,-138.633,25.8195,-3.96648,-155.889,80.9545,52.0532,-70.454,-27.7724,-97.2733,-163.199,-27.6144,-47.0399,104.601,
	layer
		node -146.175,158.971,-192.383,-4.40226,-12.1789,-155.071,
endPlayer
