// Player28
stat 5
	layer
		node 55.8933,-206.568,35.7863,-112.02,-18.1341,-20.705,11.7212,13.61,-92.7403,-52.958,32.0398,47.109,-72.7341,-40.4915,-247.223,-66.7367,-39.9721,-68.1542,14.9857,-79.0042,54.3039,-208.678,-121.279,-244.003,47.28,-71.9233,
		node -106.441,1.15175,71.582,57.0298,27.528,-16.1143,-220.986,-31.9797,19.7325,27.8556,28.5014,-222.877,73.0803,-72.1129,-68.0705,36.036,-13.6486,-237.817,-60.8165,-265.026,52.8044,-54.9399,-57.7879,-267.665,15.6801,62.7502,
		node 2.78223,18.6903,14.4735,-209.159,46.5286,-153.521,-75.3333,-252.912,32.1963,38.2219,-19.0789,58.5664,-24.0102,-38.3871,-64.9366,-31.2943,-58.008,-55.4642,27.9177,-17.7326,-264.862,-271.314,-238.209,-18.1218,75.9773,-47.3216,
		node 5.6441,-26.6669,104.227,34.8217,47.2682,-289.336,79.4741,54.7933,54.0813,-254.682,-69.8645,-78.1904,83.6826,-74.2274,-11.4145,-10.3621,-234.437,19.4068,-229.075,10.0175,58.3529,-10.4479,32.7777,174.046,21.6321,96.0712,
		node -269.963,-120.511,-63.807,34.9257,-121.208,-133.028,-68.8114,-267.594,-75.8382,-74.4615,-1.6369,80.6994,5.69268,-273.314,-40.3065,-52.8291,-40.4371,-13.8886,-274.699,63.5413,-10.8581,-258.302,-223.72,-55.9053,59.6563,51.2148,
	layer
		node -257.768,-208.697,171.383,40.048,109.546,13.1106,
endPlayer
