// Player97
stat 5
	layer
		node 44.2285,-207.94,-53.9327,178.839,-19.7292,-11.6083,62.6813,-4.2499,-91.2733,23.9922,-27.818,6.35423,-71.736,-271.325,23.0892,-68.4391,-213.939,-75.3186,-89.7487,33.9929,41.5907,-309.238,-233.555,-256.089,-27.6167,-67.163,
		node -64.9921,-229.325,45.3224,43.5453,18.1143,-286.95,-242.218,131.037,35.9431,9.92871,44.6743,50.4561,9.05018,-214.709,28.3838,72.358,-31.1534,-273.004,-223.252,182.141,-40.7949,53.5774,26.0073,-281.57,-14.6898,63.7207,
		node -261.774,28.0289,-149.164,44.4362,58.4511,84.7634,-76.9866,46.1142,25.4142,9.4029,-54.9923,8.93324,16.0623,18.2882,-66.814,-282.181,-16.0116,-298.945,18.3397,-24.6089,36.1119,15.7085,-237.015,36.5235,18.1473,75.4428,
		node -63.935,45.3138,115.122,27.4437,-46.0202,-208.362,-8.99113,64.9442,-17.1992,-14.9737,15.9224,-79.3158,68.8953,-11.046,-2.31397,-48.6477,-42.0119,10.3651,-86.7481,79.7507,-149.359,-1.98842,29.4228,-163.943,28.0064,21.8117,
		node -268.801,-20.438,18.7185,36.3927,-83.1493,-150.861,-67.2389,78.0243,126.247,7.84361,-33.1089,87.2989,-15.4991,-268.175,-14.3028,-271.455,-59.2454,-16.2903,-281.416,-154.355,-27.9532,-162.736,42.914,-151.323,64.9131,-296.062,
	layer
		node -216.499,-17.3287,-71.1937,-98.5599,7.10661,13.602,
endPlayer
