// Player93
stat 9
	layer
		node -17.9671,-200.77,22.2864,9.53686,-33.5086,180.731,74.9685,-81.401,66.3216,-67.2834,-79.1126,1.61711,2.58774,-4.78622,64.5509,-143.276,41.1148,-68.6598,-270.958,-77.9194,33.6662,7.26387,16.206,-236.844,-35.7221,-67.7168,
		node -44.8523,7.6097,76.9819,-286.259,23.2388,-18.0178,-228.464,-14.0389,-104.391,-69.8405,-29.5357,-60.8676,-74.7001,-214.021,22.8765,-77.8971,104.578,1.27141,-80.5977,-199.189,-60.1996,60.5224,102.294,-247.014,20.5536,-251.141,
		node -242.716,42.3908,-244.172,-275.846,58.2268,-289.295,-234.03,17.948,-1.35962,-225.752,-63.6638,27.3413,19.1141,-49.537,-60.2214,-262.917,49.0187,-287.597,40.7855,-12.7281,34.3671,-60.4709,-227.689,35.0465,-162.588,-70.8887,
		node 17.9216,-41.2352,-159.3,-281.389,53.5068,106.526,-3.15579,30.8776,-25.1027,-28.8568,40.285,-69.6588,-17.8649,-274.371,-79.8767,-52.7885,-107.782,12.9339,-81.7775,44.7116,62.9679,-265.071,15.6578,-172.07,30.9116,92.1975,
		node -51.8264,-228.178,-106.167,161.359,-124.647,-143.446,14.2403,101.553,45.3077,19.6696,152.075,73.4329,-109.947,-96.8998,59.6181,-269.41,-45.8785,-266.87,85.0316,-152.94,-29.9669,45.0399,21.5862,-53.7785,2.09784,-297.525,
	layer
		node -109.203,-45.4216,-195.561,43.3251,25.8944,84.1954,
endPlayer
