// Player45
stat 5
	layer
		node -144.545,-255.347,28.1021,93.6589,9.9398,157.872,159.756,-102.797,174.552,-43.6426,88.0951,43.8566,-209.678,-192.385,-129.552,97.1673,57.3057,117.772,134.727,-73.613,-203.012,22.2597,-210.535,-64.5799,64.4455,-64.7338,
		node -115.797,77.2965,-162.715,-25.6594,13.998,94.2151,122.755,-62.2038,-59.8845,16.4449,88.4048,82.271,-99.2981,0.0322113,-40.7308,20.881,56.5255,23.5539,-176.551,-112.048,-74.1703,83.3886,-43.9384,-94.8447,86.721,123.056,
		node -118.269,120.991,4.78485,-181.873,-62.2423,-44.2386,-34.2267,46.6484,19.9903,41.3595,131.199,-99.4691,32.0663,-13.5603,95.5981,156.282,41.485,-160.343,5.44396,-101.209,51.5589,-53.0135,23.662,209.682,98.702,23.1543,
		node 47.9374,-156.503,119.964,-43.8518,-45.2778,44.0498,99.9413,38.8755,-99.0486,-16.9609,-144.921,-187.397,65.3046,45.7833,-73.9431,-51.5023,25.555,61.4869,24.7292,71.248,-4.55294,52.6575,-216.091,43.8601,-73.9441,25.5008,
		node 56.4781,-119.719,14.907,69.9163,29.3828,-70.7188,99.0396,72.4792,-137.041,55.3389,114.179,-41.1745,-252.75,33.6873,-80.7099,-79.2812,7.33774,34.3197,149.282,-166.016,-62.6759,18.108,11.5091,71.0063,6.96876,174.306,
	layer
		node -104.157,14.5513,-197.051,-90.4487,-44.2386,-122.133,
endPlayer
