// Player74
stat 5
	layer
		node -192.807,-114.467,-203.931,-104.467,-102.733,-61.5794,-66.9919,-81.0871,-126.394,-81.2875,-32.1721,205.333,-97.4805,-323.57,-206.403,-71.6381,-84.3179,-128.063,-99.707,-68.7075,-145.923,-104.845,156.449,-114.791,-91.4577,-111.429,
		node -91.4861,-89.3711,-98.6509,-124.548,-38.687,-27.8407,-103.739,-35.7785,-115.491,-225.475,-93.6824,48.5996,-90.9095,-193.789,-113.018,106.252,-73.1514,-67.5806,-5.9924,-103.073,5.91007,-117.811,-103.46,-131.548,11.065,-42.2977,
		node 193.422,257.157,209.352,20.7202,217.065,-78.005,-107.381,-109.423,-314.699,-54.5977,74.6619,-118.992,34.241,-66.1043,156.956,122.197,-88.9054,-81.6197,-104.534,-79.3362,-18.0607,-112.18,12.4603,-168.621,-91.7148,230.161,
		node -71.59,-191.001,-54.9029,-53.2716,124.423,-63.4738,-69.6693,187.524,58.5424,-20.3954,-331.036,-157.741,-181.938,-77.1489,-143.039,-175.941,-109.936,-25.8652,-308.751,155.423,-101.289,29.1973,-205.181,-93.3405,-64.0108,49.5552,
		node 234.714,-45.2291,246.789,212.603,-111.823,-72.3984,-82.0679,-309.552,-78.1053,-28.6567,-221.307,-125.938,-104.238,127.335,-5.60649,-78.4418,-114.691,-154.094,-112.09,-12.5236,-144.06,26.9671,-88.7653,-62.3574,196.217,-29.4868,
	layer
		node -73.8239,-23.6335,-61.8314,260.586,-44.2694,101.389,
endPlayer
