// Player43
stat 5
	layer
		node -28.3917,164.525,-188.694,-95.3639,-105.126,-118.993,-88.3957,-110.579,-192.997,-66.8814,-35.6614,-40.6485,-59.9524,-76.7629,-207.617,-140.613,-87.5329,-132.638,124.24,-63.8098,-141.454,-216.059,239.214,-84.205,-106.994,-108.229,
		node -57.8917,23.3213,-6.06773,-318.238,-40.8175,225.685,-108.739,115.372,-67.1653,192.426,-110.6,-99.7325,-100.224,240.78,245.986,-99.2839,-105.019,-65.6092,7.00164,26.342,9.70013,228.956,-68.2241,-130.956,-115.996,25.1242,
		node -116.28,258.821,-86.9661,-167.928,238.901,199.347,-98.8428,231.275,185.772,-184.747,74.7112,-114.538,11.1987,217.414,156.85,-79.4087,-45.7244,-18.4998,-90.4054,-77.6994,-22.5195,-117.747,12.0194,-44.0441,-6.10454,159.455,
		node -60.834,225.165,6.36722,-310.62,127.206,-24.9669,-204.682,-125.975,-60.4838,125.484,146.799,-146.117,253.689,267.47,212.647,263.576,-106.284,193.399,206.824,161.601,-104.672,-45.1923,-327.353,-29.9352,-89.7321,41.6129,
		node -4.35964,-48.6591,243.801,-108.835,193.349,-78.4633,-108.013,-133.381,-96.3436,-43.3885,-212.357,-82.5144,-107.033,-46.2145,255.486,-103.51,243.588,-74.7837,-85.7241,223.544,-223.885,-110.833,-102.165,-72.6445,-103.702,-98.5891,
	layer
		node -110.431,211.588,-47.6914,-77.5361,165.764,-323.957,
endPlayer
