// Player11
stat 6
	layer
		node -199.447,159.476,-199.472,-76.1459,-116.904,-62.4871,-68.9119,-150.679,-127.229,-128.198,24.7549,39.5573,-109.222,-122.447,-207.992,-38.6155,-206.589,168.226,-74.8763,-115.334,-138.479,-105.11,174.984,-36.8802,-80.5928,-104.543,
		node 63.2813,-34.3481,-110.666,243.145,-37.5315,-102.491,-202.347,-102.823,257.981,219.677,-224.647,-97.8045,231.031,236.35,208.533,-93.202,124.674,-82.1447,-12.7917,-107.062,-89.9566,-98.6396,-60.2093,-135.327,-119.05,195.289,
		node -112.742,255.653,205.856,-135.138,-57.4952,-103.619,48.1257,217.841,180.891,-52.6451,184.814,-192.753,211.452,43.2506,-54.7133,-79.603,-206.566,-42.3361,-96.787,-82.6226,-70.6264,-107.131,-101.509,-49.9935,-2.03195,162.851,
		node -100.788,-178.139,162.274,-62.897,-110.217,-91.2928,-70.7882,152.059,50.649,137.309,121.183,-31.212,-317.095,244.504,-43.911,-110.767,-118.567,-30.4785,-112.815,162.04,225.5,30.2952,-84.7883,-3.4705,-95.2982,257.974,
		node -26.7661,-39.6178,237.229,207.213,-125.983,-83.5809,-106.534,-296.82,137.212,-66.7217,-115.367,-88.1728,113.593,-209.512,256.061,-81.791,-114.888,-140.642,172.252,-94.7463,-144.925,234.123,58.8406,-59.3413,-80.8026,-74.8499,
	layer
		node -22.1377,-170.276,163.168,-110.859,-104.258,-65.4787,
endPlayer
