// Player98
stat 4
	layer
		node -48.6521,165.116,-203.18,-71.0199,-57.6574,-60.7874,-92.495,-71.4029,201.828,-88.6555,202.655,-67.6194,-108.309,-84.6469,-91.4863,-104.958,-190.785,-122.135,134.912,-65.3887,-142.808,-215.933,187.796,237.139,-100.633,-32.9598,
		node 57.306,-37.2222,-102.902,216.452,-28.4113,205.723,-213.992,174.643,-59.4753,-79.4338,-65.3613,157.783,-103.964,235.69,168.358,-206.399,-75.095,-83.15,-213.377,-104.132,-92.4593,224.894,-99.6629,-81.2187,-115.827,-26.964,
		node -112.082,110.577,-80.7544,-168.103,142.269,-65.1891,48.3812,-116.119,145.855,-214.146,-60.3058,-85.7211,217.491,-9.34883,-49.1585,56.7632,-59.1155,-42.5525,-93.3871,-69.2743,-15.2905,-106.246,-55.9127,205.455,3.83572,-90.2354,
		node -96.8414,192.393,-49.1265,-50.1395,-122.596,206.295,-21.5078,149.675,-63.3482,143.66,-321.845,-147.024,-104.547,-307.143,195.131,263.289,-77.5342,-205.185,-74.186,-61.0788,231.393,33.8916,-320.94,-36.474,-97.0166,-69.7194,
		node -184.105,-85.8334,-111.913,214.227,-119.772,-320.881,-111.53,-313.483,-83.9235,-69.6935,-84.1978,-91.5868,103.512,-221.131,5.99844,182.705,119.494,233.385,-116.058,-95.8048,147.329,-130.983,181.34,-56.0034,198.366,-20.0917,
	layer
		node -107.192,-190.728,-20.8301,-113.379,-28.6092,-94.2166,
endPlayer
