// Player38
stat 9
	layer
		node -12.14,61.5293,33.4439,-72.7751,75.5411,7.45509,14.7275,-7.42931,-69.4907,10.9096,22.5581,11.8791,-73.1046,45.2392,21.1557,114.178,13.6344,-77.8723,34.1924,-2.39402,38.8038,-37.8698,-28.7037,44.8405,64.8675,81.6601,
		node -5.49578,-14.7978,25.703,18.1428,59.0771,-44.4526,-20.2209,19.5285,37.1888,-7.38001,5.03718,25.1298,68.9497,10.9747,-18.8224,11.411,4.45625,0.818793,-12.7306,39.0011,-96.5097,-20.9464,30.2314,23.7427,124.774,-22.5828,
		node -18.2174,70.9743,-13.3259,-9.66136,-24.5755,25.4051,20.3369,-39.1295,-0.780894,-0.736701,14.8772,-21.7308,-69.3381,-10.0815,-79.5944,-6.33883,66.9671,11.4198,46.7494,42.5741,141.147,44.2795,57.267,-0.850759,18.7691,1.6478,
		node -0.719178,58.7912,-13.5539,5.89805,37.9964,21.799,-19.6638,-91.2867,7.45886,37.1702,-0.18822,9.94011,-11.5677,6.54471,46.701,5.76592,-68.8053,-79.3262,17.4606,12.5779,-24.3283,66.0464,22.9942,52.2623,27.9097,36.5842,
		node -1.0487,-27.2688,20.6988,36.8757,-1.74039,64.3196,-0.413163,28.06,34.3055,23.523,-55.0531,26.8761,29.5953,-23.4665,-127.539,-16.2277,81.4349,19.9742,-19.1986,-57.541,6.52867,39.9051,-3.68006,-18.5137,-6.56604,0.290078,
	layer
		node -90.6964,16.0732,-55.4574,-55.9765,18.7091,44.1072,
endPlayer
