// Player43
stat 7
	layer
		node 0.819816,54.6623,58.3102,-82.2041,73.5117,50.8207,-17.669,86.004,-99.4,-4.38661,47.7238,32.182,-66.9779,3.85751,18.2754,28.6954,-21.5917,-78.0456,28.1007,-1.87827,-110.153,29.5581,5.53769,45.6806,46.248,7.61085,
		node -16.5654,-27.5738,9.05179,19.95,62.6713,0.914275,-22.8459,-10.5282,132.06,8.47225,31.5744,14.0224,-62.8887,33.3767,-6.88142,3.56338,-2.50025,10.4743,41.1088,81.8244,1.04921,36.48,-27.3436,16.4484,-1.10258,-18.5679,
		node -34.4249,65.41,23.5896,9.53543,34.604,62.7254,-74.7943,-30.8236,-23.4731,-12.3151,7.74472,-63.1054,-0.199667,-10.0637,-70.9281,-11.9079,17.2986,-73.4136,44.3564,37.3552,138.696,36.626,-19.9375,-6.08378,-24.8048,-50.7261,
		node 10.8534,10.6016,34.9188,0.699394,-8.33264,-16.9359,-8.68894,29.6816,53.0966,31.0101,72.7977,122.829,44.3347,10.1741,8.49691,-36.0647,-51.8206,3.07172,22.305,5.89661,-17.5039,-24.7616,16.1748,46.3047,1.43709,-1.43833,
		node 45.9393,-65.9366,57.6823,25.7265,-111.691,73.7221,39.1849,27.2976,25.1272,129.048,118.796,23.0739,30.4843,-45.4808,-31.8416,-7.13528,13.1897,-45.3368,-40.6263,-48.7336,0.0927486,32.2802,38.8369,-65.5182,-11.2691,-0.712756,
	layer
		node -40.5169,-8.19328,57.8587,-20.2383,-9.43254,-70.3394,
endPlayer
