// Player68
stat 10
	layer
		node 0.208669,58.2254,-23.4526,-18.9408,76.5857,50.4945,18.1622,-9.91895,-75.5083,-8.91987,-14.5593,144.005,-92.2582,29.8382,14.1624,-15.3556,14.433,40.6986,50.8825,39.2826,-108.563,0.555072,-24.777,31.1548,16.4241,68.017,
		node -0.765217,-18.2553,37.3271,18.7991,-65.9766,-47.1015,-21.0259,7.71784,26.8183,-3.51913,-0.23749,40.9196,65.8369,-3.20593,6.00113,8.34658,11.7824,-4.40755,20.4914,-78.5439,-100.925,41.9453,-28.6539,18.7053,123.75,-4.92831,
		node -18.5754,40.3176,-20.7041,-3.62346,41.4827,-0.564344,37.0023,24.2907,-0.0821787,-9.10151,46.6206,-2.06726,-129.147,2.35982,-66.7045,-25.103,3.12007,-73.7678,-44.9574,-85.5148,-17.3458,66.6817,72.3586,-2.72463,29.7893,7.46866,
		node -59.1962,65.2721,-13.9357,12.5294,-6.64061,27.5959,-14.1934,-27.1252,-35.5261,-56.4289,0.755395,126.373,31.5362,4.46381,45.8535,9.45685,7.84628,38.7893,45.1033,120.392,10.2331,68.357,7.47998,38.931,-22.3375,0.467038,
		node 0.578256,10.7304,-57.0965,36.3753,3.4789,51.6008,8.88035,32.5697,12.2308,-28.3877,25.1157,46.1356,37.0095,-41.294,-16.6635,5.97387,90.7811,35.3377,-22.4577,-41.0556,0.0277262,18.2656,32.2558,-61.637,1.94014,-12.0067,
	layer
		node 19.8097,-12.019,21.2362,117.345,85.1616,-1.01207,
endPlayer
