// Player62
stat 5
	layer
		node -210.932,117.073,-143.978,24.2617,-121.294,77.5316,-75.904,-54.0253,-207.514,-97.834,129.191,12.4469,156.047,-105.399,-92.4831,-70.6048,-4.47613,-229.104,141.2,-239.631,-55.279,-85.5413,65.4181,180.453,-50.9898,-69.579,
		node 61.6649,-63.5277,-121.578,-24.7075,-61.3582,72.9739,-118.21,-127.694,19.805,-52.7098,65.9019,-58.6868,-10.2359,191.187,111.199,23.4429,27.4338,-23.119,-20.6126,181.013,95.5736,-188.444,-127.781,-99.2649,99.9357,-104.725,
		node -189.011,-67.9658,-42.1704,-57.6554,-230.209,114.902,-190.292,1.08763,-116.267,-38.2779,-90.695,-38.65,201.063,146.056,68.7036,121.801,125.112,-100.792,-168.281,-52.1947,88.8736,-7.70032,-116.899,-175.685,-26.4648,29.0027,
		node -58.4666,-41.263,-76.7188,-136.994,-81.2987,-97.6399,-51.7724,-66.9659,175.608,134.648,-129.254,-26.28,45.266,-42.6749,63.0483,-60.818,-292.977,175.413,-36.174,-59.7285,151.441,-36.8739,-105.953,91.2813,-42.2898,-158.824,
		node -19.7704,-76.3921,-69.2979,-61.9521,69.9585,-27.2996,115.451,189.054,131.429,26.9678,88.9698,25.923,-40.5661,17.0289,-98.3365,-97.9091,142.028,148.788,130.518,-78.5612,-58.1487,-47.5163,95.1675,-35.7648,24.3202,-33.5898,
	layer
		node 85.0441,-8.24454,-8.44671,-94.9646,-74.45,-59.7757,
endPlayer
