// Player41
stat 7
	layer
		node -216.56,-62.1122,-39.9023,21.0936,-58.3237,-47.437,-182.368,126.809,-203.218,-24.5627,-129.699,8.63519,-106.874,135.734,-73.8607,172.344,-4.36401,87.7921,125.586,-82.533,86.5567,-41.3689,71.1998,127.705,-54.637,115.392,
		node 60.9698,-61.7275,-128.927,97.2023,-72.5011,65.887,-118.193,98.0891,-263.356,101.387,75.1949,-62.9368,59.9601,-37.3834,38.2218,31.9814,-51.9556,-35.0753,-95.0766,179.337,86.3177,-212.386,-198.123,-84.919,-11.3281,25.1866,
		node 100.969,154.074,-48.2861,-54.165,-218.61,-29.9973,197.533,4.69697,-46.5684,-56.4129,-102.362,-254.598,177.517,49.7407,125.835,-74.8471,128.451,-104.104,-173.174,-52.8869,57.5033,-24.9889,149.823,-57.5134,-19.7001,-16.3534,
		node 109.823,-70.0675,5.22797,-137.161,-135.743,175.323,-82.7676,-68.5929,-8.96925,65.5773,18.7522,-19.081,33.1747,-37.1509,-34.588,-59.974,-81.0185,-72.2608,-35.4229,-49.9556,30.2575,-52.4127,-56.4714,101.147,-59.9083,-6.18024,
		node -287.324,-88.4517,154.716,-56.5685,88.2215,157.109,114.157,-228.365,-8.345,30.4344,89.9887,24.2446,-22.6482,9.33542,58.1795,63.2573,116.659,142.039,132.654,80.3278,-54.5518,-213.489,73.8301,25.3035,-99.333,85.7852,
	layer
		node -48.4535,114.893,-104.27,-134.604,-57.1565,132.593,
endPlayer
