// Player32
stat 2
	layer
		node 76.7826,16.3341,-146.207,95.7225,-252.11,26.8358,5.06823,-29.8211,55.5368,39.5212,22.3429,-29.8171,70.3622,-91.5197,37.0303,-40.4069,-233.101,-7.71934,-243.23,-203.561,-259.827,41.7391,42.4325,22.1752,-195.203,30.644,
		node -78.2772,45.2319,116.986,52.9151,-237.055,-263.504,15.3348,-116.32,8.13568,-67.8603,-146.521,95.1602,-82.4744,-123.352,-149.238,30.1472,42.9248,-154.165,-235.449,147.633,103.299,99.4046,-199.163,-63.7684,44.3668,112.69,
		node -28.9435,-94.3924,-22.5667,52.152,-99.2046,-6.4374,31.7696,-167.207,38.8984,39.2411,23.0639,-81.5293,-106.566,58.3733,-30.5709,-25.7797,-231.358,27.623,162.826,49.9991,-160.225,31.678,20.2033,-7.50755,88.9073,-37.417,
		node -47.8892,-33.456,-272.763,-118.409,-203.37,26.1257,104.772,51.4662,-114.399,101.988,20.8867,28.3159,-95.0946,-101.203,-79.2362,45.8918,-217.309,-33.6859,-264.318,48.2299,-24.1726,91.9871,-19.7972,-102.129,-45.1068,141.616,
		node 91.5666,-134.653,43.0609,101.281,57.6482,-75.2086,-81.4083,-100.478,-4.73318,-247.358,-183.615,-196.539,-130.003,-33.7538,35.0997,-47.7698,-88.545,41.1497,-31.9352,114.283,-184.016,-35.8482,-42.2637,34.3442,-225.515,-104.236,
	layer
		node -56.5456,-80.3716,-12.9326,97.736,29.9875,-108.875,
endPlayer
