// Player97
stat 2
	layer
		node 116.666,12.0639,-18.6716,-80.009,166.999,69.2204,56.421,80.6638,25.8181,86.4636,101.352,-135.27,-49.2843,-57.1559,-104.385,41.2369,17.0418,5.52088,12.427,-88.6902,64.0603,81.7361,-142.522,56.2824,-21.2925,-26.3765,
		node 31.0089,116.113,-37.9101,16.3049,-33.6222,75.1169,-9.39635,-10.569,-70.8339,5.63174,65.8013,10.4827,44.3806,-94.2516,-67.3666,4.96627,-0.184745,-25.9342,16.1101,-82.3568,62.8529,46.2988,-41.1802,42.6928,-43.469,0.814989,
		node 29.0613,-47.1678,40.3951,-10.0206,19.1562,6.87435,-6.23947,41.2282,29.5681,10.4147,-60.8031,123.46,15.6033,-1.68171,-132.536,-50.0505,-35.9368,-0.778273,-30.7803,158.032,21.8602,32.4371,-5.3534,37.5873,-11.9148,24.2131,
		node 79.2289,5.29416,-30.4978,-30.1241,13.3854,10.4123,-40.4458,51.2998,-83.8483,60.1977,-124.066,-7.14232,-65.7832,74.6671,14.8459,-36.6507,-19.114,10.9518,-57.9618,56.8403,29.6648,17.9173,65.9972,-36.9221,-55.1594,-3.32887,
		node 35.6076,-26.1011,56.8359,66.1103,38.6987,43.9126,26.0676,48.1524,-106.616,82.7192,-48.0784,10.5632,76.9379,-15.1627,-23.0184,-19.3829,16.0981,4.08002,-95.1012,107.051,-50.4331,-64.5234,-83.0613,60.8014,-52.5568,25.539,
	layer
		node -77.7679,60.5978,14.1551,-19.7121,45.1253,-131.974,
endPlayer
