// Player94
stat 5
	layer
		node 364.617,250.887,36.6565,344.59,333.466,67.6743,94.8003,242.409,239.46,-226.416,399.826,248.848,-367.61,17.0233,128.014,253.495,299.448,52.5272,216.049,62.1375,-397.296,208.431,332.879,-66.0434,-38.5025,137.192,
		node 8.47303,4.49918,242.32,349.672,78.2768,345.775,-218.61,15.6224,144.307,12.0102,40.5216,58.8378,19.2318,4.22592,332.402,332.608,-388.215,195.571,134.306,372.987,35.7962,272.363,77.4085,224.234,275.083,374.091,
		node 276.655,269.763,192.023,213.715,277.299,-219.9,-209.83,-400.812,304.394,213.834,-217.22,326.872,108.972,371.506,307.655,-236.864,109.003,16.5377,72.7789,209.038,241.291,335.057,-78.9496,180.376,286.848,210.925,
		node 232.434,47.1584,267.403,258.937,16.8516,33.7047,50.1601,235.369,255.976,168.464,368.261,217.599,119.808,206.243,343.038,315.728,266.717,46.1505,-405.039,62.6941,5.74078,270.029,41.5111,-403.134,-221.722,38.0405,
		node -219.129,250.047,89.5189,352.329,410.76,16.9817,263.965,334.902,294.125,253.716,386.516,362.787,47.8787,37.1621,233.941,347.235,268.498,8.85599,203.66,253.548,311.799,26.724,163.006,128.235,263.013,41.076,
	layer
		node 261.386,-210.849,40.8532,9.44674,225.369,-3.89271,
endPlayer
