// Player81
stat 5
	layer
		node 363.972,247.911,327.676,305.176,273.34,245.814,268.982,312.92,284.559,270.735,396.033,60.2886,208.061,43.602,300.622,302.891,70.6079,268.804,196.948,264.873,-259.426,216.998,334.876,38.914,-52.085,86.8215,
		node 263.884,104.597,-189.951,263.141,81.899,228.132,-44.2511,14.6584,263.134,90.2927,44.9211,308.542,23.8574,287.661,78.5693,342.677,36.8608,306.698,113.833,368.235,262.162,365.322,74.3465,-208.214,102.021,386.55,
		node 283.502,272.248,185.573,210.406,273.61,17.7432,387.063,359.704,27.445,182.181,284.218,343.034,85.8479,366.139,147.099,249.349,236.194,10.9743,68.8928,271.925,36.9345,298.917,20.7919,374.004,30.1201,212.479,
		node 122.226,-12.6474,304.546,253.247,19.6153,92.9627,217.603,213.325,101.626,275.154,178.563,209.781,181.921,257.442,347.197,385.279,26.3091,86.9716,-225.595,40.6439,114.206,-52.5152,93.9981,-257.347,-201.957,33.5499,
		node 59.3076,248.231,-279.686,117.579,215.252,27.6603,156.134,309.393,65.0701,7.25195,-8.22338,86.4297,52.3618,94.141,207.757,347.076,139.516,43.0763,300.846,261.195,-225.265,96.7612,191.744,122.227,31.7085,103.639,
	layer
		node 307.709,-261.693,-278.967,29.7017,60.3492,373.384,
endPlayer
