// Player7
stat 4
	layer
		node 362.072,20.3914,40.6264,343.461,-203.43,253.429,99.3897,-242.723,95.9782,270.923,391.463,363.001,-386.503,306.871,31.7232,306.502,300.711,282.713,205.941,254.063,241.855,74.6065,65.4093,36.0563,-54.6425,74.383,
		node 5.27282,-2.31425,-271.223,278.932,89.3744,269.504,205.791,14.0549,351.652,86.0201,213.272,61.7843,207.151,288.628,350.995,336.336,47.6366,67.0027,37.8767,52.9618,28.8697,364.056,75.1972,226.829,275.598,24.2515,
		node 276.773,192.295,275.964,186.836,260.996,54.7766,-203.184,-402.039,14.2693,56.1446,94.2995,61.271,71.791,84.6494,307.627,-225.866,33.2235,387.106,370.214,276.843,89.9047,341.671,-77.4765,10.4111,33.1692,205.697,
		node 211.74,-9.15132,302.292,256.792,20.1255,-207.653,45.4249,45.999,20.9166,-198.482,36.7124,-62.3598,179.93,252.796,341.593,24.4722,35.8869,60.0531,-220.152,40.6841,39.5015,108.332,238.945,-264.087,-412.768,415.09,
		node 53.5435,375.855,91.9682,359.467,226.183,310.75,149.715,50.297,298.415,275.577,370.061,346.661,-223.677,98.5309,221.927,341.342,142.134,43.6596,298.961,237.239,302.222,98.7227,181.976,115.278,266.446,357.156,
	layer
		node 238.393,-231.274,39.9236,165.261,-68.5691,44.5652,
endPlayer
