// Player17
stat 10
	layer
		node -124.686,-40.8583,167.108,-58.5434,71.712,-70.6588,-61.0889,-118.408,128.996,-5.95159,-29.2093,-26.621,-107.724,28.9733,-67.0772,57.3811,-68.811,-88.2895,4.074,191.106,-59.4298,-48.5307,-0.695437,-44.9342,107.792,23.6594,
		node -65.4876,-38.8757,-50.3623,-175.681,95.3268,92.0763,-93.5431,-49.7,-4.60312,-54.6852,0.417336,66.4895,-8.28345,-41.4137,92.7072,-88.6229,-63.5631,80.7839,-100.859,9.02072,-46.027,31.3825,-90.0299,-106.512,-73.0283,-139.056,
		node 27.5279,27.401,-63.1192,-8.76609,-53.605,-13.8077,2.39854,86.3808,97.7769,107.451,-51.0954,5.68379,-37.8803,9.78656,27.2968,-82.4291,-77.7004,116.623,-72.239,-67.2482,-63.57,104.074,-31.1072,143.223,-79.9918,118.48,
		node -35.2083,-27.6756,-69.6497,-105.464,-57.3207,-39.7298,33.1053,107.436,55.4457,-14.3497,-46.9863,104.178,68.7047,45.0966,-0.192007,-85.742,-75.4883,69.102,110.801,76.4955,79.1519,27.9381,-25.0639,-20.167,-109.647,-57.7558,
		node -45.5719,83.5692,-11.3047,-22.4812,-75.5336,39.808,42.8194,-62.9802,169.785,-69.7589,-94.7879,6.68863,-74.6246,63.4542,164.372,-49.5236,-66.3929,-69.3371,-42.2201,-48.4611,-44.1569,-64.3161,-57.6763,20.5074,-70.4693,-62.6469,
	layer
		node -105.412,-41.0935,212.526,-14.2274,6.96401,-34.1642,
endPlayer
