// Player32
stat 7
	layer
		node -173.989,-79.8609,-22.9566,15.6578,-44.95,104.38,79.954,-34.2962,19.4375,-23.9238,-83.4147,11.4414,-25.6973,21.756,-103.318,83.3071,165.185,-23.9947,18.6782,-4.28267,-73.2332,-51.1681,-90.1197,-51.3673,-22.8292,-96.7394,
		node -86.8005,-47.9898,55.6416,-77.2933,-87.3774,-211.112,68.1717,-8.43481,-59.4296,-86.1521,-77.0553,117.827,70.9846,-24.6908,131.467,-11.5481,-56.8538,45.2817,35.3961,-124.331,64.8964,-34.1898,-186.928,-10.1753,-81.1009,-104.568,
		node 36.4439,36.4376,-189.097,-73.228,-83.3525,-30.0458,-69.113,109.563,16.8078,-73.1487,-106.712,54.6774,38.5028,59.1866,-230.995,53.7317,-135.427,-15.3468,-75.6861,-88.6892,-182.195,-31.216,157.061,78.1842,21.0006,24.4717,
		node -73.9422,-93.8841,54.3763,-40.3857,-121.426,-42.8353,-25.2799,-87.3702,-10.2132,-184.609,-22.7238,33.1901,-86.2894,-96.341,-50.3246,-161.308,-102.518,68.6808,-12.3223,114.533,14.3857,-181.534,2.38963,-41.6429,-44.0797,-17.6939,
		node 27.2796,-66.5434,-10.7161,-3.87878,27.9191,91.9504,27.0565,-33.1731,-57.6535,25.2008,-110.067,-19.8053,-41.0973,-104.326,-19.9564,-179.367,-133.617,13.9842,-73.946,54.4078,17.2698,-7.29025,-1.25651,-37.2814,56.4591,-183.449,
	layer
		node -8.43246,45.9199,-30.2719,-29.4279,-18.3023,-14.528,
endPlayer
