// Player27
stat 7
	layer
		node 17.1639,-60.1947,-21.5086,16.9231,-50.5452,104.816,69.8079,107.616,32.7297,77.2051,-206.159,8.90094,-20.3089,32.6804,-87.2111,-38.3833,160.714,-40.5503,-34.8537,5.90763,-4.9248,-60.4403,-94.0129,-48.0448,-16.1504,-95.3939,
		node -84.0158,-41.8566,47.5804,5.68018,-105.87,-193.602,-149.804,-7.51047,-41.3282,-86.1454,-71.7382,91.6397,69.0532,-132.417,-35.6908,-21.9551,-58.3357,-78.1261,34.3335,-121.937,82.3779,32.6171,-183.235,1.52279,-79.3967,-106.883,
		node 42.7811,34.4772,-198.05,71.5522,-76.6962,-26.8201,-64.4764,34.893,33.6203,-197.267,-141.943,35.3686,26.2898,54.6117,-45.7435,-33.0795,32.3941,-22.9411,13.4444,12.4839,-77.4744,-30.8444,-87.9173,40.1222,4.46785,17.1946,
		node -83.1428,-67.6113,62.263,-25.1569,-108.84,-40.2385,-25.1384,-40.6958,-0.612252,-186.965,-14.3567,-25.5531,-90.4712,-101.061,-29.1602,-157.227,-30.2235,69.7063,-0.68827,127.812,89.7755,124.52,13.3515,-42.5695,-41.2015,-21.9437,
		node 24.0137,14.4849,-30.1218,-232.198,32.0517,-37.7129,-35.6014,-32.1025,-93.1664,27.3773,-114.575,-18.0247,94.8687,140.725,-20.7668,-171.265,-98.4787,16.5005,-39.8623,48.8774,43.3954,-11.3426,2.91128,-74.6073,43.6763,16.1082,
	layer
		node -57.8772,-179.731,44.4176,-100.829,-129.383,-62.885,
endPlayer
