// Player47
stat 3
	layer
		node -161.677,-39.6824,-31.4237,17.954,-117.477,100.362,60.8135,103.478,33.8796,60.0209,-90.6086,16.6499,61.1225,22.0476,-86.8146,79.7082,166.018,-37.7064,-32.8866,0.630033,-2.39915,-55.2312,-88.5495,-57.0177,-13.347,-84.4336,
		node -96.7097,-42.3485,53.1566,-5.01473,38.1836,-194.231,-172.24,70.1115,-61.491,-87.1094,-74.8508,90.2864,60.7814,-65.6588,-37.2865,-11.5034,-64.452,8.51335,36.9999,-99.573,73.7841,-16.4393,-179.791,-0.107364,-25.5279,-110.814,
		node 45.2134,35.6363,-192.769,-36.8403,-72.1018,-23.6788,-58.1345,35.6761,-54.7746,-212.861,-106.781,57.5205,20.3373,64.3907,-238.756,39.3157,-155.888,-22.567,-79.7838,31.1166,-93.7109,-86.8318,166.343,40.8803,-3.42597,20.869,
		node -82.7048,-70.6023,-134.467,-23.3394,-129.407,-44.4114,-23.0167,-22.9335,5.06885,-187.4,41.0353,-24.2733,-93.8097,-114.063,-27.7503,-144.614,-89.591,-58.1726,-12.2592,144.727,83.7196,131.389,28.8731,-42.9543,-35.6797,-24.6567,
		node -57.0074,-162.357,-22.1401,-23.3637,20.7172,-35.5752,-26.4004,-56.1817,-59.5981,-55.5791,-74.4201,-61.144,-68.7362,-99.0541,-21.5784,-179.966,-104.785,20.0398,-37.5072,49.6987,70.7401,-45.1838,-43.7327,-47.5976,50.9878,-39.4489,
	layer
		node -8.08588,-56.9865,42.8467,-99.3961,-131.949,38.5354,
endPlayer
