// Player71
stat 8
	layer
		node -169.662,-78.0807,236.167,-18.6251,-48.3013,103.454,78.7331,49.385,-52.4946,64.3723,-43.9093,8.61413,-40.4298,31.0797,-59.7908,99.6953,166.768,-38.0888,34.348,4.34304,109.209,-48.2154,-163.081,-61.6129,-33.5082,-102.868,
		node -94.4152,-55.1271,42.1374,-60.6621,-47.9908,-211.743,-136.677,8.96201,-50.9142,-10.4635,-80.8377,88.001,59.746,-27.2744,-55.6595,9.46294,-64.4616,-28.4135,44.8731,-128.72,78.9372,-23.5496,-94.2613,-9.02037,-22.1336,-101.405,
		node -22.9609,45.9217,-193.147,-30.3464,-83.1648,-215.099,36.2709,43.9007,-52.696,-69.9766,-114.708,63.9988,46.4914,71.5691,-231.391,31.5006,-164.851,-25.3076,9.2516,-85.4535,-185.213,-23.2577,150.222,52.3239,5.99967,21.0578,
		node -80.28,-13.2844,-135.771,-24.6215,-125.597,-36.6844,-21.8699,-33.1129,-15.8067,-185.399,-13.2456,6.70638,-86.6104,-97.0073,-30.3204,-163.727,-39.1619,-67.3802,-4.23539,130.717,-181.481,120.871,-15.5219,-36.8964,-32.6199,-24.7937,
		node -73.9475,13.3534,-27.0313,39.2843,32.2763,-26.2183,-31.3806,-63.6691,-83.3992,27.4707,-112.447,-151.206,155.445,165.02,-25.4788,-169.485,-105.704,13.6138,-30.4573,56.5233,36.284,-6.51355,-28.4421,113.959,118.68,-38.1532,
	layer
		node -172.249,-98.4698,105.36,-100.326,-2.05776,-133.69,
endPlayer
