// Player63
stat 7
	layer
		node -2.91409,-137.861,-11.4546,31.7827,-90.5044,-167.45,-159.942,-136.566,-23.8961,-113.187,90.33,-46.9772,-114.3,-301.107,-16.9912,-3.11486,64.8044,193.064,220.408,-33.8896,6.19483,239.454,57.999,-113.82,288.166,-267.48,
		node -23.0523,218.747,103.428,34.9568,-61.5184,-21.6912,89.1817,120.353,75.9565,114.027,-28.6457,42.0413,3.21507,-89.8307,-232.572,86.3622,117.29,-57.5239,-172.274,31.3173,326.678,-47.0997,42.1696,-89.2677,-86.8298,35.5135,
		node -44.963,-8.99015,79.3725,-64.7744,34.9338,-314.897,93.0345,-15.7423,-30.2519,-6.34109,28.7708,-161.806,36.8568,-92.1789,-59.8989,-46.0727,-1.55866,-339.168,26.8238,-159.861,-18.6779,-0.358194,254.929,8.8814,-64.3818,198.085,
		node 92.469,-179.938,-24.021,-50.4696,54.1032,-87.7293,-24.2641,308.447,-8.17012,-2.60711,314.168,-74.3721,-148.331,322.458,-194.869,-44.6448,231.647,-72.3512,95.0043,-145.723,75.007,-4.28927,-180.87,72.271,-33.768,-176.489,
		node -89.3548,-51.6299,31.059,-31.5627,39.8179,-154.564,-91.5866,143.087,79.0932,164.981,63.4414,-70.8425,27.9561,-185.69,4.14323,291.096,-14.5616,-34.4345,312.014,-66.0106,8.89734,-157.71,79.6622,-54.334,-12.6793,-43.9794,
	layer
		node 98.6603,-88.4647,-214.671,104.203,38.4011,98.3814,
endPlayer
