// Player7
stat 6
	layer
		node 7.57528,-143.557,-21.7322,24.5003,-77.2481,29.437,105.846,-142.457,7.78575,12.3756,100.89,25.714,-128.46,46.8773,-195.686,-16.3006,-48.9955,-152.482,-58.6033,85.4579,-50.3897,116.916,-77.8843,-40.045,-67.942,-13.0915,
		node 55.3855,85.2699,-55.8582,43.6592,134.441,-22.1394,90.4449,-10.1425,94.5115,103.341,291.135,34.1181,21.7832,-135.79,-214.26,121.473,-76.2881,226.372,-143.688,-146.789,-197.219,-155.7,-63.3807,-78.8027,77.2127,-158.717,
		node -51.7781,-17.0653,11.323,-52.6853,13.8591,-56.8098,37.6595,27.6971,-24.1913,8.53635,-91.3479,228.338,-59.33,-87.0731,242.738,-115.25,97.8018,36.8387,257.202,72.3475,32.2082,-18.3935,27.8601,-42.9697,-53.0873,190.55,
		node 244.014,-7.31163,47.7516,-31.8055,-197.703,-313.463,-13.4447,-6.29305,-11.7091,133.641,-36.6275,211.988,67.4482,33.575,88.3996,20.4945,-1.99842,314.439,91.5338,233.146,19.0151,12.1305,98.3742,76.7663,230.3,-183.076,
		node -27.4188,117.825,14.8368,-18.5357,-16.229,-211.657,-98.0887,-133.846,266.513,-209.968,-201.555,-50.2062,57.8311,69.3191,1.57613,322.574,-23.1038,9.9255,2.296,-4.22404,105.409,-154.936,187.166,23.397,-10.1066,18.4238,
	layer
		node 92.9124,158.921,-209.773,104.661,226.708,-2.38425,
endPlayer
