// Player37
stat 5
	layer
		node -77.7823,15.6504,-253.246,-53.8498,-84.2596,-171.096,-35.1181,145.886,253.762,-115.46,232.96,253.327,17.0822,4.77875,-9.90227,-90.2338,-8.52349,81.3421,-32.0992,-210.136,1.27971,127.612,58.9107,103.669,1.98949,-5.17067,
		node -58.1257,98.0848,100.375,35.6306,-50.2316,-39.0213,90.4279,-14.1404,98.6306,95.0306,-64.1823,47.5568,22.2231,100.853,-225.251,75.747,-16.6614,56.7048,-162.323,-139.165,-53.6172,-63.8904,36.4581,259.247,46.2434,-138.816,
		node -114.306,-25.7195,13.7983,-58.0702,-7.54368,-317.099,41.176,-170.636,-37.5897,-165.83,-195.512,-161.703,54.3029,257.945,-221.524,208.369,-14.4821,-108.581,83.0293,73.9342,-149.178,-11.209,28.3712,-81.405,-78.8816,-49.5204,
		node 226.299,-22.536,136.449,-71.5075,238.216,-342.535,-74.7369,273.423,218.349,133.984,-79.6964,-172.607,-122.06,323.293,12.3828,-109.667,55.6695,-24.6566,96.8565,239.943,88.2851,69.8527,104.542,-54.4185,237.468,-177.415,
		node -62.4675,-77.2937,-85.2249,-19.5745,-10.0019,-55.1665,-110.463,289.166,254.895,-205.633,-50.356,-41.8184,23.9628,-182.747,105.788,315.291,257.274,-87.0908,43.4763,251.533,-11.6777,-151.851,219.064,-51.5796,-50.2264,28.6347,
	layer
		node -174.469,-82.875,34.4782,-80.2677,-88.818,19.9866,
endPlayer
