// Player96
stat 7
	layer
		node 37.6526,-43.4166,-5.57473,20.1433,49.3352,-17.9064,60.466,-50.161,150.599,-77.7523,29.3221,19.9193,13.5733,34.9741,37.3058,-74.0987,48.1668,-56.7621,-26.4867,-48.7939,-11.0343,-60.5044,-5.9499,-32.4862,30.6151,28.7848,
		node 90.538,3.3728,98.3027,-19.6026,8.35978,-9.29615,32.1306,-42.4999,49.3374,-72.7988,15.7517,-59.3952,88.1992,14.685,-105.968,-6.46101,37.1213,121.272,-75.0375,-64.83,-37.1384,15.4742,76.5052,-40.2583,-42.4537,-21.885,
		node 69.8742,-29.152,-95.0322,-44.6111,0.0705802,0.218337,-14.6362,40.7727,-11.7221,35.9581,-43.2532,-130.733,-13.7028,39.1607,-16.3529,-18.8361,-16.021,-40.1914,-88.6796,23.9897,44.3661,-24.1558,40.0681,-21.68,17.8707,37.4997,
		node 9.30946,19.1694,76.2289,9.36193,67.7047,-11.2851,27.466,106.205,-21.6637,87.5063,-25.8683,10.7121,-20.3715,26.3491,-8.27822,-11.5712,23.6445,10.8363,110.466,14.1159,43.6323,-86.0278,-8.33737,-12.6939,-95.0008,6.80718,
		node 15.595,19.1209,78.5552,-23.3605,55.6501,-61.0837,-37.5573,-66.2721,87.1696,-51.4473,20.845,-49.9429,-80.0597,15.4013,-57.3001,23.1091,28.8398,-39.4121,10.0379,17.5086,6.57277,-41.8655,-38.292,118.369,69.143,43.3664,
	layer
		node 4.3463,-4.7711,-39.0638,22.6017,6.57697,-55.3156,
endPlayer
