// Player92
stat 6
	layer
		node -45.5236,49.5112,-70.3417,50.8714,105.597,-19.1645,34.758,73.4293,40.6193,34.0402,-42.1485,-53.6965,-27.447,-33.5343,-13.7454,-73.04,39.7764,18.2475,-46.2719,-54.7434,-23.1786,6.26453,-5.31559,-78.5536,41.4318,37.584,
		node 21.8231,-18.9952,103.21,-4.78431,-12.4538,39.3772,-53.0371,-43.3138,55.6005,-9.08924,-38.1142,-64.5648,-48.6569,29.1241,-24.5459,101.568,-63.0409,41.1684,-99.8134,90.1101,-43.9172,140.207,-62.0269,25.9341,-38.8341,50.1785,
		node 73.6393,49.3761,-54.4695,33.0665,32.5066,82.5284,-49.6511,82.3607,-52.1163,35.9255,-68.8635,41.3955,-94.9284,26.6187,-27.2686,-22.8066,45.6521,-109.316,-95.8815,25.0134,-23.0454,-78.8592,-42.3501,153.603,23.7335,-77.5978,
		node 28.4376,-59.568,-131.172,30.9675,1.36629,81.9469,-61.6198,100.542,58.2728,51.7374,19.2653,13.2053,30.9907,-77.1665,-62.4145,-6.07911,-56.8751,-0.00489778,97.9669,59.9668,48.6614,17.6434,-79.3281,23.313,40.6338,3.99244,
		node 33.0331,-136.206,12.2284,-10.2619,57.5241,-63.7423,-45.1385,56.9759,-33.0867,-125.19,27.3583,84.1639,-38.1702,157.18,-129.496,-27.647,46.9082,-40.0403,37.8325,-12.5201,39.7509,38.2553,-11.1498,116.482,0.215071,41.2732,
	layer
		node -92.8756,31.5084,31.1649,-26.9221,113.526,-12.5959,
endPlayer
