// Player32
stat 4
	layer
		node 52.0827,-164.908,38.8425,-61.5615,28.4898,4.47342,-23.6634,20.1557,-157.418,-32.3929,-139.441,-168.271,21.0795,-64.9936,-85.7106,1.50171,-77.6418,29.2984,-9.61582,25.2496,-83.3284,31.64,-15.9865,-133.016,-104.433,98.2712,
		node 21.7735,60.7152,-25.1874,-159.746,1.78596,19.3381,13.5544,-11.2113,-155.794,-16.6378,-5.17586,-19.2793,45.558,71.8353,43.0888,15.9086,86.5894,31.7265,-126.307,77.363,13.835,7.91941,79.6328,-23.3058,-110.754,111.585,
		node 25.5009,-6.23364,16.5821,-10.2208,-22.4219,-164.931,-76.4343,-130.698,-85.8188,-57.082,-98.9566,-121.746,48.0109,-44.1297,19.8692,1.2294,71.7233,-41.8847,123.807,-104.901,-1.78536,-100.048,-0.641168,-26.532,64.4986,-119.193,
		node 10.8522,5.57269,-9.96022,-108.087,20.895,47.4518,1.13313,-124.516,12.1726,-56.4089,17.087,-30.7814,-13.3895,1.28861,-3.84292,54.7869,-142.63,-18.5237,-63.8774,-25.8756,0.99887,-15.2693,-40.6637,47.2289,12.7296,91.9777,
		node -125.893,-19.151,9.07715,-136.412,-52.2134,7.31194,-39.3969,6.70206,-0.635963,-31.7963,-73.3355,-33.4331,49.5906,47.2526,-59.4092,78.7389,-142.716,-108.785,40.6171,-57.5383,9.92882,-3.32666,-42.8199,55.1454,-21.8619,30.9645,
	layer
		node 95.508,19.0072,-16.9986,9.27823,0.943808,63.8866,
endPlayer
