// Player66
stat 6
	layer
		node 44.3839,6.59797,14.2086,0.980811,34.2837,3.69593,-25.2569,-114.74,-133.968,-28.6264,46.1932,-125.318,-51.7082,29.3662,-13.8512,20.0155,-83.2101,-4.30332,55.8098,-106.885,-78.0418,1.02588,47.0221,-156.761,-101.164,-155.112,
		node -146.097,-16.1132,-7.30881,13.2498,54.5744,12.0369,13.9845,-69.0597,4.9552,-8.26305,-2.46875,-10.6851,55.0337,-130.349,8.88337,-8.00021,-129.279,-121.491,-115.471,7.84959,0.824434,-143.323,-40.6957,-5.94294,-19.9709,80.4996,
		node 95.6012,-30.9384,41.9517,-15.3009,-1.00745,-67.487,-130.933,-61.6307,-151.804,-5.78166,89.6541,-31.6138,-158.396,14.8325,25.374,39.2998,2.93318,-32.3548,-29.9616,-32.9646,20.9539,15.3254,38.9299,-18.3148,98.3109,-94.6305,
		node 32.97,-12.5629,-3.21062,35.7993,23.3054,28.2741,6.69758,73.5134,4.9043,-81.6408,-9.31971,-70.4358,87.5878,59.0243,-14.4212,79.1982,43.4259,-35.7755,53.6883,46.1312,-19.4879,-8.99787,-28.8371,82.4387,-5.09326,86.902,
		node 15.0827,-22.2998,-7.49777,-155.4,-0.478704,-91.6827,19.2759,4.91937,43.0984,-34.2441,-70.1161,-40.0513,-48.1203,-55.9693,-61.8883,54.0786,7.59736,-114.25,-19.9091,62.5155,2.52619,-2.37898,-7.68329,31.5005,91.0255,31.0744,
	layer
		node 5.78811,44.4781,84.9987,-1.08144,41.0145,1.06233,
endPlayer
