// Player2
stat 9
	layer
		node -29.0004,-168.078,6.07838,-8.42619,2.10681,100.576,-27.0454,-46.4523,-4.21574,-46.0989,40.0426,-22.2971,3.87738,-62.1022,29.9658,-39.8865,-41.4736,54.4496,55.0176,-63.4939,-69.0465,31.5401,20.9663,-3.26688,-97.2258,8.21952,
		node -32.1286,-8.02422,-14.4013,-45.5626,-88.2332,9.52399,15.2198,-71.32,14.0096,-8.35415,-10.5824,11.8884,5.8245,-15.8231,37.2988,19.6105,17.069,-23.2375,-15.5282,-8.91896,12.874,-17.3626,-57.3685,-14.8467,-26.4322,78.462,
		node -8.93605,-6.91093,-43.04,-33.1053,5.41899,-7.83913,-139.1,14.508,58.1544,16.0513,-49.7346,-5.81635,51.3199,19.5713,-119.538,-52.2095,-14.0492,-37.7071,4.38641,-99.5545,-80.5727,-25.2937,10.5789,6.9867,66.1023,-97.1734,
		node 47.7471,-21.9114,11.4461,77.1495,22.4488,21.964,-5.54997,75.726,-17.2846,18.4808,-65.8404,-37.9605,31.6507,4.42712,-13.4331,43.1356,-13.1782,17.7698,-25.1476,20.8065,-20.6396,27.2942,-160.317,0.0355659,16.1086,-1.28292,
		node 10.1798,-19.9826,7.00988,-164.471,0.0597572,69.2643,21.162,-11.752,23.0259,-31.4606,-68.2632,-40.6568,50.6346,-50.2418,30.2591,80.2392,4.56594,-116.329,-16.6977,-47.9452,-0.695313,-32.6794,83.4775,88.594,-20.1777,-38.4575,
	layer
		node -121.361,6.13955,-0.854135,-1.2171,-142.346,-160.833,
endPlayer
