// Player25
stat 8
	layer
		node 34.9799,-161.238,11.337,10.5773,-3.67215,-3.44284,-2.28593,-109.206,-159.854,-48.5483,-14.7178,50.4181,0.689095,-63.4339,41.124,-11.7977,-43.0182,7.78558,-20.5342,4.61176,-31.6522,-17.0313,19.1815,80.06,-167.813,94.359,
		node -44.1766,60.2888,78.1016,-155.408,-101.328,6.85616,-139.265,-13.7095,-9.28953,-14.1471,33.0051,-54.9395,7.26941,-19.066,24.6542,14.9068,-13.1061,68.1875,-123.232,103.127,-121.113,-41.744,-25.2089,-32.801,-22.6017,-73.7912,
		node -77.202,-7.5765,80.696,-28.1609,-12.3286,-131.854,-45.0958,-124.127,-93.7388,5.76467,-99.7174,-25.2095,0.192455,2.53961,15.4805,52.9135,-13.5704,-19.2679,-74.9481,-27.8028,21.5481,-34.386,-11.6945,-98.5869,77.8462,-101.631,
		node 12.4315,-11.6584,29.6034,31.5087,-8.84273,20.925,-14.5063,28.4513,4.38229,27.8662,-37.2712,-32.1192,-10.3688,-4.42238,6.74983,17.8139,-140.201,2.36837,38.5697,20.7044,-22.3894,-38.8104,-22.1452,5.5773,21.8905,30.1974,
		node -121.57,-5.91747,12.7833,-147.846,-2.55845,63.8915,22.1586,8.56161,-34.4323,-27.4168,4.0175,-46.2535,-62.9764,-4.44637,-65.308,96.785,19.6202,47.191,-148.758,-57.1643,-114.367,-155.628,76.8459,54.1067,60.6736,-137.729,
	layer
		node -6.11641,-14.9323,-123.529,46.8709,-138.471,9.4386,
endPlayer
