// Player67
stat 4
	layer
		node -29.4067,8.45248,12.842,-11.0889,35.0586,94.3619,-7.62294,15.0151,-165.94,-23.1018,44.348,-134.41,-45.4389,-29.9854,-12.7775,25.4853,28.5518,-6.46593,13.5918,1.41108,-82.3498,12.2891,48.8912,18.192,-53.587,-156.182,
		node 40.7227,-27.5853,-6.78398,114.921,-102.193,22.0727,16.5595,-75.9348,-4.93279,-0.646352,-0.117338,-25.3271,55.8517,-15.3292,-18.7351,-53.0135,-126.248,-126.665,-118.106,8.00227,-48.3953,-83.6578,77.5709,-2.98693,-28.6711,82.1797,
		node 86.7172,-7.02046,81.754,-11.0715,-15.9584,-15.2937,4.19667,-32.5177,-97.8406,-19.2485,4.13303,-14.6692,-5.40173,-30.3252,-129.566,38.8864,-12.3918,-31.5067,-74.3356,-33.1679,-80.9977,19.8901,-7.08685,-17.7626,53.3216,-113.602,
		node 36.309,14.0207,-2.89644,35.4176,22.2086,66.4248,1.19913,69.1126,0.549648,-31.6745,-7.94763,-60.2892,93.5814,-46.6169,-14.1937,48.8203,-30.0151,47.4881,25.3685,-32.3964,-44.1126,6.9035,-27.9046,-4.24176,1.33968,13.2736,
		node -10.7865,-20.1916,13.5287,-157.321,-6.00661,-104.003,20.1516,14.2515,10.6416,-21.6756,-71.0452,-51.025,-58.0352,-4.43486,-125.262,78.9161,-88.3716,-91.3215,-20.2197,56.4058,20.2252,-6.67285,2.94722,49.0318,0.740498,29.1319,
	layer
		node 61.3193,5.68366,18.6109,75.7195,-144.07,-18.9343,
endPlayer
