// Player94
stat 3
	layer
		node 188.818,-154.917,-11.3973,-93.7605,251.176,223.652,16.1246,-1.43623,364.991,152.639,-126.719,-27.5344,-27.0393,22.4894,102.783,60.9506,-59.8982,74.9077,-80.526,42.878,19.2201,145.429,5.81671,-116.181,57.2033,-161.276,
		node -62.7732,44.4044,-34.5059,-111.775,-57.1789,-100.922,-132.333,-150.252,2.09406,159.125,55.5728,-220.127,30.8743,-256.814,26.8448,186.963,-144.921,-115.944,-226.359,-95.0714,77.6839,9.5307,185.298,44.2889,-16.4719,-93.091,
		node -53.9001,-412.446,-76.1508,-378.421,-24.3936,-103.7,-26.2064,-62.8161,-70.4275,79.6709,-62.095,-142.2,36.4556,57.9258,-3.04054,-13.1866,3.07088,-110.925,-86.5885,228.245,122.679,-7.5734,-155.394,147.736,-69.6536,-94.4868,
		node -106.825,146.963,-86.7929,-16.1699,200.917,294.305,69.462,201.599,63.4645,114.678,-244.363,-20.3747,67.6834,-104.67,183.653,-31.1463,1.90387,43.2473,-118.963,125.965,66.1657,-178.982,-37.7292,-35.3662,-87.9064,-132.175,
		node 2.88079,131.264,77.7988,18.7189,-66.7156,-265.559,-118.724,-14.0681,46.3522,-38.4485,7.32061,14.2468,-148.91,180.946,116.075,-22.5282,-218.163,11.8132,141.756,-1.3383,146.226,-82.068,111.883,148.093,308.583,-18.5236,
	layer
		node 93.5532,93.4924,-81.1084,-28.5948,61.8704,-176.234,
endPlayer
