// Player31
stat 4
	layer
		node 194.639,105.607,-48.5475,156.259,72.1298,-29.6899,176.128,136.54,-163.68,308.001,222.157,80.9441,139.312,279.559,-77.6736,107.501,304.141,60.9617,126.597,112.646,67.8634,109.511,-102.745,170.301,-106.179,162.922,
		node 4.11238,360.498,121.49,56.0551,-131.406,341.192,-48.0754,100.638,311.724,64.6095,-115.028,236.407,45.6118,114.211,108.572,-87.2567,23.6543,199.225,142.119,117.829,-63.1966,191.383,-79.9179,248.188,273.056,93.6758,
		node -21.5141,-60.4803,97.2417,330.988,-100.507,181.362,241.264,148.717,138.656,71.5675,-135.335,-72.8185,113.557,86.8274,-116.829,50.1677,-151.162,1.53583,150.48,-203.453,144.48,2.64174,-21.7274,-56.407,-154.722,-73.9793,
		node 168.979,243.054,-149.195,135.495,-166.337,-109.315,347.689,-32.3026,-80.848,-64.7283,250.453,45.7066,216.154,38.09,-94.9843,-50.931,317.035,77.0166,203.692,-71.1594,154.379,-74.7871,99.5314,-7.373,152.03,-76.7798,
		node 248.93,136.944,159.802,-97.5704,72.6851,141.103,262.925,272.787,88.2177,60.8698,-163.747,156.005,132.041,-184.312,167.061,232.744,166.561,-136.463,156.353,181.145,-12.867,-113.05,-175.794,100.658,-137.88,206.459,
	layer
		node 115.468,38.1978,-171.226,88.4755,182.78,-145.148,
endPlayer
