// Player91
stat 7
	layer
		node 33.7041,-21.7015,26.3089,27.5345,16.6509,43.909,-24.7574,0.29614,24.0859,-7.9021,-25.4944,-9.49641,18.9177,33.008,-12.4973,31.6506,27.9357,-81.3857,-37.7407,33.817,34.6964,-30.9944,-35.0795,37.9847,-36.7908,45.1717,
		node 60.8185,25.3346,-41.9087,35.5752,-13.3743,11.2415,47.8636,21.9189,6.14336,-103.892,34.6259,9.57022,19.9538,-28.4967,33.2482,-38.5679,40.628,-19.9684,18.9001,8.53818,-56.9849,30.621,-43.8864,8.88463,21.1617,-17.4749,
		node -13.0481,-7.29956,67.6378,18.3268,-42.7283,3.71312,-31.03,19.6871,37.7992,15.5887,7.02034,-32.3477,-50.3493,-2.03567,32.3931,12.51,-0.632636,-3.66802,-69.277,-3.35755,4.38111,-37.2527,-1.72308,0.203903,-4.99831,-27.7206,
		node -7.39113,1.65565,-18.5423,20.2668,37.2067,-10.2161,43.0511,69.6311,-18.8207,20.2886,-17.2031,16.8352,44.8222,-38.0355,32.9674,11.2231,-29.6824,-7.75477,-9.6571,-22.4997,35.5264,36.0302,-10.2592,-32.8316,45.9743,5.87833,
		node -34.7346,31.988,8.62749,-32.0655,-41.0817,41.3853,27.4381,-23.706,15.8611,4.76468,-9.95785,9.62723,64.8542,-28.7541,-15.512,-16.6339,-31.4745,-11.874,34.5917,-55.819,61.6565,-11.6444,-54.9891,35.8451,-28.0626,-23.9982,
		node -45.5739,-27.2577,15.8872,-44.1022,-9.29255,53.7384,-21.9982,-0.731408,23.7832,21.9965,20.359,-21.2241,11.2127,4.1831,47.5297,18.3216,31.5434,9.98593,-21.9519,-21.6744,-8.90775,11.838,-39.1118,-39.4818,32.2247,-31.5932,
		node 16.6514,26.0775,-8.353,-11.6249,-16.3369,-32.0056,26.9673,24.7249,-14.5591,65.8418,-5.50747,22.3409,-2.77979,-11.1773,-5.8858,-44.3641,29.6284,-33.9706,58.9422,-20.8009,57.914,10.5802,18.128,-33.8802,3.45787,4.79093,
		node -73.7418,5.70377,42.0588,-25.3555,21.6749,22.1524,-71.0193,-35.9666,27.6977,22.6445,-9.97889,-45.0262,3.61232,8.08888,34.4101,-45.9747,39.7644,-23.3533,-33.7997,-29.5962,6.23544,-21.4903,-4.52402,11.7361,45.4222,-19.9316,
		node -7.68606,48.7266,-52.7403,30.723,-11.0674,31.4241,-46.8739,10.7334,-36.5822,45.9338,-12.2179,6.0145,-17.1952,16.9745,-30.9111,19.2614,7.00931,-6.71585,39.1614,0.0563012,-4.29276,-45.9053,4.20566,-1.25749,53.0455,-39.3036,
		node 25.4966,86.8045,-11.4255,4.83879,28.3275,-20.6676,6.59842,-25.3009,2.15163,-6.77112,60.5718,6.29,6.97252,-28.5732,-33.3874,18.4631,17.9126,15.7127,68.5609,3.81235,0.704463,-2.99004,42.641,63.9526,16.8041,-0.736299,
	layer
		node 7.63326,-23.4925,-19.0035,-10.3964,-19.2998,-5.73881,-5.13245,-12.2157,-35.3894,-43.5299,10.4657,
endPlayer
