// Player52
stat 4
	layer
		node -23.598,11.0473,19.1444,-45.188,21.1247,45.3822,1.2275,-11.4131,24.1281,-23.7185,22.1387,3.44404,20.7743,-19.758,-4.40616,12.6459,30.263,-85.434,0.11424,-41.8149,14.4734,-49.6216,15.3285,-15.0198,50.4799,41.9199,
		node 43.8761,10.9713,-23.4614,-36.3038,49.0897,-29.7154,24.2962,11.2913,31.0799,-78.9967,-38.0737,27.5062,9.31052,-9.95506,-21.8674,2.82254,46.8216,-37.3329,21.7614,-10.5077,-8.90902,-1.62589,12.8566,15.3566,-54.3478,-1.42789,
		node -12.1214,4.78664,-44.4291,29.1647,-1.19294,23.0188,-41.1463,-3.32881,23.8531,2.25347,49.8801,-49.1548,-40.0344,40.1163,-26.6399,11.1535,52.6833,12.9707,-12.5197,16.5563,6.13228,-14.408,2.5703,-36.9912,0.612655,83.1271,
		node 23.8139,-26.481,8.84456,5.30615,-23.4202,0.458347,-8.01493,71.6625,-17.7589,-41.7597,-26.5443,16.7181,9.29121,-28.3896,4.69385,28.1822,-23.8159,-70.2469,-21.4481,-17.4411,43.2239,19.2771,3.59709,-30.116,58.3876,16.3817,
		node -27.7847,29.7052,-33.3028,29.5518,-25.3902,-27.6567,32.1126,30.9835,16.1438,1.32425,50.1867,4.10442,42.913,-17.0812,-49.5444,-16.0264,-40.1452,-23.5635,13.9344,-20.2127,11.5154,35.7997,-17.0065,47.2043,-44.2129,-42.9626,
		node -48.2894,-14.1149,-56.7212,-44.2569,41.4834,-26.3395,-44.1195,-1.5912,-8.67972,29.7191,6.5351,-24.2976,16.7626,-9.8353,34.0448,44.9501,-47.0028,-33.4031,-25.5696,9.22821,2.32302,-13.2677,19.6597,-31.1709,42.0199,-34.3679,
		node -20.6167,29.6987,-9.442,-13.4567,10.8697,-15.1895,48.6065,-24.0222,33.5317,-43.0869,17.7669,19.3201,3.25634,33.3763,-13.7833,-51.7528,26.4107,-19.6939,68.5311,-10.168,-19.9394,42.5346,-3.88294,-12.8019,-5.19479,-0.379399,
		node 2.65968,-29.4148,-16.9948,-25.2597,-6.20292,3.31044,2.77099,-21.5247,17.8046,32.7946,51.9758,-34.6167,40.4868,-27.7282,-0.158375,41.9635,-2.69038,20.5078,9.1387,-16.0884,-0.319236,12.0042,-3.48546,-25.9715,62.7695,24.9025,
		node -9.65242,15.5992,-55.9763,-47.7896,-2.36483,59.469,21.1106,-69.9823,-10.6351,-9.44212,54.7831,11.542,41.5467,21.7341,26.4376,-12.5964,-26.2114,-19.5583,-50.6223,4.6798,9.50432,-27.1475,5.77693,-16.2844,34.7554,-112.305,
		node 22.2285,4.40808,-5.25991,36.4455,24.8691,8.84298,8.06033,-12.5064,-3.32706,-14.1682,-5.27724,-4.14393,10.8062,7.23209,-6.43896,-3.3569,8.94252,6.71402,-1.57084,-2.27051,17.3252,37.3306,9.38596,70.5394,-12.9118,-4.38638,
	layer
		node 11.2975,-4.15307,1.4493,-11.0587,10.454,-38.9481,-41.0004,3.77224,0.403716,-9.94553,51.012,
endPlayer
