// Player73
stat 8
	layer
		node 18.6689,24.9801,37.0837,-32.845,42.7152,43.9991,14.7596,23.2644,15.1208,6.22517,-9.72276,-2.40365,30.69,-19.0784,18.1311,28.7946,-15.0056,-79.7194,-5.47,31.4589,1.2749,-51.1013,16.763,37.404,49.8912,-24.087,
		node 66.6638,8.87888,-41.3437,33.5518,-7.3906,-1.48182,47.0166,29.691,1.18702,-103.835,26.2242,31.729,15.04,-12.5316,-21.2823,54.6077,28.2716,-17.5578,-36.1671,-15.238,26.2344,-18.0493,-39.905,19.1515,-50.3464,21.9237,
		node -6.12101,-8.67442,-49.2242,11.1354,3.40492,-0.764125,4.74698,12.5543,38.0298,2.36729,4.86404,-43.5512,-43.8789,-14.2563,35.0899,0.377417,2.44297,-17.2613,-54.4834,7.89259,3.7672,-13.5223,-35.1715,21.971,-2.06642,81.861,
		node -7.3556,-4.74304,13.4935,9.92058,44.0949,-7.73922,10.7176,-12.4225,-43.968,-36.7623,-19.3467,8.89635,13.1347,-30.2796,3.92464,28.1582,-6.77722,-62.7811,-26.7555,11.3408,22.055,7.86288,-12.7379,-38.0327,51.8274,-20.6442,
		node -30.0325,27.6209,-37.3694,27.466,-39.2265,-6.89425,24.7266,8.64129,-37.9213,71.7553,53.8839,6.22457,-2.36961,-19.2902,1.60655,-6.56604,-34.0733,-9.82847,-19.7708,30.0751,53.9811,25.2108,-24.2686,57.609,-21.4206,-14.8532,
		node -52.9106,-34.8915,17.9273,-50.1828,-4.87204,52.2006,-40.8347,-0.212537,-9.26886,17.8152,5.62752,-16.6908,44.7931,-2.18538,39.7408,14.7449,6.17911,-46.1371,-30.0924,0.9668,-4.31866,-28.7707,13.5586,1.43284,-8.39767,-2.30069,
		node 18.7156,31.8156,30.193,-24.143,-10.2573,-23.2382,30.1415,-21.3617,-15.7991,66.5094,5.64516,-20.5888,51.5082,-3.03156,36.0602,-46.0638,-3.57487,-23.0985,67.6824,-20.042,-26.7869,6.71386,3.20489,29.8452,-9.52753,1.16646,
		node 8.75026,5.97502,23.8779,-25.9716,23.4761,4.80473,-11.2129,-9.58587,-16.38,-20.4988,-10.1283,-52.7271,41.9585,11.2233,1.21289,-11.8856,-6.9122,10.1089,7.10711,-12.5982,5.37538,-29.6785,-86.8506,7.02895,6.16031,28.6792,
		node 73.6556,44.1252,-1.87772,28.2745,-4.15253,43.3137,32.6053,23.3225,-17.913,-24.3363,7.19856,10.0445,30.6395,53.3604,29.6224,63.3998,-31.9365,-18.1207,-54.2377,3.07307,22.882,-31.1193,7.85478,-7.841,39.7203,-32.268,
		node -22.3584,93.8407,-6.06184,5.16842,43.5347,-32.1937,-2.2858,-25.0676,-11.887,-14.9068,45.3352,-2.10327,-44.546,1.49749,19.2659,12.9148,14.7917,10.7474,31.0145,4.28582,-0.352388,-13.9471,9.62623,59.5314,-30.8179,-30.1176,
	layer
		node 28.7868,-22.4135,-9.21602,27.9524,-23.651,-6.92189,76.7665,-25.6814,57.143,-6.39115,22.7401,
endPlayer
