// Player72
stat 5
	layer
		node 19.6917,36.866,29.8392,-47.4722,40.1358,45.505,-2.80952,-0.187394,36.8132,11.6348,-28.1515,1.02975,12.3536,28.2585,-12.7663,29.728,50.5208,-30.4548,-7.35386,-37.403,-3.60003,-49.383,-23.038,39.8029,57.0085,44.7913,
		node 49.4386,8.66465,-43.0161,32.6098,-1.1802,5.68574,47.0607,24.4487,28.3431,-84.6367,3.41275,33.8419,10.4334,-11.0341,7.13122,-41.9358,-7.44071,-24.235,20.6285,-19.0655,-4.7735,-19.4896,9.41406,13.6008,-51.3216,-6.20839,
		node -13.9994,-6.78303,-49.2443,30.7597,-1.12803,-23.7848,5.72708,2.39816,45.344,-56.2979,4.38321,-28.5383,-48.0197,15.9525,36.2038,5.13427,2.20063,-3.72278,-60.602,4.48096,8.69007,-14.2993,5.88551,19.1023,5.06052,81.582,
		node 16.1724,-3.52884,14.5828,10.0496,44.1869,-5.14277,43.0134,69.193,-14.2289,-22.9682,3.91847,25.9586,18.1832,-17.2144,6.13607,22.6433,-22.5269,-69.0387,-25.002,-21.1314,21.7953,30.4447,4.53974,-14.7097,-7.14553,-21.5391,
		node -23.9846,25.6643,-30.5248,-17.501,-39.3751,36.87,25.7208,-11.5846,50.8561,71.4454,-10.1097,7.65944,64.5193,-19.2892,-16.3239,-19.0945,-41.3612,-18.4834,-20.4952,31.9645,-22.4932,28.8554,-26.381,52.6727,-26.5572,-17.927,
		node -52.7471,-37.8435,-4.89407,-40.663,-15.5511,32.6002,-44.9659,-1.05367,-9.00446,22.9896,3.91091,-18.5607,60.1591,2.44948,38.2339,14.0951,-51.7536,-42.3781,-30.0883,-13.7604,-7.86199,-29.9094,-40.4008,0.23865,40.2329,-21.8137,
		node 19.2023,30.2388,-12.709,-16.0839,-11.0092,-19.7691,44.9299,-22.4464,-14.6567,65.7158,-4.33411,18.0521,53.3479,-2.14599,-15.9683,-40.8511,-35.0137,-0.53313,66.3815,-20.9771,-9.73541,11.8928,5.20975,8.5953,-12.3536,1.66922,
		node -40.6524,7.60761,-30.3468,-19.9679,-18.4224,16.3592,4.61217,-27.7224,-16.1127,-18.8995,15.7767,-49.9532,-20.9564,-14.5084,-11.4566,-38.2856,-0.142294,88.182,9.85197,-12.0812,4.75087,-28.8197,5.13097,-21.3222,9.17028,28.9193,
		node -65.7817,50.3503,-1.80772,27.9829,7.30577,60.7358,30.7942,-68.5622,-28.0269,43.3212,-3.20312,4.97072,30.7613,24.8747,-30.6901,-7.07333,-28.9213,-28.4625,-51.9122,-1.14734,19.9203,-33.7261,6.88095,-8.06788,43.3061,-29.5391,
		node -25.5041,9.13408,7.8113,39.2544,42.9636,8.09728,-0.489811,-23.1404,38.581,-11.5115,38.4465,-2.30798,-0.902132,1.44046,-38.7691,9.41628,15.9488,9.65827,2.60944,58.3469,22.2951,2.39933,-0.898076,58.4351,-29.8953,-14.2096,
	layer
		node 31.2922,-5.429,10.921,30.1632,-20.7323,20.0574,33.1321,-28.4675,54.328,0.902564,2.85765,
endPlayer
