// Player70
stat 5
	layer
		node 3.94856,112.68,122.461,-36.1257,150.08,-80.1518,-29.1688,175.079,94.6296,135.218,-99.6813,149.385,219.695,194.288,-80.6297,115.127,-174.558,117.099,133.674,-26.1531,140.709,-172.499,116.78,16.0338,75.0327,139.125,
		node 98.5882,119.772,101.175,-51.3896,93.2348,239.289,166.446,134.023,160.645,183.356,123.886,239.088,109.822,34.2218,111.443,307.762,62.7575,-30.4651,196.852,216.703,156.701,186.286,-47.246,206.337,-187.364,241.87,
		node 109.177,149.567,112.192,141.884,-124.043,91.6111,-159.572,27.6265,94.4777,110.072,-117.092,60.18,123.132,-24.2202,76.9901,197.567,-46.9818,205.523,-185.127,142.85,83.1397,-63.0668,81.5431,-110.774,120.81,163.121,
		node 134.892,128.642,58.2243,-122.619,73.0077,86.7846,76.805,89.6473,133.084,62.8857,117.045,146.415,193.326,145.686,-130.643,161.212,81.9188,121.595,180.913,65.684,-8.88711,70.9869,-33.6816,-63.4347,58.735,266.155,
		node -64.4917,-137.074,-194.928,101.677,-110.833,178.93,251.218,85.5561,85.9994,155.782,292.519,115.646,263.801,215.003,168.257,121.291,154.882,235.801,-61.7872,-24.9341,63.1275,27.317,197.62,-19.2503,-11.0591,11.3641,
	layer
		node 213.216,-107.733,195.091,-123.84,155.595,-89.7789,
endPlayer
