// Player61
stat 6
	layer
		node 1.42673,120.533,129.797,-31.0528,138.29,163.279,-26.3288,175.666,92.9317,129.541,-90.5452,89.3351,146.354,-148.758,-80.0956,115.689,-174.574,120.138,-36.3318,243.061,142.11,-182.632,-97.507,13.5334,152.444,141.809,
		node -20.4146,120.89,101.555,-48.8828,96.7892,234.348,-171.446,136.504,262.877,184.018,115.098,210.841,111.713,33.873,116,136.726,60.9855,-33.9157,170.042,122.956,135.077,193.741,129.229,210.979,127.205,228.618,
		node 109.442,118.3,120.419,170.247,50.1693,97.3951,111.585,-60.897,92.5221,69.2722,109.887,58.5549,45.2203,-169.813,269.781,-90.7656,-59.5846,39.7568,-182.154,119.583,87.3485,-60.2255,81.639,-8.65783,126.028,207.018,
		node 51.1447,126.136,10.5342,-147.011,71.8807,84.9221,76.5218,88.333,-142.996,56.5848,-81.7861,121.669,81.6863,114.508,-132.21,-49.219,80.6863,174.312,141.452,112.986,-24.1021,69.2726,-32.3554,-64.2168,65.4243,265.585,
		node 104.76,-134.843,-195.095,125.02,-112.492,-110.809,249.623,176.298,109.036,-67.598,286.733,123.401,262.566,212.488,161.441,86.3844,87.1273,235.273,-58.7016,-28.9269,-46.2414,22.4992,198.522,236.714,74.3928,120.392,
	layer
		node 118.704,-169.394,-106.058,117.498,212.324,90.0667,
endPlayer
