// Player29
stat 7
	layer
		node 88.7447,155.802,176.916,-20.6478,137.01,157.12,171.173,119.445,-75.2033,-155.269,172.14,92.5225,-1.06827,59.7385,199.089,-120.952,-144.127,-84.1265,130.068,-12.1097,-66.8938,-173.287,151.245,-190.914,232.849,152.017,
		node 122.619,-93.2728,221.81,-49.9567,130.588,-7.58834,170.896,127.343,162.184,75.5323,20.1875,150.678,111.862,31.9439,105.542,142.623,108.581,-32.1788,149.494,225.694,137.629,-115.786,-147.712,-173.852,121.083,158.91,
		node 213.931,126.718,111.169,158.546,61.5028,-121.868,20.3291,191.437,12.1688,132.82,-84.7747,59.972,-26.1406,169.127,84.7103,106.599,211.542,95.607,55.1196,155.012,71.0991,156.512,95.2678,-1.82419,114.482,5.50094,
		node 155.148,-176.564,108.692,183.164,4.43047,80.356,-60.9663,76.921,111.356,-140.679,115.165,-27.64,84.318,0.972445,-144.535,116.308,-125.965,74.3519,26.5019,47.436,-70.7014,257.64,-102.238,57.0167,60.2328,254.799,
		node 148.799,111.501,-191.547,110.445,243.72,167.124,243.036,169.289,92.6959,-18.5283,-4.33567,109.882,265.054,114.95,-56.3315,110.148,84.4872,-101.666,106.943,87.3318,72.8806,18.0691,-139.465,129.668,99.4979,-5.2328,
	layer
		node -131.281,194.827,103.943,174.145,1.00877,125.097,
endPlayer
