// Player82
stat 7
	layer
		node -41.4695,124.147,-81.3177,111.011,-101.256,53.1318,5.91939,30.6649,8.76974,36.8655,-8.7092,19.6412,45.6661,-84.8066,4.12448,-40.9061,-85.1199,26.7475,-46.8335,-23.8405,87.6203,-9.80605,-165.668,-59.3496,52.6247,-120.518,
		node 2.31035,-48.5009,37.5608,-56.3801,25.4719,130.146,-48.7984,11.2718,61.7008,1.08693,-83.883,-11.8073,19.2235,51.5658,-4.89531,106.445,106.344,6.77233,40.7173,-58.2072,-31.6152,-32.7596,-82.0716,-10.7874,-28.8348,-113.163,
		node -73.329,56.5326,130.916,-23.4745,24.7346,-159.824,63.9843,-72.4075,87.582,-76.1158,0.22806,69.7778,37.4105,81.7749,7.23369,33.7694,-71.0853,-99.8261,-44.5863,17.8264,3.91445,-46.3687,72.4051,62.0321,-49.3632,-148.427,
		node -15.0996,136.248,63.2903,-5.17545,-36.6675,86.8307,138.885,-24.3019,-61.6889,150.873,72.7329,19.6135,-62.4747,15.8096,85.4714,133.132,76.3915,152.354,-187.582,-23.1229,119.5,-54.0831,-102.206,34.4766,-49.2175,-53.4267,
		node 80.7258,113.616,100.123,-16.1809,-66.838,-48.4675,64.9983,-96.9438,-46.3401,-10.5824,-32.8245,80.9722,16.3021,7.35435,91.5861,-15.9373,-43.2267,64.8385,-5.96072,-145.231,-26.947,20.972,-75.1433,-22.127,100.254,-53.2722,
		node 105.428,59.8001,-108.049,-0.76138,-23.2575,89.0634,95.3472,-38.1189,48.9091,65.8487,157.637,10.9647,83.2526,59.952,82.3183,-109.378,53.2603,-28.0566,117.223,-55.8703,-11.4018,106.422,-11.6346,26.9029,-4.79681,-29.7286,
		node -52.9894,50.5603,138.183,-37.5204,80.0809,15.1386,35.0229,-72.9953,-163.266,-46.0001,8.11182,84.5622,-11.298,30.5623,-51.725,42.6418,-15.7697,-7.06648,78.1449,-112.37,-29.0454,-100.707,-171.675,57.6717,-40.0946,8.04683,
		node 92.9823,102.087,113.547,43.3937,-83.6659,36.3699,-29.193,-34.8977,-16.1453,9.77051,-121.018,85.6656,74.2333,55.1243,110.166,-28.5176,1.63471,-0.499515,52.4294,-53.9887,-55.1933,-50.6412,-69.4864,-40.9029,-29.9433,62.3913,
		node 30.0596,14.2018,-75.6667,-37.5561,-139.439,-129.261,-43.9968,83.5144,106.181,-1.60946,23.0408,-48.2491,155.612,-121.188,-19.2965,-49.3523,-20.6911,14.6301,-17.4777,80.108,44.9746,40.1028,-43.5099,36.1374,155.319,14.069,
		node 115.577,123.25,-40.1904,-42.3144,111.141,-220.514,-22.858,116.58,-21.9429,-98.7876,48.4061,65.6605,147.699,-29.0317,-52.5091,-103.497,-20.702,43.1937,-19.0476,-15.9817,42.8106,-14.9006,-107.329,14.4935,60.4014,20.4756,
		node 6.33057,8.81593,135.715,-53.3155,58.968,27.5725,74.1262,10.7779,-72.4131,-41.107,-13.0241,38.9131,57.2061,-29.0674,-17.5116,13.6825,-65.9999,-137.804,-18.6299,3.30393,45.5124,-22.4265,64.438,-64.2696,-20.5378,-81.3733,
		node -38.405,150.243,23.5505,-84.2722,-48.9589,58.2664,30.2043,56.1768,-38.1616,1.32433,22.3645,52.8878,4.68366,-4.19853,65.62,94.2259,-8.05308,166.25,-154.877,-7.44451,-78.7858,50.8922,-50.1893,167.818,-65.5596,115.414,
		node 69.1029,-6.43845,83.4646,91.5029,-82.0702,-83.8545,60.7364,20.306,-4.26032,33.6522,4.92937,163.044,64.1629,-67.3511,41.5242,-109.8,98.4496,52.5869,-39.3725,-18.2886,75.2523,25.4398,13.29,56.2418,-6.37467,-24.4513,
		node -46.8217,149.893,-111.502,26.4564,-148.033,25.1274,1.49252,8.04949,-49.9188,-36.2426,-78.5595,-89.3814,154.699,59.391,-56.2547,58.9227,-53.5457,10.3115,-55.9179,20.2707,-1.30961,-79.1038,-78.1864,-68.9787,130.629,-46.2446,
		node 36.3976,-82.1363,60.2835,169.482,-12.9162,-14.5763,63.4589,-101.542,-3.90035,100.246,-27.9872,72.3911,-135.23,51.7513,38.762,119.698,34.0637,13.4679,-53.8111,42.7134,-43.4926,40.1955,5.04851,114.72,59.3327,41.0264,
		node -43.1361,-10.6996,39.8984,-34.0662,7.21756,128.37,83.5842,-36.4761,36.7286,47.2967,-75.5441,-8.34392,-133.133,-163.131,-90.9206,32.7632,51.7664,-51.0785,-50.279,22.7358,148.272,18.1769,36.3516,33.3365,9.72198,-39.0802,
		node -73.368,-74.4569,-87.4216,-48.8135,-73.46,86.4376,-45.0607,27.549,42.3842,34.0515,97.2759,83.249,150.654,-12.8166,52.482,55.1313,110.903,98.8878,127.402,-66.4729,15.7629,-4.71208,-39.392,46.7506,-54.3937,11.5493,
		node -43.9824,19.4346,-2.1065,19.5498,70.1244,-58.111,-50.8108,92.5822,97.0049,83.5951,-0.0207867,7.51985,27.4608,-5.29357,41.9357,-94.1747,-81.5616,-33.3564,-12.325,-124.571,34.9029,58.9815,29.3428,-31.1855,66.5599,-115.879,
		node 95.3279,21.7328,158.94,12.8516,-71.1919,-116.588,78.2426,21.0419,36.967,-35.6634,21.0415,14.7145,-0.417206,76.5957,-52.8125,18.559,-94.5825,7.83678,5.07867,-21.381,-6.98535,-75.531,-48.0255,125.426,117.203,-63.3053,
		node -46.5345,23.9768,-39.9736,-24.3273,-6.40984,16.1322,78.0997,33.399,-26.5531,-82.5545,5.96236,-39.8483,-54.8294,59.7248,-112.011,66.3755,-105.364,24.7286,-79.6923,-75.0166,-8.10007,139.211,146.264,-6.39581,136.54,-76.9623,
		node -140.831,-4.84684,35.2069,30.7044,35.111,72.1831,-35.1332,121.664,-5.08959,2.20521,-31.4218,-7.11327,-54.5305,20.2498,108.5,-52.3031,49.2719,80.3204,10.1181,-64.6307,23.1038,-35.1304,43.5904,-5.20925,65.9052,26.6458,
		node 67.0417,-63.5326,-0.87439,-26.4971,71.1598,-65.7939,-61.3492,140.035,-36.2654,63.8482,-74.5428,-34.1763,-91.4153,21.3173,-76.2103,-59.5851,44.9318,16.5681,-2.32215,78.1155,60.8661,-62.2637,25.4012,-36.1644,89.5367,37.5862,
		node 12.6159,92.4909,24.0313,-97.008,54.3417,-24.4349,18.4676,-19.3924,33.978,79.1865,197.952,-35.5959,-20.4664,34.6677,20.7099,-63.6769,67.8334,-43.8285,-29.1751,108.937,7.29729,116.283,111.053,65.2617,-37.7946,-65.7974,
		node 120.872,-150.1,27.9669,33.9121,81.4033,-52.0585,-73.8981,46.0513,33.5697,-4.35998,-16.7642,50.4173,-24.5108,42.5177,30.3497,-19.2035,-14.9884,-24.971,35.0593,50.2445,12.1703,-99.8466,132.269,-14.7028,-68.8982,9.1909,
		node -59.2713,48.4983,29.9074,-8.59589,-115.393,-51.0029,-63.8057,48.3884,-0.642558,-59.819,108.044,-17.5719,-98.3371,87.4346,-45.7665,9.36536,22.2333,-72.5681,42.5433,15.6706,-58.9998,-2.84475,109.773,29.3266,55.8945,-56.8953,
	layer
		node -78.2424,115.073,129.31,-72.312,43.8777,-55.2242,-60.2053,169.658,29.6042,22.2279,82.0962,68.2505,-96.7156,-63.8755,-4.94894,12.1725,-8.76705,64.7946,-7.98539,-56.7957,-0.853295,10.2561,-3.50853,-72.2213,191.734,-26.7716,
		node -11.2671,-124.76,-117.499,147.576,-67.1596,0.379325,74.2922,114.237,40.6551,85.5352,-36.6446,-16.4388,87.6781,53.6856,-24.1048,44.3567,-49.1071,-124.848,-8.81678,-99.0583,-97.8483,-100.21,66.3076,-94.2188,-56.0369,-144.234,
		node 53.8486,-43.5334,170.163,48.6319,-43.9217,-43.4172,-49.2769,-32.738,139.275,-16.9357,117.341,29.5875,61.4461,33.295,39.5106,36.0404,95.1781,-31.9799,-1.77788,-71.3257,24.4576,3.113,-47.4208,-147.705,8.65259,3.45942,
		node 24.3084,-53.2207,21.9161,-47.4215,-1.39078,8.59976,-39.2932,-10.1413,56.0248,89.7156,17.3863,-81.0677,-26.1618,-130.384,29.2498,-109.99,20.8379,-2.13863,-21.645,70.251,129.141,94.5444,-7.63692,14.2363,32.2269,-38.4064,
		node -29.9493,-87.1155,-77.722,-19.4786,-19.8138,-25.0708,45.9512,53.9182,-106.795,33.7222,60.9429,-16.2179,-128.331,-91.6757,61.9792,-68.8502,56.3046,74.3177,-31.0002,-83.916,-78.8009,-70.0956,39.4046,47.9156,-25.2554,52.3918,
	layer
		node -143.558,14.0107,71.5188,6.25624,110.234,-35.3569,
endPlayer
