// Player39
stat 7
	layer
		node -42.1063,123.39,-77.4043,93.5625,-101.299,42.2134,-4.41589,27.8597,8.69454,-158.997,-9.88471,-109.726,44.421,-88.2052,-20.025,-46.9468,-77.6321,19.8993,-39.3593,-25.7895,88.2314,-14.8373,-2.26866,-65.8552,48.7775,61.6637,
		node 13.069,-66.6159,26.6442,-34.6337,14.3104,154.412,-65.6617,26.2164,-8.1906,-4.81549,-32.8585,-11.7393,-16.0955,46.4409,-2.96247,93.2245,-6.00833,2.67454,29.7654,-6.00498,-26.9309,-31.3721,-100.324,-116.96,-7.18368,17.9989,
		node -90.5069,-23.0409,145.851,-17.072,18.0797,-174.592,66.2252,-110.02,77.5736,-121.06,-0.375053,110.311,35.2853,85.2767,19.3827,38.5952,-64.1605,-94.8343,-15.5109,0.810367,14.6164,-35.9909,64.832,44.2272,-104.732,-174.645,
		node -14.3571,148.824,66.5032,-14.3206,-53.2238,74.4037,137.999,-51.9626,-70.1365,132.991,89.4871,34.0555,-64.629,-12.1792,68.6486,133.662,31.2039,-2.14396,-162.135,-23.873,132.925,-48.4283,63.5409,32.8182,-23.7248,-51.3788,
		node 122.334,103.123,99.4465,-9.54763,-82.1952,-43.891,74.6706,-124.83,-35.513,-10.1337,-12.355,-12.8409,8.83634,-8.65416,73.6343,-40.0578,-42.9733,10.4055,10.7336,-167.991,28.5734,19.2461,-58.1192,-30.1922,98.6314,-81.4944,
		node 108.183,47.4338,-97.7146,-1.74876,-20.9118,93.2538,93.2718,-23.064,49.0672,61.6907,178.406,4.24423,92.2763,-165.267,-41.512,-107.549,2.55382,-20.0656,108.382,-26.4695,55.9608,100.11,-16.3653,18.73,-5.62701,-30.6719,
		node -60.3973,42.3793,27.5156,85.6845,-119.449,11.5322,-20.5964,-75.7693,82.6559,-14.6463,-16.0209,80.8079,-0.0799655,35.6286,-58.4912,39.1033,8.96989,-20.7674,97.8503,-58.4077,-46.1887,-94.681,-167.093,48.1987,3.56227,-11.9235,
		node 102.797,75.5076,114.227,37.712,-82.7058,12.4528,75.474,-37.3585,11.0299,16.5898,-112.626,124.739,-64.4338,46.4926,117.055,-1.39276,91.0619,-16.2646,50.0075,-52.5937,-52.0112,-54.6549,-38.5513,-105.43,58.7111,38.8645,
		node -16.5957,6.32211,-72.4436,-34.8488,-133.591,-114.041,-38.9547,60.0087,113.368,-0.951642,-50.4786,-48.1987,155.823,-113.09,-27.5864,-87.0417,153.603,-19.6163,74.4842,81.1012,29.9595,-47.5176,129.146,39.442,161.321,62.1933,
		node 56.0136,95.4782,-25.0444,19.8183,-47.9484,-213.182,110.109,114.383,-46.8182,-96.4006,44.9225,14.9245,125.398,-29.3971,17.7879,-74.5024,-63.459,42.2162,102.065,6.8125,49.3347,139.431,-121.605,36.5519,60.9915,6.43268,
		node 7.53636,15.3056,46.6706,20.9054,79.4709,23.8221,80.3676,0.969106,28.3461,-61.9379,-9.31349,-36.9884,46.0612,-27.908,-22.0436,-17.2627,-63.6906,-136.071,2.97098,75.6055,56.9239,-17.0251,-0.239373,-71.7355,-43.2445,-75.312,
		node -27.0385,150.115,18.3846,-80.5988,-57.2751,31.1276,-6.49191,73.6613,-35.3565,-80.9653,24.8206,46.8128,-7.38154,-14.1649,-18.9528,-55.4999,-14.6986,109.495,-153.896,-27.8709,-29.381,58.9823,-54.6868,170.237,-78.1745,47.9175,
		node 72.4012,-0.371602,78.1295,99.8198,-21.7137,-95.0928,55.7386,20.9079,-6.8246,67.9226,7.54365,-152.477,53.6524,83.5497,0.304287,-117.853,45.2146,42.2808,-36.9082,-21.1389,72.0853,26.1422,37.2105,19.2057,-105.645,-23.6329,
		node -36.3319,163.038,-104.763,51.501,-153.572,10.9852,-13.9931,-10.362,-47.4251,-39.8916,-49.9169,-66.5079,94.0137,11.3291,-59.3925,74.2486,-50.9681,0.115477,-62.0145,0.789451,152.812,29.4966,-61.0492,168.563,114.367,-45.2274,
		node 64.4527,-79.9992,42.311,-82.3133,-17.445,-2.50426,71.3432,-108.919,-19.8846,88.606,-27.452,66.6904,-117.821,48.8588,43.5472,116.589,14.9712,-90.1148,-57.9949,119.704,-35.584,30.9349,-16.0105,104.841,51.7395,-124.505,
		node -30.903,-0.0193262,69.5013,-32.5088,-7.28575,130.212,29.8759,-34.2659,38.2734,40.8341,-75.377,44.0879,-113.809,-161.776,-45.6677,24.5639,39.1531,-51.4482,-50.8326,12.2536,146.265,16.9979,-73.8641,27.4634,-168.805,-57.7534,
		node -82.8384,-79.4325,-109.563,-31.6746,-81.5522,88.2896,-41.8121,3.38871,113.534,109.689,113.031,41.9885,157.548,101.673,34.9037,57.0192,111.203,45.4737,31.8482,-94.4773,19.546,-39.2215,-13.7192,6.11386,-35.7814,13.6101,
		node -43.9162,23.3503,15.5673,20.0167,56.3012,41.9091,-102.409,93.6578,101.224,-47.505,-14.9282,9.99317,31.5884,-1.56037,80.6617,-58.482,-90.4834,-143.653,-67.2696,-112.773,33.715,57.3129,18.6387,3.06729,49.715,-122.442,
		node 114.041,-8.40116,12.8645,10.0009,-77.4513,-110.326,75.2898,14.7745,48.2334,11.0209,-9.83663,6.71676,-6.03293,52.7845,-47.3365,21.7235,-65.3797,14.7289,3.0729,-30.3794,164.047,-84.9981,-73.1634,121.69,117.58,-62.1151,
		node 54.3422,-44.1466,-44.2411,-104.443,-10.7574,33.1907,-129.994,54.159,-49.7915,-99.1532,107.109,-32.5306,-89.0124,-29.8437,-112.985,53.7625,-97.7707,8.90532,-103.615,-84.6304,-9.53772,123.03,146.158,0.0156842,141.775,-80.2103,
		node -126.436,-43.1914,17.3996,-132.109,13.9443,-80.1198,-45.1879,135.916,-25.45,-110.599,-123.256,-6.69817,-74.1668,135.348,-4.42678,-77.7376,-2.70161,81.1043,32.3511,-98.1608,18.0337,15.2069,54.7974,-12.9591,58.0666,52.2402,
		node 68.2179,-69.2683,31.3695,-31.9593,-14.299,-20.7403,-82.8133,-151.573,-46.0325,92.0112,-80.094,-48.4752,-51.3534,65.9873,-93.1413,-63.8308,-48.5439,8.19322,4.1687,79.2118,76.0071,-125.349,43.2019,-69.2308,91.9848,40.17,
		node -20.0978,73.6206,23.7093,58.0035,55.9983,-10.2421,15.0828,-23.0777,30.0065,-110.892,201.813,-38.0323,-47.2674,8.75169,26.3933,-56.5956,31.4565,-9.49447,54.2288,147.821,34.2237,108.898,-99.0303,-0.34565,-43.8154,-72.8268,
		node 118.271,-154.436,36.8175,24.9794,103.413,5.49345,-82.7764,47.9098,106.688,2.81633,16.3166,38.9967,-20.1369,53.2674,29.7746,-24.0913,-9.71348,-77.083,42.7726,-33.3291,45.1645,11.186,-51.2324,-2.07023,-55.7889,7.29791,
		node -2.95581,27.7663,28.9747,157.725,-109.507,-46.755,-20.9485,98.2649,-13.8398,-60.6607,111.849,-23.8499,-74.6747,5.8879,22.234,4.53817,23.2386,-206.354,21.3048,27.3289,-49.513,-130.48,132.463,27.0747,76.7271,-48.3905,
	layer
		node -132.553,123.12,135.375,49.3953,41.4137,72.7741,24.3454,16.301,12.859,1.74693,9.18278,70.7099,44.0561,-93.4838,-84.2747,13.6908,-0.829993,-28.8464,4.32444,-36.3357,-0.686366,22.8532,5.49871,-66.1584,182,-88.3935,
		node 25.9876,30.2432,-115.499,-9.73204,-70.833,13.5293,75.9272,15.4309,27.9706,-99.3873,78.278,83.6871,40.2805,54.3493,59.2415,-7.46367,-67.1552,31.9912,-28.0445,-111.423,-5.5078,-99.5363,31.5707,36.4281,-113.866,41.9962,
		node -11.3083,-93.5751,189.025,140.763,-44.2136,2.4777,-55.7677,121.141,124.677,78.5549,37.535,67.6112,-33.0587,77.026,-46.6607,24.2817,27.0354,-46.106,144.885,-74.6638,34.9016,15.3665,-146.162,-77.0767,6.44192,-22.5448,
		node 56.4718,-66.4188,17.8726,105.571,26.7399,-0.925351,20.3524,-3.12561,27.2744,-17.155,16.2506,-85.2446,72.7539,34.9822,86.4017,0.981601,38.8276,-1.93254,-12.6614,57.0639,2.00461,95.8575,-24.3075,62.019,20.7932,-61.5762,
		node 86.4717,-22.6776,68.5386,-16.714,77.1732,9.34508,-86.3727,-4.08675,-102.789,47.9749,-73.7937,-18.8172,-120.579,-47.6334,46.9892,0.554799,60.2417,45.8247,-40.963,-89.7832,-57.5428,82.9098,-233.411,33.6922,9.30367,52.0561,
	layer
		node -158.764,48.1247,-45.1086,-19.4929,-40.8389,-19.4174,
endPlayer
