// Player50
stat 6
	layer
		node -2.83872,127.32,-83.8174,100.434,-102.339,44.9051,7.4609,28.3428,26.2624,-166.381,5.54031,16.6259,60.5718,-85.5055,2.52923,-34.0712,-77.3057,26.1641,2.43672,-24.2615,74.1097,-7.08856,-2.02569,-83.2058,-58.2726,-114.478,
		node -71.104,-44.4235,69.3512,-38.7519,22.0004,126.133,-66.4099,6.37475,11.5924,-3.53517,-31.8868,-11.3939,-231.612,37.8611,-2.74455,103.834,9.04494,61.1718,41.7376,12.2289,-57.6719,-69.3039,-102.828,-114.52,-7.20044,-108.682,
		node -72.2275,60.6048,143.834,-25.5844,89.0418,-168.263,-53.781,-91.4494,85.0472,-101.793,7.75656,70.7162,37.0206,81.3237,18.0958,42.4803,-67.2861,-97.5569,-31.7737,24.5492,2.24822,-220.961,67.6063,62.1726,-50.9886,-145.393,
		node -10.4494,150.724,57.8446,-8.3508,2.48167,-8.92236,139.87,-28.8602,-73.5893,156.07,65.3695,32.2813,-45.5289,20.1859,81.6098,-104.144,-24.9632,149.707,-191.557,-27.3497,127.623,-49.3027,54.3863,35.2965,-22.0785,-56.1792,
		node 79.404,72.5898,4.38239,-18.2673,-81.0286,-45.4511,43.5827,-120.553,-43.9421,-62.2113,-25.2062,-14.3694,94.5905,3.19991,89.3299,-108.731,-47.4569,52.7474,-12.6902,-160.244,23.6238,2.91472,32.8772,-24.0623,-95.1799,-76.4778,
		node 109.9,47.5354,-103.191,-0.33951,-20.8684,98.7176,90.4027,-35.529,41.7717,63.1034,211.424,7.53513,82.1665,48.4746,-82.2876,59.4077,-74.0858,-29.5709,116.467,-55.1597,-23.2308,-43.0419,-14.9642,-18.6495,-3.22771,64.4169,
		node -55.2626,49.5807,23.3693,26.0877,86.4247,2.32763,-12.4642,67.4979,-184.846,-14.7882,96.4358,87.0601,-15.6624,131.994,-38.7817,-1.15162,-12.3364,-19.1249,102.72,-86.3983,-19.6631,-82.2613,-163.467,43.0287,3.5897,5.39506,
		node 96.4508,69.7897,109.56,53.2406,-55.1341,1.96222,62.8743,44.2855,4.93482,23.6504,-95.7319,126.575,-60.0696,46.5138,117.052,-20.1735,34.1931,-10.2756,53.0898,166.106,31.1393,-51.7023,-60.9873,-104.979,-18.845,18.4421,
		node 3.31007,7.19039,-78.2817,-35.5796,-61.6247,-104.589,-39.0195,51.4144,101.698,9.53748,-51.5883,-46.1881,168.315,-123.828,-17.0357,-70.436,-6.39609,58.9632,66.4989,75.2203,34.5618,-34.4299,-28.0252,31.8825,151.248,21.3106,
		node 114.712,111.371,-41.7939,20.7443,-45.6839,-223.377,-24.3814,117.048,9.63715,50.9957,43.3175,-2.19488,135.611,-32.1646,-61.7576,-35.2776,-54.5595,47.7882,93.7758,-3.89681,-97.1165,137.5,-110.761,7.82003,66.3798,25.6159,
		node 2.16011,5.05769,42.267,14.2018,67.5304,12.6137,22.367,6.11742,29.1607,-56.6314,-6.22551,-32.0846,55.0787,-26.1054,-11.1082,18.3764,-76.2783,-136.586,-12.7371,-1.39868,40.3116,-29.3288,-54.6766,-58.567,-49.4203,-73.1413,
		node -33.4535,130.736,25.9755,-78.2044,-39.1903,59.4877,-33.3697,60.375,-64.7438,-101.79,20.8766,46.9003,-14.7098,-23.3642,67.0469,95.1576,-12.8042,203.317,-151.623,-25.6876,-77.6268,65.0759,-54.089,165.43,-72.2474,55.2408,
		node 77.4612,64.8575,89.2937,93.3259,25.8197,-88.3228,51.5405,14.21,-10.0683,16.3992,1.58145,158.371,55.1537,102.15,-111.412,-113.04,46.998,41.6921,-4.80625,-17.0514,75.2758,-19.7694,15.9472,54.3964,44.0908,-37.127,
		node -28.749,161.129,-104.437,27.8102,-145.752,-1.29595,-3.74197,-100.75,-57.901,-36.0786,-49.5087,-78.9212,95.3436,9.82505,-59.7627,96.0391,-51.8868,5.19554,-68.2396,14.1481,-10.0356,-83.4211,-62.0728,-55.605,114.816,-78.6333,
		node 48.5199,-72.4297,38.023,-62.6596,-12.1756,-13.9947,79.1363,-113.382,-13.0983,94.7392,-24.9899,76.126,-108.04,41.4101,31.9369,28.4731,35.9729,-88.3858,-26.8142,111.049,-16.0249,-33.268,-12.9534,107.307,64.4381,3.29339,
		node -22.4608,14.1308,45.0456,-28.0826,15.5298,120.161,100.128,-38.714,38.714,36.5658,17.09,-20.5057,-129.215,-159.686,-75.2573,35.6821,38.1209,-72.8088,63.6513,11.7733,145.755,20.314,-1.70445,36.7442,-165.43,-48.1068,
		node -69.7857,-81.1012,-82.1797,-53.8538,-85.1534,29.2493,-56.5047,26.226,109.352,26.7048,-71.4975,76.9393,137.029,-7.79174,44.6592,60.3153,125.394,80.3778,127.531,-77.0461,27.8785,-7.31422,-56.2467,-38.8395,-52.3073,15.8566,
		node 12.977,32.6497,31.4887,24.7234,68.6708,-59.264,-59.1511,95.1628,107.464,80.7647,39.2999,38.5464,27.1663,-0.151357,51.0563,-69.3078,115.428,-28.9989,-12.4776,-113.202,-32.9349,50.6512,32.324,7.57814,64.9521,-119.855,
		node 95.8196,8.04994,134.574,13.805,-78.505,-100.104,-54.5231,22.6221,55.827,-17.1291,29.8844,-33.5817,-9.04387,71.2497,-48.7529,13.7213,-100.055,-15.0099,-13.1927,-23.0294,-2.08136,-78.1926,-44.2565,131.353,134.941,-66.9501,
		node -7.73371,-40.6827,-43.4599,55.1344,-6.96552,35.9618,66.9818,31.5044,-19.3904,-97.9219,13.5089,-57.5362,-58.331,73.478,-123.633,61.4355,-49.1459,-5.71417,-82.9059,-69.2612,-6.01792,96.3865,139.745,1.33709,151.637,18.6613,
		node -30.6287,-16.444,38.3224,-44.8628,11.3745,-85.407,-42.7305,-18.1166,-21.787,-104.828,-95.3275,-16.9413,-97.5654,23.8721,-2.37528,-77.7238,-5.75296,75.9305,36.889,-70.0996,13.2077,13.5024,51.272,-11.861,64.6071,13.977,
		node 62.1676,-69.3005,-1.85878,-44.9455,-13.6406,-33.0517,-73.9772,-140.162,-37.6279,90.6587,-59.2127,-47.9939,-54.8698,67.9186,-72.1165,-63.1598,-26.7307,-15.1301,-0.759562,80.7657,74.111,-138.855,42.126,-37.5294,73.2799,32.0942,
		node 3.06384,94.4218,26.1485,48.5452,39.7388,-30.8729,7.96532,-19.8164,43.5188,-133.535,187.933,-30.0659,-24.6422,-39.7887,28.7456,-57.3128,26.6052,-12.731,-17.0311,153.92,33.7825,108.581,-100.504,-58.4007,-91.6311,-65.8366,
		node 105.126,-137.345,38.274,19.4544,97.7445,-44.0616,-66.5556,58.9419,111.242,-3.41725,-22.3263,41.2722,-18.6569,44.0895,32.0706,-22.4059,-9.97407,-76.349,38.5371,61.6632,16.6691,26.2651,118.683,-32.5253,-54.5249,5.83602,
		node 2.26573,27.5191,-50.7349,151.723,-107.657,-44.6506,-55.2603,37.6252,-6.99859,65.433,105.52,-13.815,-113.306,0.844,0.371268,-24.8056,-64.3376,-88.1332,30.0458,35.2548,-53.6962,-7.44625,130.128,38.3985,-43.7802,-58.5975,
	layer
		node 2.07712,4.84665,-153.126,-75.409,41.9502,74.8768,-57.4261,169.465,22.1807,16.1503,21.5078,60.858,0.692843,74.0149,-74.9429,5.5987,-6.34529,41.1295,48.5375,-13.0748,-4.67525,-82.6384,14.9606,-44.211,79.3961,-112.49,
		node 23.8376,-67.9057,-120.495,-0.92636,-85.1529,-3.11077,107.227,5.08017,25.1599,-90.5665,73.7536,87.4444,-60.3965,58.7494,-37.3368,47.8969,-49.1601,64.7726,-44.7314,-87.8927,-96.4794,-103.719,-27.9319,23.0005,-92.5452,-5.00516,
		node 40.6431,-37.0169,45.7794,141.847,-37.9636,-45.1527,-45.6569,-22.7881,127.64,124.394,73.466,64.6335,6.18912,-118.033,-62.333,13.449,10.496,-47.0784,-79.5628,-67.6067,30.7087,61.3696,-73.7795,-148.297,1.42851,2.85077,
		node 63.7638,3.48127,162.601,104.878,-51.7302,5.44637,-22.5154,-10.8901,48.875,-21.1893,18.3865,15.2406,-34.8604,-138.483,49.6979,13.5451,20.3076,-0.0613688,-16.4105,-65.5042,-1.41444,-134.939,-3.88565,6.27374,-140.175,-69.7173,
		node 75.7113,-84.825,-67.9428,-45.9353,86.6261,5.17284,50.3118,-3.15552,-98.7271,102.284,56.1569,92.3147,-28.5479,-88.8049,49.4721,19.6842,56.3453,133.994,-32.3694,-88.4689,-25.9286,-86.6291,36.1299,33.3094,107.942,61.8453,
	layer
		node 13.9167,-46.916,70.5517,50.2835,-42.1163,-18.8221,
endPlayer
