// Player38
stat 4
	layer
		node 72.3775,-28.9787,-13.5865,-20.1499,15.6844,-193.674,5.43894,-142.433,-186.061,-193.877,20.3963,-136.891,28.0089,116.657,11.9073,-119.112,29.1964,95.3838,-59.3266,29.3425,-24.5851,-3.9657,-148.014,-71.8382,-135.256,6.97988,
		node -104.583,-14.8462,-146.932,16.3746,-159.531,-36.4041,-136.176,-76.555,9.94833,39.0255,24.0289,29.4865,37.8275,-137.604,27.1748,93.3727,-120.231,-16.3709,3.43363,16.381,106.852,20.7697,-138.636,62.9148,51.747,90.8531,
		node -155.874,7.12237,-9.95321,-47.6424,-11.5381,3.3658,-35.7734,21.1553,-160.59,37.8626,-138.489,-35.2112,15.4962,6.34971,1.41217,37.2133,-10.1501,-3.39358,-224.442,-174.632,-18.3513,86.9218,15.9649,21.0506,17.3388,3.12329,
		node 66.6469,38.0529,30.2585,-181.091,-56.6939,-143.747,-62.3614,73.7769,-9.6847,-129.251,-3.84876,-184.808,53.372,-88.3122,52.7087,50.3647,20.5827,-82.626,48.6481,-36.2072,-202.342,41.0651,-46.0965,-1.89175,-128.139,-55.9645,
		node 10.8316,-0.785863,-183.986,-159.691,-82.7721,-0.847351,-173.858,44.7055,12.0296,-133.2,-132.732,-154.575,-103.593,-31.0636,-40.7049,-180.308,12.2126,45.6472,-192.483,44.0924,-50.0255,-7.49194,18.883,8.80221,-47.7544,-194.145,
	layer
		node -2.53402,-16.4677,-114.535,-4.71283,-190.89,-149.46,
endPlayer
