// Player28
stat 7
	layer
		node -122.987,-22.7672,-137.18,-18.5194,15.6007,-132.047,-181.984,-56.6015,-185.118,-193.391,-154.522,104.157,-40.877,115.041,10.4734,14.8096,116.039,98.6722,-159.77,29.2414,103.178,69.2952,-150.022,-81.5098,-45.6535,4.30755,
		node -36.7991,-13.3653,-132.336,-31.4689,-160.962,77.98,77.3528,86.0316,8.93334,36.4547,46.1893,31.1973,-1.13511,19.6908,-151.751,-163.333,3.41024,-26.3097,-6.28548,20.6335,120.432,25.0008,-110.268,86.5587,50.431,30.0503,
		node -152.89,-69.6604,-10.6634,-28.6118,-22.9779,3.24327,-40.0623,-170.325,-159.214,39.2965,-191.921,-31.1845,25.4468,9.23565,2.70753,37.2705,43.4779,-3.50973,-205.964,57.7622,17.0781,-81.8767,-143.399,33.8307,30.0877,20.8071,
		node 65.3325,33.0542,-14.4001,-13.2338,-54.9793,-173.761,10.1115,73.9494,-12.9526,-128.661,-7.66887,-20.264,53.3435,52.8547,19.5059,-8.44986,45.4129,-72.1712,-5.3305,5.55729,108.028,38.5633,-43.9604,-3.91079,-128.379,-72.6651,
		node -1.92042,-8.8505,-10.5839,67.5868,-29.6763,-4.4202,-86.0921,11.3066,18.0149,-132.653,-130.596,-150.817,34.3649,50.0452,-13.6025,-151.114,18.355,29.6149,0.490837,47.9887,-49.1765,-4.97389,16.6443,27.1214,-59.9081,-195.513,
	layer
		node -165.008,41.3347,-26.1319,20.3687,-187.096,25.6053,
endPlayer
