// Player56
stat 4
	layer
		node 72.931,-21.7958,-141.381,36.6167,-11.7573,-192.815,62.7216,14.9348,-189.131,-190.229,-163.543,101.823,-40.3355,118.042,32.7693,69.2035,33.7095,0.449885,-187.186,-176.879,-21.5641,-19.3032,17.6963,-70.0241,-67.4509,20.1052,
		node -114.06,-16.0221,36.8192,-186.244,-4.69746,83.9127,-13.644,-69.4617,14.2624,-47.6562,46.2589,6.07678,37.0771,23.1833,-70.1726,-153.581,-117.636,-45.9315,-96.7597,33.6768,128.375,-144.104,-137.383,72.551,56.582,9.07667,
		node -136.475,-7.92403,-41.6987,-3.59357,-47.9723,91.904,-37.502,-9.69956,-12.2274,-10.3584,17.5394,-102.849,99.2468,-121.736,-54.8767,-70.3469,32.026,-2.53443,-202.819,66.3561,-204.931,58.3241,-151.787,22.0847,18.3529,20.2637,
		node 18.7959,34.7831,32.6358,78.9435,-143.611,-4.84276,5.64488,-125.445,-52.5312,-1.96667,-160.755,15.6936,49.0544,42.0369,39.7984,-31.9228,40.5421,7.04127,-9.68872,9.49953,-88.5899,-10.3267,-49.0454,1.05101,-148.802,-56.0511,
		node 12.0011,10.2982,-21.6944,118.016,-8.80348,-1.55458,-171.05,3.127,90.9069,-18.2738,-164.363,13.602,28.7004,-31.1215,53.0802,10.7159,6.97647,16.0759,3.1454,-6.4969,102.741,-12.605,14.6499,27.7312,-131.09,-192.635,
	layer
		node 61.3396,-25.6322,-185.907,-162.109,-160.133,19.0396,
endPlayer
