// Player1
stat 2
	layer
		node 133.037,128.151,182.749,-94.0182,-108.113,120.796,181.991,151.934,100.016,149.672,104.122,-130.815,-110.886,-54.0112,-46.5298,271.539,182.662,177.934,-122.206,-106.004,-48.5332,-124.628,271.607,93.7237,-75.2719,137.667,
		node 123.651,-40.883,-67.6433,192.179,114.818,143.152,93.7344,-131.63,133.759,133.132,131.321,106.897,181.599,-135.394,-84.3066,232.491,184.561,-70.418,182.416,127.889,-193.6,-53.1956,-109.537,151.159,210.023,185.382,
		node 210.237,-68.8245,-90.2886,-56.9099,-76.0071,-93.8258,132.129,-72.1241,167.455,-69.1727,206.97,172.786,-64.0675,-125.717,82.227,99.4393,155.467,189.446,-100.814,-117.101,-77.3276,197.496,174.711,143.882,-100.967,-97.1636,
		node 160.655,-130.261,119.289,163.29,198.738,-130.619,120.435,114.253,118.805,-118.593,73.3188,171.44,105.672,98.2381,146.797,151.573,168.784,41.7827,191.503,-85.1134,-96.1161,106.418,175.146,176.826,78.3421,210.076,
		node 161.691,-61.5693,124.747,81.8422,-141.24,-108.023,129.446,144.712,110.644,-78.3244,54.0213,-65.7592,116.959,-122.814,14.4777,191.277,123.318,150.35,190.371,-73.8754,-87.4897,-92.4816,198.584,141.908,122.391,-85.3137,
	layer
		node 155.959,141.328,141.165,-78.4493,134.244,180.796,
endPlayer
