// Player41
stat 6
	layer
		node 224.666,140.63,265.45,226.304,96.461,113.268,173.006,164.721,135.526,34.2671,65.4524,-125.526,198.24,-60.9447,-57.265,274.54,159.661,177.829,-120.403,-129.37,141.227,145.963,271.507,116.454,106.426,-77.1519,
		node 104.348,-44.8766,176.859,93.0116,132.833,119.365,118.573,-134.214,176.032,67.2631,135.716,128.941,199.554,-136.879,-81.5282,154.03,91.2163,-70.2223,-106.731,142.311,136.415,188.837,-90.5959,165.298,135.855,180.311,
		node 144.855,-86.1067,159.312,137.791,-76.2781,264.01,101.36,-67.3918,133.797,155.297,-57.4621,175.787,197.14,120.888,84.6282,120.004,170.37,200.015,130.882,127.494,-108.787,122.018,135.716,113.588,107.997,-73.5579,
		node 166.853,-128.997,152.5,158.377,-136.707,-64.2832,229.359,115.626,129.407,119.856,160.059,172.588,203.948,125.191,143.145,-56.6587,156.672,136.471,179.557,120.785,90.842,102.073,167.678,184.5,39.0165,-112.849,
		node 151.728,-72.3133,107.054,75.3381,-141.384,131.161,129.472,118.201,293.101,-109.134,-70.0262,-100.797,110.014,-117.542,19.0846,131.317,141.522,105.337,194.385,-84.6369,-92.9186,-46.5613,133.402,191.582,106.555,109.041,
	layer
		node 157.667,-91.9262,-125.18,126.639,127.602,149.614,
endPlayer
