// Player20
stat 8
	layer
		node 212.423,122.043,137.635,230.2,181.949,118.844,135.973,156.207,-32.3392,78.314,163.465,196.651,-112.519,-61.424,138.906,282.116,141.586,137.478,-118.869,-108.827,-183.092,144.934,279.464,101.1,-66.2748,154.51,
		node 108.674,40.8554,175.795,146.489,116.045,140.284,157.412,-127.36,175.674,139.179,142.278,107.068,-112.074,-130.317,-90.2049,-138.77,188.307,27.26,-100.529,141.869,-191.248,177.111,84.8039,207.451,-99.0405,183.942,
		node 126.799,-77.5329,163.951,140.588,136.065,259.416,212.001,-105.759,-74.0998,-86.5287,128.021,158.905,198.666,149.534,127.859,113.191,141.291,193.612,-99.9378,130.082,-108.675,126.604,172.09,190.037,-100.321,-167.906,
		node 165.791,-128.472,136.006,164.994,-107.458,100.68,117.193,172.47,120.811,174.03,80.578,164.109,175.354,95.816,145.807,193.137,-90.6907,121.919,-184.713,122.536,88.5675,104.206,169.96,-184.753,32.1565,147.665,
		node -85.5761,-69.5225,-111.88,140.841,118.084,-104.406,118.052,118.741,291.346,-78.902,49.7791,-94.2084,122.228,-113.562,20.3943,192.423,126.219,149.729,-129.188,-68.0406,-32.5836,-94.1892,106.874,208.903,-53.4652,-86.6628,
	layer
		node 163.802,99.6686,110.354,196.941,129.198,152.035,
endPlayer
