// Player15
stat 4
	layer
		node 136.137,153.175,137.5,-92.5201,-87.1295,94.067,180.382,158.372,100.471,-104.551,104.894,-128.497,288.651,113.831,-54.3637,129.009,158.746,180.017,97.0799,129.704,-182.715,145.504,264.452,-92.4324,111.869,-78.6891,
		node 103.661,38.1008,138.098,145.691,139.895,120.136,122.933,88.957,-59.6516,96.7277,150.061,103.592,-121.888,136.723,-86.9139,150.655,206.261,-80.5051,209.156,154.34,-194.257,182.654,84.0067,124.615,-103.461,66.3314,
		node -76.3926,167.688,95.2379,148.472,199.44,125.83,150.525,140.986,123.622,204.245,119.414,172.337,-53.8547,-128.736,85.1742,118.435,167.382,-69.6437,134.647,128.09,-93.6977,171.227,164.026,161.486,21.3676,175.288,
		node 159.012,-130.041,143.72,162.467,-134.769,-136.843,-96.867,107.827,127.255,180.27,-98.883,-76.6145,141.162,134.299,142.294,197.129,128.466,138.878,-127.472,-120.838,123.168,278.323,198.896,185.668,38.2889,150.824,
		node 127.354,-72.9111,172.807,76.5037,183.999,133.21,111.762,145.708,158.42,-75.9793,201.406,-89.3883,122.015,-128.535,-72.9207,130.906,118.664,127.722,192.453,-77.1833,-90.9933,-95.8307,134.118,100.796,104.677,121.82,
	layer
		node 66.765,275.622,-86.3963,193.305,-37.9201,198.38,
endPlayer
