// Player58
stat 9
	layer
		node 45.1312,-101.337,44.4811,59.8571,-11.7921,-87.7325,-80.7858,-49.8855,10.3457,-10.9325,-79.6362,5.9169,47.3852,-48.4629,76.4416,58.73,-69.3556,-114.991,-28.4728,-5.83362,-24.3865,58.8388,42.423,28.8442,17.7104,35.8461,
		node 55.0508,7.04819,60.9765,7.07856,-277.625,27.5834,-25.7079,-1.11598,-28.0618,-7.03075,61.6942,5.57353,18.6718,27.9943,-64.3338,28.1634,-53.169,-36.2103,69.705,-41.4174,-107.421,33.4554,-67.7854,-98.3305,-29.4181,-85.167,
		node -15.3927,-233.147,50.4013,116.004,82.3617,64.0357,-54.3055,-13.9143,-52.2593,2.15221,45.5911,38.4256,45.4467,7.9474,3.03949,29.211,25.7583,-57.4644,36.5487,-73.5321,65.371,-84.9128,-22.2202,-68.6261,73.178,24.5364,
		node 72.3437,-44.7496,60.2851,-68.2472,-120.307,17.7096,57.6921,36.8758,48.6813,-40.0424,-32.0834,-45.574,39.9817,16.7228,7.07107,50.6759,-123.998,-111.426,50.417,-11.1701,10.6756,52.2893,-122.694,-120.162,-50.9061,80.0091,
		node 68.8483,-16.4981,30.4024,22.0527,20.1013,-23.798,-136.177,37.0196,59.0294,5.93394,106.992,-1.56116,-53.8209,96.5339,78.4085,-35.0609,-90.2747,-91.0974,-81.2475,104.633,-3.97162,-96.4413,58.9771,-238.26,-38.6209,-117.395,
	layer
		node -240.548,-15.4614,18.5051,-49.0259,3.29617,36.6644,
endPlayer
