// Player6
stat 5
	layer
		node -74.6302,-9.64349,207.633,77.4202,-120.786,88.6351,230.457,138.846,190.314,156.505,126.949,246.245,106.653,135.945,185.089,140.661,124.107,134.201,85.8001,185.388,-69.4562,228.043,-9.70358,104.358,-98.9319,47.6816,
		node 128.081,6.29159,180.659,120.428,38.6442,-47.4274,47.2349,-40.3774,-80.409,56.7943,75.3992,120.967,98.1411,188.98,144.869,170.068,74.2783,-74.0249,34.9831,38.8425,146.018,149.647,158.772,65.6828,180.315,81.7309,
		node 145.9,137.601,209.426,154.647,211.077,195.858,143.336,-72.6276,155.601,187.58,135.822,216.341,147.152,195.008,184.704,178.112,-125.158,158.995,83.1065,39.7758,19.51,34.5406,196.388,203.283,178.419,-72.8741,
		node 214.978,10.5277,98.1075,96.588,-58.2251,185.065,172.764,-44.5311,243.579,195.627,123.643,97.6548,-2.41261,81.476,27.6305,-78.9706,60.5359,236.839,97.5661,242.622,19.8578,175.12,98.5805,16.4853,-103.931,86.471,
		node 110.483,115.508,14.3603,114.236,148.638,256.862,15.2771,30.7958,212.856,71.582,88.9367,10.2892,17.8605,-118.205,191.199,114.002,176.659,31.9218,34.8715,123.605,124.527,-84.364,256.505,-91.1571,231.908,111.513,
	layer
		node 53.9782,11.8562,27.5942,34.8147,210.567,73.3223,
endPlayer
