// Player40
stat 8
	layer
		node -42.1684,-78.4194,-114.247,123.452,77.265,-139.985,-32.5507,17.3005,-40.595,75.6078,125.104,-75.665,75.1227,32.1714,-22.2239,-41.8567,64.5295,97.7161,-39.3035,61.1323,-41.2702,4.79418,-135.444,-55.3793,-2.83543,-35.2041,
		node -5.14344,-80.7786,-138.822,-187.773,57.595,-54.7363,-17.1458,-39.5605,-0.085621,-86.947,-102.995,-5.47448,-28.3232,-33.4692,-114.861,-5.20811,-38.9177,-146.166,-16.2775,-28.3752,0.983005,-19.8401,-19.4981,-49.0319,128.687,94.1475,
		node 19.1807,31.6369,94.2538,-61.97,7.41014,-139.518,1.59383,-42.6547,85.7199,-15.6859,-119.085,-93.504,-60.5473,-38.4319,-87.0743,-120.478,-83.7982,-0.685639,-34.4579,94.9794,-24.7482,-26.0336,110.285,-51.1981,99.7249,-43.1422,
		node 115.002,-48.65,-18.3318,63.4618,-30.1927,-5.88323,-120.729,81.8853,-95.4959,-30.9415,16.2813,-131.833,-104.304,-39.5949,78.5767,-107.39,-63.7929,-14.7693,58.8441,-8.7659,-78.2605,-7.20846,4.31445,4.26375,83.8454,-62.221,
		node -1.60029,-141.954,-62.07,119.999,-16.0282,-38.4238,-45.2949,82.2007,-10.8392,12.5673,-27.1492,61.238,-61.587,-38.8116,112.205,-66.054,-15.39,-66.7939,84.9723,-43.4954,68.0498,84.307,100.912,-100.777,-2.94959,-60.241,
	layer
		node 124.59,83.0992,-0.543278,-79.7641,105.292,-64.7401,
endPlayer
