// Player26
stat 5
	layer
		node 41.7226,54.4964,-67.5146,3.35413,63.3581,2.41431,52.8886,37.7653,-33.6112,-26.576,48.319,27.7951,-17.2412,-23.2602,6.10077,39.1012,-111.237,14.0163,-41.7539,20.8465,-43.2197,6.68565,-4.61742,9.69844,-27.7282,-6.89005,
		node -6.59321,33.7362,-84.1407,-101.702,76.5988,-18.6698,-104.533,22.9292,-70.5024,12.3106,35.9229,-50.1082,-14.662,-68.7503,-50.3699,-65.6851,55.6662,70.6715,-46.9402,-52.967,-91.5644,-67.6039,-71.0743,7.99844,44.7826,26.5493,
		node 61.1684,95.0178,7.55301,-99.3602,21.4666,-12.4885,-27.0901,-57.7422,-31.5513,29.4359,53.1988,86.9756,28.1576,33.7955,-7.37088,-8.31992,1.43273,-65.0688,100.769,-76.7383,-39.1653,8.66976,45.4534,-55.3761,-41.1467,-5.20108,
		node 67.9777,46.433,-7.90236,35.878,41.5546,-28.4339,-16.431,-21.5664,-82.0406,-98.2957,67.0971,-87.0355,8.41832,-19.2498,43.0711,-37.1733,53.2066,-25.1739,38.2292,89.0307,56.3895,96.1583,2.92192,-72.8274,-98.4909,-14.9515,
		node 12.5015,50.5782,-60.9628,7.60939,-46.9131,71.168,23.036,-23.1855,-49.2959,63.8122,-78.0275,34.2766,-96.5162,-109.927,-24.6358,31.0371,21.4475,-3.39587,19.052,-31.7074,1.16287,-63.0422,-73.9283,-77.7413,-45.695,-25.743,
	layer
		node 53.9071,-59.3646,-61.0216,-38.8947,82.7902,-47.9872,
endPlayer
