// Player16
stat 3
	layer
		node 28.5729,-74.6253,33.7176,11.0751,-58.9157,-53.4037,-70.0728,39.8278,-33.6382,-40.0346,47.1187,29.2137,-3.0229,-25.5334,3.62906,37.4141,-97.838,12.5768,55.9378,8.86104,-35.5866,-24.9638,-8.13794,12.0961,-106.926,-3.79479,
		node 2.69773,36.2671,-37.6109,-102.166,83.0384,-17.511,-30.8582,-55.1287,9.86975,69.7941,43.6179,42.7611,-108.623,-74.313,-21.4189,-31.2924,-25.2877,69.6644,-98.4774,-47.6468,-26.5594,26.7449,-71.169,-16.2986,46.8707,-16.8375,
		node -75.1192,23.7727,9.17522,10.7018,17.8151,43.2927,-27.0104,-38.1392,20.2515,-30.5569,14.1157,86.9148,-6.36793,31.8539,-13.1041,9.11343,0.234396,-70.8104,99.6296,-61.2373,-37.4397,9.24631,-121.993,-53.076,-46.6381,-28.22,
		node -39.0191,-72.595,-41.1053,35.3265,40.8584,-81.0685,-17.3013,-23.6275,-102.913,-28.5492,68.9923,-60.572,10.5164,-21.6891,41.7793,-35.7758,55.9203,-100.343,45.8814,-15.4163,18.2657,-33.0683,1.57076,65.2191,-106.936,47.6183,
		node 10.5552,52.4481,-111.327,15.4833,-54.2379,-92.0004,12.2891,-21.1903,-46.2501,62.2863,-16.0907,7.24062,-15.3566,-26.3748,-26.093,46.4185,-6.00585,-16.4298,-29.4061,-33.5805,-52.9374,-54.952,-43.2968,-77.631,33.0209,41.6483,
	layer
		node 32.3132,-58.8455,-51.1022,-98.798,-37.6643,22.7781,
endPlayer
