// Player94
stat 6
	layer
		node 26.5189,-72.095,40.0133,-73.4788,-53.788,104.798,-20.2302,-21.2145,-17.2997,-8.3225,-86.5263,-41.9582,0.608775,-22.3829,4.33332,45.1711,-94.0741,-59.8121,73.5702,21.537,-33.5828,-21.6746,21.6154,2.28889,-9.36462,9.09418,
		node 11.2365,27.5992,-76.7373,-84.0647,79.1344,22.6115,-86.5742,-52.5673,-27.0818,71.7709,-89.1668,52.4734,-99.6962,-63.434,45.1985,26.6013,-95.9759,-74.4365,-54.2108,-54.0738,-49.051,-65.2887,-61.6126,-47.2399,46.0778,-23.5915,
		node -71.9511,-44.885,-105.868,-92.9935,-64.1578,-33.6029,63.1177,48.5548,5.47181,24.4657,8.35419,75.2701,-45.0761,-15.3923,-1.8578,-64.8256,-64.0316,-51.8041,-105.942,37.9483,-93.1492,64.5321,-41.6478,-81.7619,-53.9992,-34.6201,
		node 16.5688,-28.5329,-40.0811,42.4577,0.906971,-26.3442,37.8898,-26.5262,-100.35,60.5277,42.9908,-82.8392,-35.2909,-29.5023,35.5991,-36.5821,-101.682,-102.574,31.9248,-13.3852,30.7978,75.7824,-3.13349,-38.5803,-91.4203,69.2195,
		node 10.6015,49.4692,-19.5151,-106.161,99.5322,-43.9905,-101.448,-8.18446,-7.67453,56.0566,-69.7394,-106.667,-37.934,-31.0443,44.5014,42.2219,-48.3501,68.6049,-45.7502,-50.1513,27.324,-22.8242,56.7113,-0.154213,-46.8533,-21.2281,
	layer
		node 14.0104,3.99855,-119.722,-32.2562,13.7761,-51.43,
endPlayer
