// Player85
stat 9
	layer
		node 53.6341,61.2713,-29.3025,-28.0788,-120.381,102.689,-92.9653,-28.428,-19.944,-37.0358,-88.828,-44.5505,2.32669,-21.4243,10.2497,43.007,-27.1117,-96.2084,55.4151,-49.094,-100.342,10.5516,20.2059,27.82,-38.3656,-8.67626,
		node -2.68568,34.8527,-88.1396,-81.8364,81.2967,-27.2755,-31.5229,21.1477,-33.667,58.4079,-86.7506,49.816,-88.6576,-66.5384,50.2228,21.5527,-95.7759,-54.7091,-62.9487,-45.5449,-48.209,-56.7778,5.27131,77.0415,47.3853,-67.1787,
		node -67.4705,-4.34283,-110.336,-94.3736,-33.8429,-3.08481,62.2092,91.9077,-63.0148,-114.378,50.5837,75.9302,-39.2797,-19.1264,-18.9754,-61.3214,-63.9759,-26.6385,101.99,39.4326,50.702,62.4109,53.3646,-55.6938,44.7675,11.3715,
		node -32.344,-28.879,-42.1483,37.1757,23.4503,47.8181,-21.4645,-22.5531,-98.518,-25.7716,-89.5834,-89.7966,-4.29177,-30.7386,54.7021,42.2306,-101.612,34.5396,75.8648,32.3585,-28.4175,97.4394,3.89275,-45.1232,-126.232,68.0111,
		node 9.98543,41.4153,-58.1624,-31.9394,9.38058,-75.9894,45.3628,-68.761,-10.4688,65.6204,-75.2906,41.6227,-37.1576,-28.1884,79.6203,42.6687,-102.844,-56.4444,-63.4118,-38.8597,25.3067,-28.5629,-45.7604,27.5888,47.3187,24.0308,
	layer
		node 12.9789,-24.5201,12.7588,-59.6118,-13.7674,-52.8875,
endPlayer
