// Player80
stat 9
	layer
		node -87.5334,-85.4896,26.6813,-67.5377,82.1252,16.3697,-62.783,50.8894,-135.226,-51.583,-59.9114,-55.0383,30.3447,24.8969,-35.401,102.804,61.4278,-29.9334,-27.4128,-2.42951,-173.283,-13.5996,41.4637,-32.9093,-124.965,27.3337,
		node 14.2201,-77.021,-97.3973,12.1114,54.5935,-72.5466,-9.19284,-15.3599,-40.0487,-28.153,4.01483,-77.2551,35.2352,-29.9155,-84.1929,3.5393,-12.8652,-5.27996,-23.9485,-69.0862,-62.3997,12.7741,-13.9904,69.0888,93.9286,21.6362,
		node 49.6631,25.4104,-52.4527,-56.1169,-14.4196,36.0697,47.2849,-109.306,29.5525,-36.3718,45.5739,-33.6976,-46.2141,-40.0202,34.0976,-25.4383,-10.1337,-52.5312,38.1522,-0.0564034,-31.396,50.545,24.6432,74.0887,-29.0846,-57.3852,
		node -48.3179,20.8789,-46.2933,20.3923,51.3689,-58.3769,-108.475,17.2713,15.9224,67.8436,-144.18,-69.994,-141.583,-51.593,-18.5029,-51.1252,-68.7497,-50.2071,-35.0881,54.869,-70.6498,-5.65587,-77.4541,1.11784,58.2089,3.6793,
		node -67.7056,20.5001,-13.3867,-18.1783,-89.4427,-67.9559,-66.0418,-74.7229,25.2204,6.64008,46.0812,17.9093,-49.6709,-68.1938,-33.2808,-52.8369,26.037,-80.2227,-5.00976,-6.09139,33.0212,16.4026,-62.1548,-48.8376,41.4652,-58.0978,
	layer
		node 45.8523,-50.074,-32.33,-111.659,55.6609,-62.9357,
endPlayer
