// Player36
stat 7
	layer
		node -95.5054,43.6657,-65.9933,-91.7297,26.0775,-58.2904,36.7021,37.0837,-36.7958,22.1891,-111.077,-44.2698,-53.4959,16.1149,-52.7319,53.0123,-57.7989,-23.9225,-32.2186,-36.6345,-36.8498,-9.25046,43.6528,-58.8024,-121.406,-5.45774,
		node 21.6772,13.2909,-49.3263,-37.4453,-46.4646,59.8159,4.70913,67.0552,-39.2038,-94.1553,-22.6968,-13.7863,26.5213,-66.8361,37.8809,35.2326,-27.0679,-51.42,-5.43892,-63.1619,36.7348,4.47716,9.74926,10.5027,-39.4241,-2.13985,
		node 37.8698,-123.796,-35.9116,75.8141,-49.846,41.0768,-11.0399,-45.4866,29.4514,-48.3446,50.4731,31.3076,-112.336,-39.7632,41.8843,-52.2388,52.9215,-65.6772,38.917,-5.6653,-12.1045,-80.5244,26.1024,59.2027,-43.8244,-19.335,
		node 67.8639,-135.802,27.2365,30.0193,-41.8173,-70.1017,-71.3482,-5.8239,-12.6383,-74.8962,25.0337,-71.4382,-135.511,-17.0708,-93.9323,-61.9569,-72.3364,30.9831,-23.8668,52.6354,-39.34,53.2133,-52.8533,0.511309,-19.1565,-4.20019,
		node -54.7878,-30.6701,109.344,42.2571,-147.854,-75.9323,23.8202,-2.15715,48.1867,-62.2326,21.5928,-35.0786,-78.4367,-20.5223,23.8686,-10.0763,-69.7343,-75.3001,-5.33479,-50.0545,-43.4151,12.6847,-84.5374,-82.7933,56.4218,17.4188,
	layer
		node 19.5353,-138.934,31.7527,-9.89277,37.2358,-50.5183,
endPlayer
