// Player4
stat 4
	layer
		node -97.6109,-22.8578,-63.3047,102.342,58.2294,-62.4433,-43.4854,7.65903,-1.17117,-4.61483,-35.809,-49.3791,32.7353,62.8379,-148.59,96.0319,-41.0355,-29.0944,-28.0266,-38.4287,14.7047,-78.0074,50.5107,-121.574,-89.4498,-60.5593,
		node 76.2802,-1.33469,-61.2598,7.76854,59.7,-67.5783,-46.6788,-22.3058,63.2191,39.8519,31.1887,-18.8607,21.0382,-50.3676,30.2319,-13.8162,-32.7585,-37.0678,-63.2177,-78.5996,-33.0493,-6.93537,31.8604,-67.4593,-18.0544,3.0183,
		node 48.8604,19.9878,-29.5142,59.5389,-48.6373,80.2338,-90.3282,-103.622,68.893,24.859,22.8177,33.0863,-15.8949,-38.2158,27.8843,-58.6301,-8.91029,-63.592,-51.8403,-3.32007,59.8032,-179.957,-23.5599,55.1729,-70.003,-56.4633,
		node -68.6711,52.673,67.5642,-31.3721,26.4641,-73.3378,21.5259,-19.0967,30.4906,-80.8361,31.3403,-18.8779,-46.4023,-53.7099,-122.814,-51.0339,-133.88,-109.499,-84.7612,57.5259,18.5359,53.8974,-148.632,37.5042,-40.887,-15.2572,
		node -71.2899,-43.203,94.8507,-38.1033,-66.3415,-61.4114,-56.0352,12.6881,-11.1024,-23.3879,40.5047,-44.8486,85.8694,-45.4305,40.3259,-79.7075,-68.8133,-92.9002,-146.377,53.666,43.4473,0.195469,-86.7398,26.578,14.4533,-62.3335,
	layer
		node -95.3366,-49.6887,-31.3865,33.1741,-45.4161,1.40731,
endPlayer
