// Player70
stat 7
	layer
		node -7.57548,-19.9026,-44.7935,-5.05152,-11.0642,-19.7623,-5.66049,-12.2031,50.3433,-67.5189,88.421,-55.8535,37.2707,-38.8638,75.0906,-107.086,-75.1454,126.933,97.3859,74.7124,-2.3747,92.698,-163.402,-67.8448,55.1585,-149.503,
		node -66.5356,-5.22517,-7.88087,-145.479,83.908,-149.35,-84.6228,-7.08871,183.231,72.1024,-67.3495,-35.3568,-18.6141,-121.96,-95.5309,14.2572,-153.49,-20.4401,-6.33912,-43.2918,75.2347,-120.289,107.12,-117.64,-5.43128,-70.6701,
		node -47.6307,65.562,-156.956,-6.26753,92.5634,-154.516,-108.579,-22.2744,-2.43143,-17.0654,-161.688,-117.75,-50.2112,5.24382,-12.8639,-147.304,16.4703,-164.088,10.7255,-48.7014,42.6415,-130.457,-43.4567,-25.7362,44.7302,-64.6358,
		node -34.4574,91.1864,110.819,-152.656,12.6831,-5.82371,-48.8628,-6.04001,33.4372,-8.33032,7.02059,-155.261,46.4421,-134.846,61.311,31.7983,-49.3388,-143.052,65.6655,45.3133,-44.3085,-115.772,97.9111,36.9706,-101.331,-31.9192,
		node -130.121,-9.98717,-137.548,-12.08,-46.1292,-46.2221,16.5165,91.1767,19.1169,76.7497,-154.989,-52.3985,-7.22843,78.7099,-23.0204,20.7983,-80.9726,-46.8803,-159.832,-38.8237,84.4982,-131.456,-46.3626,-6.87012,102.336,-89.8693,
	layer
		node 0.120022,-121.873,-12.0679,-144.372,-122.486,-211.823,
endPlayer
