// Player19
stat 6
	layer
		node 9.43377,-83.8033,22.1107,-255.445,86.3205,-157.053,18.7992,67.0533,96.6304,67.8493,-102.284,40.7597,115.068,33.2099,106.903,-9.27908,66.6855,-186.012,-151.46,-55.0369,41.71,72.1013,89.7314,64.8077,58.6603,-139.695,
		node 126.448,54.2004,-77.0419,-76.4848,101.442,-10.2845,82.8441,-67.9676,-23.646,110.463,65.2987,-71.0195,-113.266,46.0612,-85.6972,55.1325,37.4108,-127.537,94.0584,57.8301,85.1931,83.9841,73.63,64.5958,97.8158,6.30151,
		node 58.6172,92.9039,-29.2426,64.6929,-67.7784,13.1442,-124.048,-91.1747,-13.6502,7.65598,14.312,96.916,25.8379,16.66,-97.1339,-118.663,46.4595,115.973,83.9782,45.246,-90.4141,-107.091,14.4327,55.7312,25.7174,40.4023,
		node -103.195,69.1608,97.8084,-77.9162,73.8933,-140.07,149.922,68.5572,132.098,9.46022,-93.7017,85.0707,-115.121,94.8777,28.7564,14.2719,65.9494,-58.0704,-3.86789,-88.4628,69.2574,51.4333,50.9163,-13.2839,81.4571,27.238,
		node 10.8366,-133.882,-44.4409,90.4494,-151.945,-262.084,44.993,80.1265,60.2052,14.1314,96.449,79.3468,-85.8717,70.1311,99.8636,-24.9388,-82.6952,61.9068,69.2021,-114.396,118.289,-116.515,-63.4296,-155.755,26.7395,-51.8779,
	layer
		node 98.3767,-46.7665,39.1153,98.8349,126.85,70.4376,
endPlayer
