// Player12
stat 9
	layer
		node 5.38964,-14.9864,41.0642,-272.049,47.4481,5.34759,20.3761,-19.0823,90.1396,70.4758,169.94,52.8842,110.817,5.57704,0.908469,40.0596,137.507,-188.476,-165.229,-153.01,117.202,59.1734,56.9419,44.697,-94.3712,-51.0544,
		node 97.1298,-101.83,50.6182,-176.494,46.1614,76.1687,-18.2631,-162.105,-23.8096,109.943,-82.3581,-86.9053,-59.6685,36.2227,109.47,43.898,-169.628,71.2256,101.037,47.9576,12.7221,-110.554,58.418,-101.333,68.238,-4.39487,
		node 56.8945,-118.194,-22.9152,73.0996,-48.7738,-1.29453,-134.842,-92.0222,45.6918,11.3712,13.2827,93.568,37.0256,66.357,-72.7443,85.3867,40.7753,117.763,98.0275,32.5296,-92.5304,13.8787,-172.148,63.2749,21.0222,79.6407,
		node 83.2821,-109.624,103.918,33.0933,83.9619,-144.077,-97.3103,44.9079,51.4089,-43.5659,-58.0288,-90.9418,-120.898,-42.9563,5.80668,62.3587,52.6891,-53.9216,9.70844,-105.983,49.668,-160.85,-59.6528,53.0565,14.2727,-70.4049,
		node 116.37,75.1454,-121.438,14.1541,-150.021,9.30382,49.619,108.879,-57.2075,7.22956,-147.215,-62.9292,57.9096,100.706,92.3007,20.3233,94.4797,74.7959,105.442,109.528,32.373,85.0148,-103.678,-96.9316,30.4529,-15.1526,
	layer
		node 117.689,9.30033,12.7149,63.4575,-40.0581,30.9897,
endPlayer
