// Player0
stat 5
	layer
		node 279.628,-110.793,-17.7371,-157.816,-82.4684,-26.5218,202.872,-93.2692,107.371,40.6095,-58.2365,-116.792,124.308,213.634,-165.807,34.1464,79.5135,107.03,178.346,75.5845,-67.1487,-36.8686,90.8434,-129.288,117.327,-111.93,
endPlayer
// Player1
stat 9
	layer
		node 262.073,-131.3,-29.2719,-153.526,-82.3147,-22.9081,215.961,-92.5451,99.6905,-16.1181,-47.876,-139.12,117.892,223.141,-162.824,40.9365,81.615,80.6449,178.935,57.2856,-62.9996,-34.592,67.9723,-139.052,15.2416,-105.407,
endPlayer
// Player2
stat 5
	layer
		node 283.573,-113.072,-63.3054,-171.1,-90.0664,-44.071,183.51,-105.434,88.3752,-13.0335,-46.7677,-143.242,120.873,186.044,-170.442,37.623,80.9045,95.8592,174.531,44.1323,-70.0018,-51.7297,70.0646,-124.282,16.1268,-74.0585,
endPlayer
// Player3
stat 5
	layer
		node 262.354,-112.454,-21.326,-149.043,-82.0352,-0.494736,184.411,-75.4882,97.5287,-16.6346,-42.9478,-142.012,114.653,198.254,-170.098,24.6534,77.5809,94.5026,151.024,46.8216,-62.1737,-32.7348,79.4449,-122.519,110.449,-112.379,
endPlayer
// Player4
stat 6
	layer
		node 259.988,-97.7035,-30.7206,-162.211,-94.0566,-47.5369,178.59,-70.6577,87.2954,-17.5155,-31.1318,-139.378,154.744,225.232,-169.772,26.6023,69.0767,114.649,192.952,46.5087,-72.3299,-20.015,69.744,-114.156,110.233,-113.121,
endPlayer
// Player5
stat 8
	layer
		node 264.267,-131.212,-72.9786,-163.768,-81.7938,-16.7931,175.905,-89.4666,108.773,-16.7565,-32.1745,-128.149,124.55,215.592,-170.606,22.5797,64.0441,113.488,192.107,79.4712,-66.0113,-36.3724,74.4061,-113.567,104.448,-112.206,
endPlayer
// Player6
stat 4
	layer
		node 279.007,-101.266,-23.3526,-149.576,-94.9977,-14.3793,186.549,-95.9486,81.6352,-13.246,-34.1466,-139.639,127.326,226.1,-170.976,50.4291,51.5774,112.938,136.058,76.8014,-73.0004,-38.9892,77.0865,-114.511,108.423,-72.1329,
endPlayer
// Player7
stat 6
	layer
		node 290.104,-115.864,-16.9224,-154.891,-94.1845,-23.2436,191.483,-94.5869,81.4297,-17.0493,-33.2552,-139.519,119.14,226.234,-162.251,30.8923,51.3533,112.432,184.657,75.9081,-34.7466,-18.0992,94.1057,-110.793,23.9195,-77.9618,
endPlayer
// Player8
stat 6
	layer
		node 287.52,-136.801,-15.6659,-162.823,-81.1326,10.1175,189.375,-94.542,96.9747,-23.0311,-61.9741,-117.395,105.425,202.448,-171.538,40.0377,46.4886,78.4485,141.943,67.3096,-34.8051,-16.4651,83.5927,-129.246,103.158,-107.95,
endPlayer
// Player9
stat 6
	layer
		node 287.219,-135.319,-20.1442,-156.304,-84.1498,-22.5483,195.927,-98.04,96.9384,-24.8425,-46.2052,-118.671,121.634,214.824,-167.539,32.5264,43.5377,113.644,139.391,75.1272,-77.5864,-19.5869,94.3823,-125.646,104.292,-110.752,
endPlayer
// Player10
stat 6
	layer
		node 260.66,-113.86,-18.4444,-158.019,-87.829,-16.6973,199.772,-97.0997,107.753,-20.2265,-46.7732,-155.357,103.153,189.489,-165.122,41.8509,82.2904,106.418,179.595,63.6249,-67.8609,-38.3657,91.413,-134.516,106.121,-104.518,
endPlayer
// Player11
stat 6
	layer
		node 267.371,-130.954,-20.4693,-153.452,-82.9995,-43.4173,218.417,-95.0229,101.345,-17.0325,-47.9667,-136.529,122.561,217.32,-172.418,39.7138,83.5595,108.589,176.916,62.6496,-66.27,-48.4757,70.4043,-131.565,106.853,-113.387,
endPlayer
// Player12
stat 5
	layer
		node 281.786,-134.991,-21.9872,-167.709,-80.9635,-23.0107,200.433,-109.028,107.749,-9.8127,-46.9489,-141.383,120.653,219.068,-172.131,26.0252,79.6484,97.001,147.557,42.1468,-73.6215,-38.7409,79.3597,-121.406,11.7978,-116.726,
endPlayer
// Player13
stat 3
	layer
		node 281.832,-134.821,-22.2925,-150.644,-74.773,-42.5558,182.107,-67.5205,109.131,-7.93059,-32.5119,-153.429,118.958,224.859,-175.164,23.9401,70.1306,113.737,188.763,78.0853,-71.0194,-30.2933,71.9957,-131.273,113.028,-111.199,
endPlayer
// Player14
stat 7
	layer
		node 260.046,-129.115,-73.4815,-158.369,-95.4304,9.11447,203.133,-89.9611,108.468,-17.7416,-31.2508,-138.73,125.868,220.393,-153.084,25.0358,65.564,113.472,144.997,81.7597,-55.2118,-43.7194,77.6934,-133.262,109.394,-110.861,
endPlayer
// Player15
stat 8
	layer
		node 262.528,-128.849,-30.7843,-165.232,-77.1351,3.41407,175.818,-94.5626,98.7977,-9.76266,-52.1811,-120.179,130.22,220.42,-171.473,33.4922,50.2749,112.683,204.873,79.7958,-59.7624,-38.2708,73.413,-110.886,107.226,-114.227,
endPlayer
// Player16
stat 3
	layer
		node 282.541,-100.179,-28.3772,-150.587,-84.7833,1.85855,186.971,-92.3345,79.4303,-15.6393,-55.1082,-123.55,131.571,212.282,-160.722,33.5943,59.3154,116.696,180.866,74.1456,-59.2781,-34.6737,73.0035,-112.138,109.074,-108.529,
endPlayer
// Player17
stat 6
	layer
		node 260.929,-103.935,-19.5552,-162.468,-87.8649,2.53636,191.487,-95.2801,103.52,19.8568,-27.9798,-123.621,119.268,192.548,-180.321,29.5558,50.9811,116.209,182.787,75.2123,-67.664,-46.9261,87.7174,-128.003,109.781,-105.425,
endPlayer
// Player18
stat 6
	layer
		node 287.492,-105.767,-15.024,-154.882,-93.589,-16.7478,190.898,-77.9422,97.7055,-16.0365,-50.565,-120.698,127.269,192.111,-173.868,34.4128,85.8239,116.588,143.2,71.488,-76.9315,-37.6085,96.8109,-128.97,103.892,-106.844,
endPlayer
// Player19
stat 6
	layer
		node 278.691,-112.943,-8.74671,-159.819,-79.9372,12.4621,195.987,-93.4874,99.1512,31.0762,-48.818,-154.94,125.885,220.512,-167.512,28.5257,84.1376,105.936,181.278,72.9614,-75.6913,-36.1032,94.0813,-128.112,104.415,-98.4194,
endPlayer
// Player20
stat 6
	layer
		node 260.328,-128.681,-22.8782,-157.014,-85.8738,-30.3966,205.26,-94.7974,100.049,-9.71808,-51.9216,-118.597,133,217.413,-178.431,23.057,76.5909,98.4708,126.06,62.4468,-73.4371,-32.5028,67.777,-121.908,108.342,-98.5565,
endPlayer
// Player21
stat 5
	layer
		node 281.494,-130.188,-19.7569,-153.104,-92.1048,-7.17746,203.563,-106.483,110.133,-10.7705,-46.9154,-133.353,135.175,219.819,-171.945,25.8344,78.769,85.2947,150.802,42.2369,-69.1823,-39.0022,97.8011,-125.2,19.7171,-112.063,
endPlayer
// Player22
stat 9
	layer
		node 261.967,-133.543,-22.4346,-151.372,-81.8215,3.93255,174.438,-94.4972,107.552,-16.3999,-47.0623,-115.241,128.916,222.615,-176.39,24.8059,81.2636,99.238,188.745,60.884,-54.3076,-37.7,69.8149,-131.16,13.9657,-112.874,
endPlayer
// Player23
stat 6
	layer
		node 282.078,-133.583,-73.5303,-172.797,-75.6991,-0.233176,174.879,-88.0037,107.105,-13.2613,-30.9586,-135.304,134.168,224.135,-158.353,38.0206,70.2246,100.113,186.776,62.4058,-69.7328,-31.7769,88.6579,-125.325,13.52,-110.459,
endPlayer
// Player24
stat 6
	layer
		node 263.822,-112.089,-72.5369,-173.233,-88.3324,2.66487,194.132,-83.5141,91.6083,-9.77491,-50.8965,-129.649,125.33,226.127,-155.83,21.1949,60.0711,98.9905,145.771,78.6492,-67.1043,-40.86,79.2221,-112.945,109.512,-112.199,
endPlayer
// Player25
stat 5
	layer
		node 262.774,-130.466,-20.6788,-164.752,-90.3167,3.72443,187.893,-90.0071,83.3396,-9.36839,-61.2567,-139.866,122.709,219.962,-170.247,37.1929,53.3599,90.9162,206.565,79.4881,-56.6308,-34.7836,68.896,-111.143,106.514,-108.952,
endPlayer
// Player26
stat 11
	layer
		node 259.037,-99.1246,-19.8012,-162.425,-87.7543,3.64819,189.391,-90.3465,87.3574,19.5648,-28.7792,-138.616,130.294,219.483,-169.301,26.924,71.9725,117.989,206.155,73.4688,-72.6377,-23.4025,84.776,-129.431,108.801,-73.2507,
endPlayer
// Player27
stat 5
	layer
		node 288.751,-129.498,-26.1559,-162.396,-85.3408,8.52183,217.612,-77.2569,102.576,20.0346,-28.1194,-142.25,103.625,188.418,-165.848,33.9072,61.4553,88.0133,180.445,70.7684,-67.4361,-37.8919,92.9915,-125.437,118.223,-113.551,
endPlayer
// Player28
stat 8
	layer
		node 264.776,-116.422,-28.1339,-177.527,-67.4106,-15.8008,185.077,-65.9341,105.703,31.1572,-62.3186,-157.864,115.831,193.498,-171.471,36.2754,74.1503,118.089,188.408,74.5279,-68.6082,-45.577,82.3984,-129.671,117.906,-107.003,
endPlayer
// Player29
stat 5
	layer
		node 262.547,-102.853,-10.9034,-157.262,-85.9807,7.61635,204.345,-96.4085,103.978,-18.7069,-48.5146,-120.001,103.017,188.134,-172.549,26.3485,88.6336,106.783,183.035,58.058,-71.5383,-51.4116,90.9541,-138.576,120.627,-107.351,
endPlayer
// Player30
stat 6
	layer
		node 277.651,-127.478,-28.3351,-154.456,-85.222,-6.5935,203.358,-83.0633,108.25,-8.96972,-47.9181,-136.343,138.317,212.52,-171.855,32.8727,65.6574,75.294,181.818,61.296,-71.4429,-31.0641,69.292,-134.996,19.8564,-114.786,
endPlayer
// Player31
stat 6
	layer
		node 233.077,-130.257,-21.7193,-149.994,-83.6226,-5.19101,200.812,-95.6217,108.232,-16.3387,-45.9963,-114.879,141.575,217.462,-169.922,35.2864,55.7613,72.8324,181.258,56.3063,-70.1644,-30.2601,95.4981,-123.778,108.823,-112.773,
endPlayer
// Player32
stat 6
	layer
		node 233.555,-129.041,-26.8022,-177.279,-92.7176,-0.935678,191.108,-69.9709,87.7445,30.5205,-30.8784,-134.029,124.996,222.944,-180.033,25.6819,71.8863,92.9095,181.216,67.022,-51.9248,-37.9399,76.9854,-120.638,103.646,-113.415,
endPlayer
// Player33
stat 7
	layer
		node 264.555,-127.874,-75.5021,-175.637,-81.9374,-0.582672,194.678,-90.375,88.9588,-9.31405,-61.203,-136.699,128.934,217.768,-158.377,20.9932,70.654,99.6501,203.31,68.8742,-65.1113,-40.176,75.8139,-133.471,6.53059,-105.011,
endPlayer
// Player34
stat 6
	layer
		node 262.48,-131.435,-72.8211,-173.984,-89.3529,-41.5983,191.606,-64.6431,118.297,-16.8421,-31.0865,-130.8,123.098,220.26,-154.509,35.129,56.2605,102.955,135.988,84.4251,-63.7403,-23.1545,70.9064,-139.401,108.128,-119.778,
endPlayer
// Player35
stat 9
	layer
		node 260.764,-105.047,-19.6568,-162.175,-89.462,-42.7287,218.391,-88.3724,75.7605,-11.4457,-57.5921,-140.066,130.26,219.316,-148.845,36.0844,74.4716,88.8917,204.669,77.4536,-65.5409,-18.4565,104.46,-131.754,104.765,-117.943,
endPlayer
// Player36
stat 4
	layer
		node 260.048,-101.873,-27.7882,-172.109,-85.7499,-8.6936,209.922,-65.6873,95.2151,-10.5102,-64.3876,-140.415,130.038,193.042,-167.711,36.7794,70.0701,89.4834,182.877,76.8355,-67.2897,-47.223,97.5688,-120.793,107.093,-109.947,
endPlayer
// Player37
stat 4
	layer
		node 288.25,-119.206,-25.7023,-156.484,-88.5668,13.1312,219.446,-65.1935,101.293,33.3805,-62.2314,-119.269,126.946,186.501,-177.845,48.2748,63.6989,78.2049,179.252,80.0069,-64.4807,-39.5645,86.929,-129.172,7.95631,-111.009,
endPlayer
// Player38
stat 5
	layer
		node 263.229,-117.917,-14.3614,-177.021,-85.1562,-6.8807,202.152,-68.4297,105.287,-14.7147,-62.9832,-118.33,117.284,197.807,-168.844,26.0121,63.6375,76.267,139.72,66.0544,-79.4456,-50.0827,92.9666,-133.134,10.1706,-109.844,
endPlayer
// Player39
stat 6
	layer
		node 262.226,-103.513,-18.3164,-161.088,-87.3409,-3.96513,205.387,-66.1037,101.414,-6.84989,-51.3706,-136.036,120.474,196.893,-163.767,24.4719,66.7839,78.58,184.894,63.4399,-69.141,-30.5485,90.6957,-134.132,19.9868,-97.4099,
endPlayer
// Player40
stat 5
	layer
		node 243.791,-111.863,-29.7751,-153.125,-79.6126,-12.9623,204.157,-70.0283,104.077,-9.30956,-46.3711,-136.361,139.148,213.622,-173.552,35.1418,57.2989,74.8266,181.56,65.5052,-42.9576,-40.5536,68.32,-132.815,15.3412,-107.902,
endPlayer
// Player41
stat 5
	layer
		node 246.254,-110.464,-31.2641,-175.806,-82.0921,-4.4597,190.725,-71.2227,106.255,-15.9612,-32.649,-136.652,118.701,197.046,-166.324,26.1636,71.9246,75.9814,138.775,71.3526,-70.1312,-38.9707,75.8833,-132.791,106.673,-110.759,
endPlayer
// Player42
stat 9
	layer
		node 234.511,-109.567,-27.4889,-171.897,-90.72,2.85186,194.271,-71.0826,89.7674,31.5728,-48.3362,-130.816,153.721,196.042,-169.324,21.6667,73.2128,96.9476,145.256,68.9844,-68.9275,-34.9843,93.2866,-140.572,8.45352,-117.28,
endPlayer
// Player43
stat 4
	layer
		node 233.596,-134.836,-27.8387,-172.407,-91.7843,2.57087,173.854,-89.1002,89.6962,25.3445,-48.6733,-134.709,124.479,220.413,-156.639,24.9813,68.473,79.7512,139.209,51.7154,-76.8048,-25.9225,68.6104,-138.972,4.14652,-115.289,
endPlayer
// Player44
stat 3
	layer
		node 265.503,-103.821,-34.7516,-179.332,-88.0933,1.94941,173.412,-96.2874,114.487,28.9733,-48.7773,-159.136,137.459,218.284,-152.799,24.2152,70.1658,80.5372,134.137,71.3431,-65.7529,-23.1913,71.4463,-125.821,105.608,-118.409,
endPlayer
// Player45
stat 5
	layer
		node 242.361,-108.695,-28.2934,-184.631,-83.8028,-1.27706,179.817,-69.8174,77.9449,29.0709,-61.2928,-141.453,129.724,190.577,-154.732,35.9924,71.8512,89.5203,132.93,62.8539,-67.4541,-18.4656,99.2373,-142.865,14.8937,-120.052,
endPlayer
// Player46
stat 4
	layer
		node 264.721,-106.395,-26.2239,-175.304,-86.2357,12.114,188.221,-64.5987,94.5635,27.6514,-47.552,-138.518,131.223,191.285,-156.948,38.3132,63.7628,78.1567,179.519,59.1174,-71.4631,-33.2914,73.4687,-117.807,9.97804,-81.9177,
endPlayer
// Player47
stat 10
	layer
		node 262.517,-105.404,-25.9992,-174.407,-86.5399,12.0809,208.643,-96.021,100.832,-8.39708,-49.9454,-134.078,116.711,190.058,-156.171,54.8937,63.1597,77.6196,187.256,64.8375,-71.0488,-35.9176,73.1489,-135.562,11.7579,-112.582,
endPlayer
// Player48
stat 4
	layer
		node 241.344,-129.101,-5.69638,-173.703,-94.6153,-5.96352,199.527,-88.8928,102.645,32.4506,-62.9456,-133.428,135.096,198.71,-175.389,47.6337,66.3325,76.3654,140.116,56.3375,-73.7995,-53.1293,94.1461,-133.663,8.25272,-111.48,
endPlayer
// Player49
stat 5
	layer
		node 247.091,-128.815,-16.8599,-151.039,-84.913,-7.62914,202.078,-95.374,95.1773,-10.2685,-49.6517,-135.615,118.022,211.281,-166.455,26.9719,64.6953,80.1649,183.104,63.3691,-68.9237,-32.463,69.5325,-131.12,17.7089,-100.702,
endPlayer
// Player50
stat 5
	layer
		node 242.443,-128.353,-17.9757,-151.123,-94.0943,7.15805,184.333,-101.028,95.6841,33.9973,-50.5151,-135.777,131.995,196.241,-165.105,25.9542,73.6395,99.7654,140.614,71.8036,-44.2487,-28.3765,93.5984,-132.624,111.431,-109.029,
endPlayer
// Player51
stat 5
	layer
		node 234.202,-130.149,-29.4416,-152.861,-91.0564,5.10976,172.575,-70.096,105.074,36.8581,-47.519,-130.442,156.771,207.65,-169.702,26.7019,77.3154,75.4697,138.451,71.9205,-76.0342,-29.0864,68.2942,-135.783,110.415,-107.388,
endPlayer
// Player52
stat 8
	layer
		node 233.099,-110.635,-29.5835,-161.848,-81.3084,-11.51,173.906,-96.1487,95.4734,27.0789,-49.4804,-132.971,155.037,206.95,-161.562,25.2319,58.4721,76.7313,177.358,72.375,-55.5772,-29.2738,68.1235,-143.318,6.66667,-114.407,
endPlayer
// Player53
stat 9
	layer
		node 241.072,-131.903,-30.5567,-165.536,-86.2144,0.598755,211.056,-98.2522,92.5122,24.4741,-47.0572,-159.511,157.062,180.003,-151.511,45.6907,68.6117,78.1293,135.853,60.4528,-73.9899,-22.7991,72.3536,-125.925,7.7839,-112.988,
endPlayer
// Player54
stat 6
	layer
		node 261.053,-130.916,-29.4218,-173.277,-79.9039,-0.0328278,208.916,-96.761,92.1058,29.9306,-47.161,-141.757,121.399,179.331,-150.642,27.0984,70.4919,81.8654,135.798,73.667,-72.3442,-15.5487,102.388,-123.663,106.904,-119.856,
endPlayer
// Player55
stat 5
	layer
		node 235.911,-106.818,-21.1746,-166.64,-83.1573,0.695252,190.158,-98.6718,101.076,29.9287,-44.4593,-137.105,135.595,192.388,-150.905,28.8459,64.4128,78.554,131.856,65.656,-67.942,-17.8893,98.1989,-116.583,15.475,-80.9925,
endPlayer
// Player56
stat 12
	layer
		node 246.454,-107.619,-15.9103,-166.125,-85.648,11.1197,201.513,-100.259,86.2619,31.6678,-39.9929,-126.995,118.719,191.26,-154.84,27.2382,61.9113,90.8949,179.15,69.6811,-73.3497,-32.1932,72.1814,-131.691,15.5402,-112.699,
endPlayer
// Player57
stat 6
	layer
		node 243.978,-130.585,-19.6662,-160.682,-96.3567,8.90631,180.813,-82.2711,102.225,28.9627,-51.939,-114.876,118.019,203.552,-168.854,48.4386,61.542,75.8974,185.268,68.1466,-75.8506,-36.7795,73.6489,-115.839,11.1002,-109.886,
endPlayer
// Player58
stat 3
	layer
		node 240.528,-127.899,-21.3792,-167.305,-95.1772,-2.10376,202.117,-87.7044,102.767,32.2599,-49.924,-160.287,137.035,212.751,-175,29.039,57.1607,76.2179,139.681,74.1055,-43.4576,-31.2269,65.5575,-133.065,17.5428,-109.013,
endPlayer
// Player59
stat 11
	layer
		node 247.171,-127.791,-16.7576,-167.179,-82.8795,-11.551,182.346,-83.8988,94.9719,-8.5631,-52.0396,-137.268,117.685,214.2,-172.988,28.3038,59.7484,80.338,183.023,71.7854,-75.6292,-14.9118,66.69,-133.507,113.189,-108.351,
endPlayer
// Player60
stat 6
	layer
		node 286.843,-127.341,-19.0368,-160.983,-94.7237,-11.4429,191.684,-96.6964,98.9465,-17.5345,-51.5502,-137.784,133.95,207.233,-160.97,37.1923,58.652,99.0725,161.183,74.1432,-76.4905,-29.5427,76.7012,-131.053,111.473,-124.543,
endPlayer
// Player61
stat 5
	layer
		node 264.955,-125.419,-21.0738,-150.792,-78.6841,4.34676,191.882,-97.411,59.0282,37.2147,-42.7925,-133.456,155.762,208.418,-173,29.3816,72.533,76.1519,136.11,73.0654,-64.4746,-35.1605,70.1069,-135.779,106.527,-112.958,
endPlayer
// Player62
stat 10
	layer
		node 269.121,-105.059,-26.8747,-165.904,-92.2788,0.0388836,189.781,-95.5125,90.7053,-21.3449,-39.8448,-160.07,138.296,214.242,-156.929,28.9931,55.627,77.6437,185.303,49.6871,-74.9143,-30.7124,97.6825,-126.681,106.579,-126.37,
endPlayer
// Player63
stat 4
	layer
		node 262.8,-136.81,-30.0568,-166.703,-92.4321,1.18154,212.492,-98.6978,115.195,25.412,-53.3155,-137.956,138.615,183.752,-148.442,25.8984,67.9213,81.7466,185.67,50.2234,-61.0926,-19.16,69.8677,-125.111,109.704,-99.7077,
endPlayer
// Player64
stat 4
	layer
		node 242.942,-93.3651,-30.7238,-162.049,-85.0161,12.4761,209.01,-91.5916,104.533,-13.7226,-41.3261,-140.227,152.98,182.748,-150.16,25.6157,63.3471,78.1545,132.807,70.7114,-61.0227,-14.1472,69.8605,-130.46,107.692,-111.503,
endPlayer
// Player65
stat 5
	layer
		node 247.617,-125.789,-31.5648,-165.831,-95.686,-6.04431,209.157,-92.5628,107.34,32.3072,-41.1846,-128.574,135.216,194.365,-174.786,28.2769,56.9857,77.579,133.431,75.1362,-44.2219,-18.2653,98.9958,-129.908,14.9231,-110.441,
endPlayer
// Player66
stat 3
	layer
		node 270.079,-126.679,-15.6861,-159.896,-97.3098,5.39491,203.571,-97.7509,85.0976,-13.6804,-40.1421,-160.177,113.999,204.058,-175.919,27.0886,55.7686,76.7294,133.108,72.2828,-72.509,-20.708,65.8155,-131.597,16.6235,-111.099,
endPlayer
// Player67
stat 7
	layer
		node 241.035,-129.157,-15.5278,-162.176,-94.9912,-3.40737,182.649,-89.7634,57.0121,-8.50747,-40.6985,-162.254,118.637,206.05,-143.812,48.6758,66.4831,100.142,128.732,75.8423,-67.1224,-19.2498,93.481,-129.755,107.005,-112.623,
endPlayer
// Player68
stat 7
	layer
		node 240.035,-124.501,-25.4394,-166.868,-85.1721,5.96938,181.075,-83.929,58.4743,30.0388,-53.1264,-161.556,136.1,205.292,-166,34.8642,73.6468,78.2323,140.031,73.0533,-45.6469,-15.3117,94.1702,-130.69,105.753,-114.495,
endPlayer
// Player69
stat 5
	layer
		node 287.835,-127.041,-20.5184,-160.794,-93.6983,-7.54436,187.79,-101.283,96.3634,31.7009,-53.8578,-160.128,135.02,192.136,-173.21,34.7289,58.0485,97.2745,140.009,70.041,-45.9059,-10.0752,99.1103,-124.299,16.9124,-110.78,
endPlayer
// Player70
stat 6
	layer
		node 288.783,-130.74,-22.3646,-166.243,-82.3091,-11.3598,188.132,-102.454,61.6433,38.4574,-40.1919,-123.108,118.747,186.183,-155.249,29.861,73.0939,100.773,157.69,55.907,-74.0558,-8.92318,82.0983,-131.595,112.349,-106.107,
endPlayer
// Player71
stat 5
	layer
		node 266.196,-115.239,-27.3465,-166.125,-87.9466,5.28728,193.229,-95.8293,68.6043,-21.3675,-29.629,-122.151,141.282,182.358,-172.216,27.9381,59.4558,74.7358,156.691,71.2188,-50.0131,-28.8973,95.1173,-127.604,106.564,-113.05,
endPlayer
// Player72
stat 5
	layer
		node 292.119,-113.91,-28.4914,-156.562,-94.7907,1.72654,217.114,-93.1717,90.4893,-13.9571,-53.8595,-138.571,114.601,183.69,-158.489,42.1372,68.4519,78.0978,184.84,48.9748,-59.441,-16.7226,96.228,-126.003,29.353,-100.33,
endPlayer
// Player73
stat 6
	layer
		node 259.078,-94.7462,-26.3517,-165.492,-86.2883,0.335172,181.18,-91.9046,105.668,31.7612,-50.9613,-139.381,112.598,182.432,-168.611,24.755,63.6925,77.2127,128.19,73.2651,-71.105,-17.3773,100.872,-127.163,105.599,-111.488,
endPlayer
// Player74
stat 4
	layer
		node 240.667,-108.381,-52.4763,-164.167,-88.5845,13.9856,174.988,-92.601,93.4931,26.8597,-52.0696,-128.623,112.915,188.276,-170.463,30.3834,62.9086,81.6404,126.143,75.5845,-49.2385,-18.3096,60.4571,-123.985,104.313,-100.829,
endPlayer
// Player75
stat 11
	layer
		node 263.22,-127.584,-51.232,-167.238,-86.7929,5.43608,184.522,-73.7273,84.197,32.6233,-38.6963,-160.738,119.187,203.123,-178.63,25.1873,59.4436,78.5267,156.949,71.7936,-37.9696,-14.1274,70.7626,-131.44,102.47,-117.065,
endPlayer
// Player76
stat 4
	layer
		node 270.817,-133.027,-25.0609,-159.754,-91.4246,0.224144,184.607,-87.6066,79.0934,31.7913,-44.689,-159.589,114.067,197.447,-144.325,28.8413,66.2646,91.8972,134.543,67.6918,-40.6058,-39.9178,64.6316,-114.58,12.1336,-114.604,
endPlayer
// Player77
stat 10
	layer
		node 242.692,-100.493,-16.1532,-159.253,-95.2339,1.14782,206.59,-96.0896,81.0196,34.5107,-43.2532,-131.692,136.05,203.284,-168.053,46.0551,58.045,100.941,170.548,71.2858,-36.6534,-38.9652,94.0158,-126.979,20.131,-80.6458,
endPlayer
// Player78
stat 5
	layer
		node 238.278,-127.762,-18.3671,-152.094,-92.4223,6.41007,172.997,-103.677,59.7577,33.7327,-53.116,-135.468,134.896,191.332,-165.582,34.5887,72.5566,81.1914,169.682,69.3371,-73.2931,-42.1955,67.2343,-134.479,20.4826,-82.1121,
endPlayer
// Player79
stat 6
	layer
		node 286.547,-121.649,-18.8061,-159.414,-87.8425,-8.95369,174.083,-97.8332,61.749,-15.702,-56.9701,-120.774,149.902,196.383,-182.747,29.6243,59.3911,79.5703,164.377,59.0221,-49.8923,-23.8725,98.1548,-131.818,25.7187,-80.9993,
endPlayer
// Player80
stat 6
	layer
		node 292.045,-127.087,-23.8787,-160.293,-88.3087,-15.1572,214.84,-102.308,66.3491,-19.9216,-30.56,-124.209,119.275,182.683,-156.248,39.1286,85.9455,84.1207,159.613,62.032,-74.8597,-16.1529,83.5075,-145.12,24.9739,-105.704,
endPlayer
// Player81
stat 6
	layer
		node 287.217,-94.3652,-32.6275,-158.788,-84.1222,-15.9971,177.163,-97.0039,96.0364,-23.739,-27.7869,-138.2,120.971,217.724,-172.357,39.3516,59.0159,81.0637,184.54,72.0085,-59.3785,-24.7262,97.9631,-141.081,30.3237,-113.775,
endPlayer
// Player82
stat 6
	layer
		node 286.885,-111.875,-32.5224,-166.685,-87.2361,-13.5875,172.367,-94.4674,101.729,-16.9432,-26.7458,-137.008,114.339,187.639,-174.513,40.7534,81.1271,81.0565,178.092,50.3074,-55.7462,-21.074,102.939,-123.933,31.1475,-100.215,
endPlayer
// Player83
stat 4
	layer
		node 260.563,-112.446,-53.4325,-156.701,-82.9034,0.458662,201.607,-78.4469,85.2427,31.4032,-39.7031,-144.987,113.272,186.381,-170.035,31.6373,58.9613,96.9767,131.933,85.83,-58.7302,-17.802,62.1295,-125.747,18.5732,-104.418,
endPlayer
// Player84
stat 10
	layer
		node 262.549,-109.814,-55.228,-161.061,-95.01,-1.00388,200.132,-77.7593,84.2217,23.5779,-41.3379,-134.979,110.944,194.795,-177.537,23.5661,58.2588,97.0396,179.697,74.7769,-32.3413,-20.0564,71.6873,-123.222,20.1275,-101.277,
endPlayer
// Player85
stat 4
	layer
		node 272.56,-94.5056,-28.3566,-161.011,-94.1219,0.930268,188.439,-78.9751,98.8673,34.4145,-54.6875,-161.506,110.379,198.034,-177.579,26.3059,62.418,94.2431,134.615,70.2673,-68.1641,-15.4536,74.3868,-117.216,109.074,-104.82,
endPlayer
// Player86
stat 5
	layer
		node 262.03,-103.208,-28.6063,-159,-93.717,1.13921,177.057,-79.1724,78.6075,-16.5276,-50.459,-158.698,113.873,197.965,-176.383,51.6899,55.934,97.7929,134.778,86.2723,-35.6978,-16.6016,73.0126,-127.749,11.6692,-117.949,
endPlayer
// Player87
stat 5
	layer
		node 240.384,-102.793,-18.6639,-151.641,-95.1311,-1.47406,177.117,-96.0478,81.1147,36.5464,-44.0367,-132.398,126.329,197.89,-181.009,45.7217,75.6803,112.258,137.578,86.0701,-70.6886,-14.6281,91.4287,-123.359,20.2101,-107.469,
endPlayer
// Player88
stat 6
	layer
		node 265.098,-124.561,-21.5326,-166.09,-80.4504,-2.21515,182.209,-91.6157,60.4937,-14.382,-56.4432,-140.096,135.847,198.354,-177.072,34.249,51.5969,81.9011,136.613,69.265,-52.2216,-11.722,91.3148,-131.784,20.4421,-109.412,
endPlayer
// Player89
stat 6
	layer
		node 289.027,-124.87,-16.5225,-165.108,-82.042,-8.41736,174.484,-99.4948,65.8386,-19.8076,-32.4726,-140.813,100.06,182.183,-178.622,36.1701,74.2579,83.0897,161.301,58.513,-75.9904,-14.9815,99.1684,-125.232,19.5963,-76.7846,
endPlayer
// Player90
stat 6
	layer
		node 290.514,-102.225,-19.774,-158.536,-82.12,-45.8349,201.647,-94.2909,66.3331,40.3349,-30.8178,-115.177,124.401,211.995,-171.85,32.718,58.5799,82.8744,191.138,75.235,-52.7807,-12.7736,83.3808,-132.637,23.919,-106.008,
endPlayer
// Player91
stat 5
	layer
		node 285.075,-112.163,-34.7063,-157.199,-80.3885,-1.54021,203.142,-95.9052,111.268,34.3148,-56.5184,-138.723,120.2,212.725,-171.933,35.9108,61.4074,97.1478,151.157,59.8109,-66.1832,-37.7523,83.4659,-134.37,114.03,-112.441,
endPlayer
// Player92
stat 4
	layer
		node 265.313,-114.684,-31.2109,-162.286,-81.3392,0.425992,206.223,-97.0233,87.7029,-16.5052,-60.5608,-154.773,114.306,212.342,-174.205,18.0219,66.3466,80.2131,153.139,85.8061,-33.3619,-51.3537,80.2518,-124.441,19.1576,-104.425,
endPlayer
// Player93
stat 11
	layer
		node 267.13,-112.635,-31.5388,-160.693,-87.8613,-2.56649,203.543,-76.6359,97.3104,32.6578,-58.7497,-154.781,115.334,222.018,-173.107,37.3208,66.02,97.2222,181.097,43.2771,-75.1344,-20.013,66.7688,-124.38,17.842,-114.204,
endPlayer
// Player94
stat 4
	layer
		node 261.895,-92.1224,-53.2212,-160.243,-86.0495,-47.5871,181.558,-76.6369,85.1455,35.3277,-43.2142,-154.564,115.211,199.858,-167.182,36.9463,75.8108,97.33,151.018,82.8315,-38.4826,-20.6843,65.355,-117.655,17.7785,-112.797,
endPlayer
// Player95
stat 6
	layer
		node 271.253,-94.6511,-21.1235,-158.778,-85.3899,-16.8311,207.625,-103.679,87.7682,21.7345,-30.8358,-130.616,112.281,217.669,-179.495,36.3212,59.2156,98.1452,191.256,83.5794,-67.7902,-13.9222,64.8802,-120.174,18.4564,-109.227,
endPlayer
// Player96
stat 5
	layer
		node 279.438,-105.97,-23.2609,-163.335,-81.2078,-1.76603,184.303,-81.4779,88.9082,-17.7496,-52.9876,-130.323,113.992,224.686,-181.172,49.3606,64.7818,110.966,138.193,85.9731,-73.532,-16.1946,80.437,-129.251,103.6,-72.2438,
endPlayer
// Player97
stat 6
	layer
		node 280.799,-126.485,-19.6146,-154.405,-87.1771,-1.00635,191.626,-94.1737,82.5759,-17.5244,-26.9416,-138.8,126.036,220.983,-178.15,49.8071,72.9048,78.2132,136.982,82.4657,-71.5694,-16.0947,92.6766,-122.659,20.9905,-76.9566,
endPlayer
// Player98
stat 6
	layer
		node 289.654,-125.571,-15.2186,-154.977,-88.4168,-9.58152,174.973,-91.1786,81.8437,-15.7523,-32.4438,-138.976,125.309,219.106,-166.575,38.9607,72.8202,77.8353,160.07,72.4265,-71.8229,-14.9033,100.4,-123.924,23.8206,-76.3662,
endPlayer
// Player99
stat 6
	layer
		node 289.672,-127.775,-18.2182,-155.518,-82.673,-46.6932,173.999,-94.3363,65.2412,31.9785,-60.8692,-116.999,127.293,204.772,-166.704,37.4878,53.0387,83.3503,159.714,74.2669,-51.2203,-15.3129,100.318,-125.588,27.9967,-75.8328,
endPlayer
