// Player49
stat 4
	layer
		node 188.314,204.628,-69.9568,-42.4916,130.623,262.846,-61.7918,124.851,-154.425,-23.2227,-53.8138,-72.8961,-271.822,-179.731,-124.042,-64.5059,-201.831,-156.297,-160.844,-199.68,-29.8886,-129.047,-20.841,-204.486,-165.813,-166.703,
		node 72.4408,77.3758,263.171,-167.57,76.6637,225.087,202.744,4.07916,194.161,-249.84,-65.6596,-213.206,-41.089,-85.7229,88.6761,-20.6116,-248.769,256.695,-41.0715,-22.461,226.56,-289.326,-172.152,-55.633,98.6177,-231.041,
		node -7.316,-140.428,238.087,-180.248,-74.5731,87.7847,-77.896,154.8,-146.17,-150.257,228.957,54.1814,-93.7476,-187.258,-101.206,-91.0947,-111.178,201.735,-284.998,-234.48,74.2594,-66.0885,239.517,-21.5019,239.836,-42.6751,
		node -304.964,-70.0913,250.331,-239.994,-249.357,109.929,-154.58,-39.4302,-176.049,185.509,-192.74,196.116,-159.495,0.7616,-138.98,229.631,-112.286,-88.2853,-133.245,-59.7334,-183.635,81.9769,244.445,-260.898,-181.996,-40.3459,
		node -115.385,-189.255,-228.722,-153.705,-205.203,-29.9946,-136.59,-171.204,77.7115,-84.2556,-152.915,275.879,-151.979,161.271,-7.36407,90.4832,235.186,1.43539,244.908,-123.635,249.348,-152.808,-318.958,-10.8845,-297.135,45.0529,
	layer
		node -273.786,-53.9291,253.984,255.358,-87.7633,-15.7192,
endPlayer
