// Player28
stat 9
	layer
		node 263.964,273.121,252.262,156.638,145.821,-68.9147,-6.49191,293.236,77.621,66.8592,-188.62,-51.8235,-82.9289,271.184,-113.531,-16.1449,-92.3611,12.6076,81.6,277.012,29.7409,-127.722,-20.3375,-203.24,-155.557,73.3684,
		node 70.6139,211.776,-132.718,-122.22,-60.7904,-104.09,214.391,-18.8271,199.019,-245.91,-159.533,-322.294,-52.3783,-174.933,215.667,-43.8027,109.592,226.387,155.344,-43.0685,-29.9223,204.094,-259.201,85.8891,-142.26,218.876,
		node -7.50165,-191.022,-153.005,-174.639,-66.7172,79.5747,286.972,140.186,-74.2255,-151.337,228.554,199.842,-91.2782,-65.9528,114.417,-86.4281,163.446,-74.7057,-26.0789,85.5302,-187.586,-111.903,-91.7168,-66.1905,243.19,261.351,
		node 20.4122,-105.463,257.623,-228.234,-130.307,-101.133,-32.9356,-189.333,240.244,-45.1298,-202.368,197.348,-45.3563,-119.967,-132.524,95.603,-86.5187,-17.0727,214.685,-41.8964,-182.519,71.5154,170.556,94.4472,213.797,225.709,
		node -115.022,-207.192,31.7146,-9.74383,-9.63015,-45.3713,-83.1387,-174.483,70.5379,-86.3657,250.244,-208.754,-144.37,-88.7445,-76.7053,-159.771,245.04,87.1927,265.842,-104.878,-79.0165,-147.881,-310.988,5.14811,-125.487,55.1857,
	layer
		node 109.175,-190.154,-92.0459,-52.5127,261.195,263.153,
endPlayer
