// Player7
stat 7
	layer
		node 42.2782,34.1558,250.841,-192.765,-0.648625,-71.361,-202.616,128.861,100.984,-21.3706,-242.703,246.516,-270.401,258.057,237.677,270.4,-23.3896,-157.791,-193.553,213.35,31.2701,244.745,-22.0849,-23.3048,-156.313,-78.02,
		node 92.8298,36.6931,-57.2763,-177.468,-158.303,221.674,-24.7926,-118.192,215.603,-163.726,-158.456,114.013,225.366,241.789,-187.357,-23.4431,53.5705,6.44929,-213.765,-175.433,-21.3008,187.478,-254.102,-47.114,209.482,108.726,
		node -31.3933,-59.1203,-153.93,-90.7741,-91.5309,-50.8103,-66.3288,-70.1814,239.253,-152.006,230.457,72.6297,-89.7627,181.549,117.491,-44.3055,162.799,-163.824,-49.4489,77.9501,-58.5526,225.664,-92.9289,-120.704,225.651,-33.5806,
		node 9.43019,-148.892,-204.932,-246.622,-256.578,-29.3505,-133.902,224.486,238.268,-204.352,-203.391,201.451,-13.9871,-299.669,-8.99529,205.468,222.578,-36.3823,-157.736,-165.697,187.673,10.4995,245.472,-239.006,-187.738,193.678,
		node -124.682,-206.647,-123.272,-13.8573,-10.8474,-35.1172,-200.82,-178.139,-5.11322,-199.948,255.286,-115.416,-154.484,-186.969,-69.5671,-117.674,-38.641,-186.391,219.861,-99.9557,-64.449,-48.9258,-132.042,-158.088,-36.1604,-164.1,
	layer
		node -199.827,-7.66313,-43.5811,-56.9064,242.618,238.388,
endPlayer
