// Player38
stat 5
	layer
		node 32.9637,72.1516,-14.4079,44.1477,38.7355,-57.3331,-81.9282,-49.2756,53.4084,30.9496,33.7062,-12.0396,-21.7526,36.6621,-16.978,-14.7204,-62.1654,33.3307,109.41,88.2554,-45.771,45.118,45.0771,-10.9578,76.5265,-112.58,
		node -109.499,51.6619,82.9851,17.9212,30.7149,-10.5251,8.90295,39.7312,12.5879,-37.5515,31.6529,-22.1635,-3.52761,-11.1138,35.9406,91.8807,-81.0161,135.226,-29.1736,-21.4262,-125.808,7.4712,-110.876,-84.4114,-33.7895,-30.6971,
		node 19.8655,-17.3847,-26.7014,-40.3762,48.0418,26.0163,-0.456835,-27.1776,22.9066,9.88708,86.8487,14.3731,-105.665,19.8941,-122.796,2.70884,-10.6359,37.6344,79.7291,8.52819,49.1646,-18.6647,-129.841,-0.49291,-38.8424,-153.315,
		node 121.204,26.973,-9.49457,47.3326,-48.6188,30.0155,29.4092,-21.0558,-22.2061,-19.4969,22.9424,28.2874,26.0267,-8.67816,24.2938,-51.0937,-112.652,105.088,12.7877,-17.0711,-122.208,4.82246,4.69751,-5.28026,70.6242,41.5221,
		node 138.956,63.4901,8.92533,-12.3559,-57.796,-71.5648,-52.0874,106.058,-125.735,98.7303,-54.7938,-13.3103,27.7756,9.80855,28.1383,71.9071,22.8947,110.926,-36.3291,-29.3507,88.7997,-31.7319,41.7067,9.14206,-20.277,1.46826,
	layer
		node -41.2072,6.42454,-19.3474,-52.4553,91.2293,13.8321,
endPlayer
