// Player11
stat 7
	layer
		node -109.237,23.4375,114.627,26.7438,-7.11896,-38.5448,-135.528,-74.5488,71.7608,86.4729,93.8313,-98.628,-13.9394,-122.014,-134.609,-56.3907,35.423,62.8134,-78.9905,-95.7823,53.8441,88.8422,-149.066,57.8403,-53.4864,87.7547,
		node -68.0568,22.7903,24.6994,264.729,34.3074,100.324,43.0065,-130.091,136.803,21.2096,42.3472,-108.123,51.5333,-104.477,-107.24,-73.5751,-66.1496,-97.6282,23.8417,22.7926,22.8884,124.41,-109.625,-139.28,23.1577,-116.05,
		node -106.638,-139.507,-40.3017,-104.365,114.554,-104.337,80.9814,101.029,-13.4274,6.92222,-68.6201,89.7685,-72.8017,87.7052,-118.549,11.8409,53.9725,57.7566,16.7084,-174.237,89.9734,38.5553,26.8069,215.469,124.381,-130.21,
		node 95.7478,63.8776,49.4303,-72.6056,27.4419,258.358,-106.369,61.1449,11.3678,-84.2539,-120.752,-129.563,197.75,113.426,-77.0901,7.37508,220.488,-49.8721,85.5225,154.689,-57.9862,80.6047,62.417,143.711,201.503,25.7207,
		node 12.2984,-97.8062,80.2188,-94.4379,58.9476,126.069,-107.483,-10.1675,-123.662,-86.1483,64.2686,14.7262,-53.9912,-162.364,-149.643,-42.3563,-119.196,101.918,80.9237,52.7664,214.285,-91.5403,4.75259,-145.755,22.9825,-99.851,
	layer
		node 174.892,65.7244,-130.916,-152.485,175.749,141.635,
endPlayer
