// Player78
stat 5
	layer
		node 94.4359,-138.968,-96.7628,-146.293,-40.1812,-71.1402,-91.282,49.8974,-119.93,39.9746,-156.019,-100.687,-13.1063,29.7985,243.552,54.9251,-73.807,119.76,88.3276,-117.558,-71.6361,95.9517,-10.5897,30.2131,-72.1577,-102.589,
		node 30.7532,20.3252,-87.6215,-90.2146,30.4142,-68.1071,-125.195,108.244,-113.223,179.791,86.7528,-122.767,175.924,-103.64,-145.494,66.9677,85.5546,82.733,-113.796,23.0637,-33.955,106.714,94.898,-104.582,91.7258,180.342,
		node -44.704,-144.823,-121.458,18.839,104.527,138.068,-106.577,108.167,226.825,-93.2104,35.9075,-59.6001,140.539,-92.4711,66.3579,-2.15937,47.7424,94.636,-110.247,-176.421,105.997,138.205,-89.0946,-34.2679,-106.395,-8.50903,
		node 94.6829,56.8487,82.3081,-70.359,-105.286,260.273,-6.86992,128.41,-67.4771,-99.9216,140.352,-128.877,-131.592,-118.911,12.6123,-62.3096,-5.55692,84.3414,80.5745,-39.9985,-82.2416,57.7689,-2.1443,130.733,200.419,91.4399,
		node 90.9437,-116.25,-47.9605,74.4254,-132.011,127.292,-103.662,-121.463,-137.068,40.6368,-55.6186,-48.6354,-64.7075,-123.115,-121.37,11.6018,-50.8839,257.461,-48.1075,-47.2308,-83.5802,89.9976,-114.49,-103.771,213.301,-65.7455,
	layer
		node 102.044,-134.893,121.497,-125.427,58.1429,224.249,
endPlayer
