// Player9
stat 7
	layer
		node 11.5656,49.6211,31.9515,34.1793,-20.2486,2.42564,-29.155,-27.6815,-56.6223,19.7015,-9.73813,20.7641,-30.7233,32.711,-25.5526,-22.2532,26.7789,-25.2748,60.9687,-34.8479,27.8139,-15.5806,44.169,-52.6786,30.9597,15.1792,
		node 18.3432,2.64966,60.1927,-4.06198,20.6105,18.6631,-33.0457,35.991,7.64621,-36.8055,0.621827,-55.5564,-48.4279,15.2071,13.7666,-16.6922,-56.2824,37.3081,20.5192,45.46,-45.597,6.82105,-34.4182,18.3559,57.7582,-58.4587,
		node 24.0094,-6.00233,5.74896,-36.3378,-46.1664,-3.8535,75.9959,43.6689,-26.7218,-69.1129,-40.3231,54.4512,11.072,29.2321,-52.7571,2.30567,-91.7843,-13.882,-32.7055,-2.56659,0.197058,-59.4393,32.5287,-18.8955,-31.7844,5.24554,
		node 13.8389,33.0817,0.252855,16.658,32.2478,-17.0818,-8.18806,29.2261,1.53779,47.986,34.7966,-63.8009,39.747,19.1519,9.43578,46.5895,29.0991,-7.31767,33.0923,-5.33203,-63.0324,-10.7881,-10.7602,19.9317,20.0464,-50.184,
		node -9.45106,42.9613,59.2568,33.2001,-47.5862,-34.2693,-29.7325,57.074,29.8671,-42.398,-23.9194,-7.90217,-52.2451,26.0926,-7.00468,-27.776,54.2663,2.3325,40.1776,-75.7048,-39.1782,6.7014,-62.5787,27.7529,17.4904,4.21057,
	layer
		node -13.2877,48.5767,-7.44539,-21.3344,48.4676,-34.5751,
endPlayer
