// Player87
stat 5
	layer
		node 4.0421,-37.5379,20.2297,21.308,-10.5623,-0.663827,-71.8736,19.502,22.55,19.2399,-41.674,7.26641,-20.5072,19.3812,-15.3062,-23.4539,-66.9141,-43.8947,23.6018,-35.281,-25.1531,14.0169,-32.9929,12.4811,16.3283,-8.36663,
		node -40.7366,15.383,7.53054,-0.759146,31.294,4.99812,-30.1643,-48.9938,18.213,-53.7777,6.57956,44.4691,21.5321,1.70495,-17.9423,-54.4708,-6.40603,14.5582,-22.934,17.1466,18.017,30.8574,-15.5573,-8.27207,72.0112,-67.2826,
		node 31.417,22.1217,6.16449,-1.48297,1.48938,-31.7978,-9.18669,-54.4467,-26.039,-72.8276,9.503,37.77,11.4057,50.7038,-56.9308,8.04419,-97.7978,-52.6291,-42.3517,35.1781,28.0885,-56.2266,8.74699,17.8264,79.3125,8.61135,
		node 14.0829,-17.6753,1.97919,44.78,45.5092,18.3222,-14.735,-31.5983,61.2796,73.3507,-12.9631,-64.7122,52.8142,-2.45646,9.20854,33.9702,4.4594,48.1705,-39.456,70.0487,-37.9527,-2.84779,11.9963,13.222,-59.9969,-67.9839,
		node -8.58856,41.7116,-1.16528,-61.5698,-31.3332,21.2109,-22.8317,-39.1877,-31.451,-14.6895,-46.4596,23.3769,-41.5124,24.0434,6.40245,-18.6765,3.02266,-2.49644,15.9477,-73.0491,-47.0519,18.537,-70.6046,-57.6704,32.5924,0.305749,
	layer
		node 27.377,-23.3276,-25.5543,-10.6124,44.0536,28.0652,
endPlayer
