// Player64
stat 5
	layer
		node 91.5585,-32.5132,23.3653,79.2556,49.2506,-29.6878,166.965,1.63703,32.4981,33.4854,-15.6018,-94.6193,90.8738,41.4244,-22.861,-4.85725,120.365,26.2322,16.3815,-9.09951,-40.3371,59.7967,-62.4679,-11.6066,-40.5794,-82.8681,
		node -28.2453,115.459,-29.9447,-47.4038,-8.9402,-73.0495,76.7149,102.422,-42.7968,-15.8981,44.0793,-7.26455,71.2259,21.4595,79.6306,-56.9754,13.2003,-10.0149,123.724,-179.62,88.4255,56.283,23.791,-30.2693,107.707,60.3885,
		node 79.0217,-24.0688,88.0515,-19.2156,71.4895,-18.8662,-24.4714,-50.2282,60.938,-53.6976,8.93952,-80.9387,-74.6348,72.1651,30.0151,103.111,-19.6887,-20.4208,50.518,69.4442,-28.3285,76.5744,-36.0316,-27.9726,109.642,-20.3271,
		node -47.4943,86.9434,-107.1,-70.548,-55.4064,-9.10216,-6.27771,6.28194,38.5762,63.2077,-71.2647,101.515,45.2527,-63.279,-34.4541,84.4201,-16.6018,13.1732,2.95544,12.4881,-56.8227,-6.70777,99.6132,125.856,-1.95149,-3.15137,
		node -75.9783,-83.9131,-8.5007,4.63974,-9.8132,-58.8947,114.715,74.9351,22.8894,-13.9392,79.9373,-174.238,-13.1545,-46.9115,20.5467,-106.503,-99.0398,46.5173,13.5457,18.0169,20.6243,46.5954,100.428,-12.1322,-36.9527,-20.2179,
	layer
		node 103.277,-150.88,89.5646,16.5955,-44.0679,-7.28885,
endPlayer
