// Player11
stat 1
	layer
		node -81.9167,146.787,-32.0696,-199.418,176.793,217.091,-200.518,192.741,-14.342,-95.3063,-189.06,260.277,-65.605,-12.4723,-17.6543,138.982,-25.8439,4.84578,320.371,-33.2523,-185.212,-92.1711,-38.3434,-198.755,-146.472,-219.048,
		node -84.7434,146.128,-169.845,-87.606,203.594,-63.3096,212.714,-40.581,-209.484,-203.857,-222.833,88.2392,-190.587,-193.542,302.178,164.386,12.5656,313.816,-162.908,245.203,206.548,218.574,-15.9124,-78.3838,-18.9783,302.077,
		node 226.643,273.204,-73.7463,-30.3521,-55.8002,-172.072,-21.1209,-95.82,265.076,234.095,207.038,203.5,72.5284,183.515,-196.649,223.708,-17.1669,68.0714,39.0528,-32.6817,72.1889,205.894,74.0726,162.413,312.139,-73.7048,
		node 116.648,281.001,224.606,27.6236,38.8734,-86.5697,-26.0165,-192.575,-65.521,-207.182,131.548,276.008,236.494,199.048,338.287,-107.031,169.088,-199.114,-31.2965,-192.577,-123.474,-158.156,-226.277,-71.3557,226.729,-113.95,
		node 214.253,-37.2135,88.0422,171.762,-160.209,-5.26862,154.243,10.3042,-171.363,-73.3737,219.047,-80.8863,9.22343,150.436,108.301,-207.524,-33.8083,143.411,143.848,204.656,-231.229,161.027,-66.7791,-62.3963,84.0248,21.4932,
	layer
		node -187.192,-186.674,216.639,197.213,198.628,-32.6018,
endPlayer
