// Player84
stat 8
	layer
		node 247.585,-8.04176,124.938,-196.887,-113.596,-68.586,-192.205,285.901,166.985,-88.985,9.48226,-1.91398,-189.22,-10.2759,-26.9099,-202.753,-180.12,-73.3389,73.6171,-240.557,-170.155,-101.635,14.7679,62.3565,198.962,212.025,
		node 38.9311,330.79,211.277,-196.331,201.362,188.15,-190.636,29.2344,17.9131,-225.439,-10.6599,-25.9929,-185.466,173.349,3.94852,-201.385,50.0753,-62.83,12.5796,43.2106,-195.693,217.665,-209.489,-77.964,-182.38,294.826,
		node 2.03459,296.405,-164.479,13.4738,303.383,-166.758,-159.67,211.477,-64.5348,20.6312,198.387,217.362,182.678,-102.967,148.978,189.272,-30.0404,66.5293,-64.6053,-191.568,73.4765,-7.4201,73.9263,158.499,316.026,-30.1917,
		node 115.445,-218.471,290.399,28.8826,-168.714,230.858,296.145,177.231,213.309,-202.179,-61.6055,-65.4697,203.198,216.73,130.253,-12.4527,-30.9306,213.357,195.341,-72.9845,127.065,-166.299,292.042,-65.3203,178.514,-1.56522,
		node 196.19,-20.0338,89.7516,-248.433,111.127,-167.175,-165.301,131.963,321.445,20.1177,217.796,-128.049,-122.565,-97.5019,123.012,77.2107,-175.74,216.314,143.019,208.634,308.639,-77.9641,-185.98,-36.868,151.523,-90.8705,
	layer
		node -124.631,221.862,143.227,215.279,-204.787,199.774,
endPlayer
