// Player73
stat 6
	layer
		node -194.174,36.1033,27.327,-264.783,83.9307,87.654,22.3323,48.0908,88.8884,37.415,-45.92,44.1868,-11.5463,-140.25,-85.9187,-113.993,59.0043,-191.187,50.6092,-52.9841,103.237,93.4186,88.2094,75.1453,-139.307,-10.6833,
		node -73.6095,-87.6626,91.7286,-5.38882,40.3343,63.5152,66.0621,-155.322,-29.8773,-127.935,77.0912,91.2429,60.7295,50.3223,-79.7058,38.8893,31.126,77.8618,48.2575,-42.2269,22.091,86.8032,97.0561,-111.006,104.866,69.0045,
		node 54.0996,-116.875,-17.0311,-9.10596,-39.4122,-1.96395,-138.728,66.2417,-6.83823,-2.56101,-62.5582,-95.6387,23.0236,17.4335,-79.3532,-78.2125,-152.426,114.279,87.2111,58.1689,31.0288,12.0797,-40.8613,12.9726,79.6374,69.4314,
		node 39.8782,-276.552,85.8726,-74.9718,-44.5929,114.742,-101.199,-58.1277,51.1766,-25.3699,36.991,63.75,132.467,-45.9631,1.65753,-158.578,52.0603,-106.284,63.4637,-114.295,-9.56936,-32.2825,35.5032,45.0481,84.241,51.285,
		node 7.92647,77.6605,11.269,91.024,-43.2623,-262.561,59.9356,109.044,-67.7283,-65.5444,47.6156,71.742,30.0841,70.6049,107.889,24.4192,15.0932,55.8371,95.4243,-141.847,115.892,54.7268,45.8956,-66.383,114.986,-44.9748,
	layer
		node -79.7467,43.8064,73.8136,-42.1961,-98.8638,-7.40974,
endPlayer
