// Player1
stat 7
	layer
		node -53.7736,-56.0754,8.63453,-86.8444,-13.798,2.20629,-12.0577,-72.1044,18.3306,-27.3751,4.06796,-81.2068,-67.6342,-10.2378,35.5771,49.5205,-13.4955,25.1426,-4.13954,0.380793,-99.8799,34.0973,-9.73926,-145.388,109.544,-7.07989,
		node -1.18887,15.0087,14.8296,-4.2429,25.8427,4.80643,-61.3218,12.5445,8.04547,-125.868,-8.45319,3.69782,11.0654,-16.0555,11.5847,-113.966,-87.3418,-67.5017,37.388,36.7787,-35.1712,-7.60677,18.0346,-66.1142,52.9338,51.0127,
		node 0.852071,-71.3957,-88.1752,-140.46,19.9879,-9.24458,26.142,61.3039,53.8745,-25.8761,28.4335,62.8481,-22.0645,11.7263,-1.33481,42.2832,65.5782,79.021,-154.125,14.2073,15.3954,4.30273,4.84392,-27.6857,64.3972,-19.7619,
		node -8.56004,94.5969,-10.8383,-18.3048,-2.40556,-40.1403,67.4088,-9.09157,-97.8117,-123.571,-57.168,-49.3761,70.833,8.97618,-11.7738,-61.9635,-101.481,-156.572,-64.5097,-3.06743,-14.6522,-137.979,40.338,-26.0971,-145.013,-81.3414,
		node -25.1227,4.518,3.70331,16.3542,-23.1625,39.9246,37.6444,-1.85114,-16.3764,61.0902,24.6863,11.8132,-19.3907,-43.109,-103.082,37.5458,10.1511,21.0063,-46.6999,4.8127,34.2469,1.07966,-54.1792,9.18363,27.1175,-65.4967,
	layer
		node -128.725,-79.6701,-66.4827,41.1878,-30.375,37.0674,
endPlayer
