// Player21
stat 7
	layer
		node 2.03452,28.7544,53.4558,149.988,-53.6708,-59.5171,-11.3167,-34.489,140.111,108.003,161.011,-149.669,211.058,-52.3672,46.7668,55.44,-51.58,-47.4863,-48.7603,84.1531,-71.0795,-35.1239,94.1316,94.3142,-22.9086,36.8769,
		node -23.0597,273.809,-77.1137,-123.399,-72.001,-64.7196,-68.8152,10.7708,59.5707,-2.94808,-127.404,37.7654,217.213,-31.9449,128.23,211.35,-111.491,-33.0142,141.31,70.4266,-120.086,32.0562,40.3596,16.0036,-68.8508,-98.7561,
		node 4.66536,47.937,41.6075,14.9209,133.042,-2.50424,-15.4946,46.1575,222.053,78.0908,-2.64305,10.6118,5.26271,338.85,-73.9006,-94.1892,34.0096,-67.208,-88.4776,-105.833,-49.3592,146.267,51.1907,-78.1539,-44.7891,111.786,
		node -48.2057,-8.909,120.614,77.5707,-36.3435,-57.0013,26.1807,259.266,-90.2661,149.443,76.8905,123.181,-108.714,156.047,64.2229,13.239,51.3394,118.297,77.574,-39.7786,-82.3831,256.242,11.4023,171.357,-101.577,82.5539,
		node -43.4148,-245.701,144.538,-33.7443,-12.2672,-71.6229,-79.0956,-191.102,-32.2087,-6.89488,119.572,30.602,47.5599,42.6945,-46.6105,-34.9129,137.948,157.257,98.4862,163.58,-82.7949,147.821,-83.2087,-235.207,-53.7795,230.094,
		node -84.9394,-84.7026,134.153,90.5147,-49.7639,152.996,44.4349,3.97131,88.6384,-170.454,-1.85562,3.34575,-56.223,20.5901,-10.6851,2.90648,133.777,182.468,-75.3788,-60.4652,-108.704,1.8127,291.774,32.388,-123.028,162.984,
		node 100.032,184.715,60.6759,-40.1501,-74.2395,-130.138,-74.5101,32.5147,1.52348,213.702,-28.0039,38.7863,-40.5434,26.9666,-109.578,-40.2703,-94.8554,24.7555,-45.1752,237.855,92.5393,124.674,13.9076,-83.6665,150.202,40.8876,
		node 89.1936,-341.123,121.91,146.026,-52.9674,48.8055,123.02,-25.8835,-113.261,22.8245,-21.5142,144.737,-100.725,148.896,-75.1232,-107.527,55.4414,-12.1866,62.7872,59.4241,87.1758,-196.298,42.7689,62.7491,225.531,-111.085,
		node -14.2632,-29.7637,-64.804,139.89,49.8658,270.961,238.719,-45.5252,79.4635,27.2713,6.52946,-39.7571,39.4827,32.1142,1.62802,269.055,-21.1861,-36.4104,-43.4748,5.02488,16.2395,46.6893,156.825,-77.8549,-68.1424,205.642,
		node -35.0573,1.68859,45.4516,92.3091,40.4338,32.5616,105.437,-106.971,-58.4714,-261.257,-47.5557,30.7944,-55.16,81.6429,-17.8345,-113.27,43.8025,151.925,-21.343,12.9095,80.9801,-81.0073,52.9943,-27.983,-252.325,-47.0335,
	layer
		node -23.3244,146.253,286.35,43.9651,54.2975,-52.3879,-71.1036,4.0689,30.1633,64.9717,15.0087,
		node 49.9681,49.4252,85.2256,12.0172,67.1188,108.326,145.378,237.567,26.2845,55.6877,256.697,
		node -10.2556,23.6477,186.373,121.652,-146.049,97.0616,-23.6652,10.6733,61.0836,78.7731,135.193,
		node 35.1214,-165.984,-8.21991,19.668,-15.5196,138.388,-11.0748,-21.6807,-37.0652,44.4881,-96.8056,
		node -80.7785,243.302,45.9523,-46.4083,68.0365,-142.037,-92.1683,43.387,56.564,23.4405,-1.39569,
	layer
		node 27.4027,-31.9024,153.735,145.109,39.6356,41.0535,
endPlayer
