// Player78
stat 5
	layer
		node -51.2256,73.0896,20.4053,36.8621,6.14119,56.6078,32.4157,47.5076,91.8646,89.6508,77.3138,-6.28455,-13.225,59.9535,42.3314,26.0354,69.2263,-133.595,52.6713,82.2179,-41.1676,-76.4411,-6.895,15.9957,67.8149,49.2292,
		node 58.8414,47.5457,6.75736,34.7173,-241.053,-2.54502,-24.775,-90.9542,10.2222,24.621,-31.6058,62.3561,-169.695,14.4824,43.0133,91.9782,30.2794,75.444,56.3152,30.0855,-129.26,48.092,-133.712,58.4976,-122.15,94.077,
		node 21.4674,-263.668,-177.777,-4.9065,44.5977,-4.72504,-165.431,-23.1975,48.6561,87.4561,-231.011,-80.8323,37.5075,-19.824,23.3977,-257.903,27.562,12.4231,16.8232,4.34283,117.052,24.795,61.3734,21.4577,31.0172,-22.7762,
		node -159.511,68.9344,-35.4214,-131.528,44.4193,10.9498,-2.73042,-23.4195,85.9841,13.8926,-2.23418,-32.3877,-43.9241,-215.901,-84.4008,6.53014,48.7173,-253.216,-43.1674,-152.141,66.8099,107.499,-82.3632,-55.6204,-137.071,9.44706,
		node -51.717,64.0785,-63.8444,33.2242,48.0682,12.8553,61.262,45.5028,36.2852,16.2225,68.96,-51.1242,-16.9475,-24.3976,82.3652,4.803,69.5768,-8.98815,-215.05,-15.9754,72.5356,-7.24954,63.3459,-85.137,6.67581,-70.8538,
	layer
		node -35.4451,-26.5339,39.9318,18.1686,-174.805,49.9544,
endPlayer
