// Player88
stat 4
	layer
		node -27.1812,-37.1971,-109.064,50.0528,-48.9675,-41.5843,51.6968,24.2844,11.6979,14.9889,4.117,-123.606,80.8084,5.90214,78.9065,-28.8165,32.9991,-29.447,21.6306,-20.7923,32.993,-64.7492,20.4414,-26.7004,-101.786,-12.2553,
		node 18.2971,-36.4519,40.5358,-76.4785,-39.8822,-47.1438,-12.4378,25.4686,28.9281,-25.2708,-113.479,27.6264,-116.013,40.493,-2.37839,20.6713,29.0429,-90.4807,-141.491,4.36099,9.00594,33.7554,69.9232,-13.8937,-21.4114,44.7071,
		node -180.571,-44.3724,-62.1154,33.1231,22.6576,8.38391,14.3025,29.075,-28.3513,-50.9683,31.1138,4.03297,-7.26128,40.3931,-21.7319,31.9283,16.3987,58.9991,25.1715,-18.9754,-71.4404,-17.426,-38.1479,-20.455,23.5701,8.32039,
		node -1.82878,29.6969,50.0324,44.2349,5.49605,-52.169,14.0939,-11.572,-24.8368,-44.7006,35.6518,28.1425,-89.2057,-37.8414,-68.2035,24.0921,18.5489,40.5585,2.6728,18.8355,11.2385,38.3503,2.31937,-37.8951,-68.2947,-21.9036,
		node -40.2551,29.5827,26.9792,37.3948,49.8876,-22.2876,35.9319,27.9116,-64.1628,-33.0693,37.0189,68.0985,72.9511,47.1751,-23.4359,52.7439,55.9657,-23.4929,-32.1639,-22.2072,-40.9347,51.3847,19.3231,53.319,51.1182,37.1832,
	layer
		node -36.0971,-23.7653,-22.8448,-98.0358,74.1436,1.45225,
endPlayer
