// Player27
stat 7
	layer
		node -38.7301,-83.9553,0.422735,-36.4323,9.66386,21.6227,-19.8188,-41.3953,-2.01696,-92.1569,18.5783,19.8942,87.9894,-58.1756,41.503,28.2093,-101.229,-30.6363,25.1167,-22.639,33.1714,-64.5227,19.6615,-32.6546,12.1457,-6.7862,
		node -17.9172,-40.56,-79.4882,-120.09,-6.86953,2.27518,66.4769,-22.7229,-128.215,-13.7339,-144.936,32.9987,-119.493,57.3155,24.202,-0.10265,14.1078,-26.5338,19.2433,-16.3653,28.0632,47.7875,55.0628,-114.9,-106.772,-135.497,
		node 26.6648,-52.0504,-62.2163,6.24784,5.86412,3.10211,-63.3784,-5.74593,-10.3812,-53.0854,27.4037,1.88598,-13.3802,-45.2003,62.2071,15.661,40.1138,-69.4521,24.8127,-22.7736,23.3348,-31.7808,-44.95,48.9925,16.4389,14.5324,
		node -19.566,-28.6903,60.3618,69.5026,4.77081,-56.8565,1.4585,-8.45155,43.792,71.6674,57.8398,18.0217,16.0968,-42.3367,11.1476,-7.64212,60.3785,40.5625,-5.54157,64.8757,-32.3097,24.9537,46.0581,-48.5026,-56.9389,7.4114,
		node -38.7577,26.5792,17.1581,6.9304,34.1085,-3.31464,30.1099,20.3694,25.8119,-32.4997,-44.9264,3.83633,-41.1344,-10.8682,23.9023,29.3394,46.8732,51.6808,-35.9395,-5.66841,-38.4657,29.7762,10.1332,59.3206,-8.39385,45.0613,
	layer
		node -61.7683,58.6708,-28.8539,-41.0781,69.7695,58.1422,
endPlayer
