// Player9
stat 3
	layer
		node -21.7058,-25.6357,-78.1025,-36.9627,11.0263,51.0945,-60.6247,29.5143,7.33321,11.8698,-2.3153,-122.75,81.4567,-0.636113,35.0071,27.9597,37.2461,23.5112,36.0915,-17.5387,40.4528,-31.5072,18.0007,-31.0834,0.263854,-8.74918,
		node -15.5619,-36.1918,-0.244428,-14.3189,-35.6011,-57.6069,5.60034,23.6636,-23.7781,-26.3362,43.3605,30.4181,-100.817,55.6798,-34.6279,8.91897,31.5519,-26.3316,18.5351,-71.5418,32.4284,49.7872,55.6128,-26.6854,-24.4872,-133.705,
		node 42.306,-189.873,-61.246,28.2849,1.90342,10.7536,-63.3961,1.82581,-14.4568,-45.9966,-4.42463,11.8932,-15.7466,-41.2306,5.35077,31.1639,35.7325,-59.9688,-27.2121,0.0841117,24.9945,-5.56728,65.2403,-61.4455,23.1178,-3.83816,
		node -15.0365,-16.0985,47.2546,-12.1689,-1.30567,-56.7904,-68.0542,-7.80583,-52.757,69.8948,-42.0434,-21.4781,10.5523,-41.6644,-68.8114,-10.0992,4.33179,-8.38928,-6.99301,56.5812,-50.8412,6.23187,22.2731,-35.4022,-52.7045,20.7358,
		node -44.0115,6.49865,45.1083,3.16934,19.917,-3.68165,25.6153,-22.7154,25.0362,-32.4038,5.88241,-32.1445,55.4971,-115.514,-11.484,23.772,-2.3704,-27.88,-45.4079,-2.88086,-36.8635,28.714,25.4349,59.2758,53.1739,44.7835,
	layer
		node -88.0287,-44.0902,-56.5789,-60.7029,21.0108,12.0397,
endPlayer
