// Player32
stat 7
	layer
		node 59.3035,-76.1362,28.5205,-66.5677,16.4237,-26.7762,66.3357,-20.7615,-165.449,-219.736,3.04904,45.6861,44.3818,75.6459,-63.9844,-347.555,-71.7234,-58.4069,-176.009,33.9837,-7.56093,154.303,-267.658,-280.196,23.5849,54.2208,
		node 54.9831,111.153,-16.81,42.3878,2.18707,139.491,-69.1325,49.6096,-179.032,43.1981,-27.1881,57.7779,31.1325,-50.9558,-66.2037,66.3051,63.2202,14.5386,-26.6771,-62.715,-230.06,9.89198,-74.8986,-172.085,90.2783,68.1425,
		node -22.9794,-7.85422,45.3351,45.6977,-74.8827,-19.5397,-262.438,23.7597,-61.4862,-33.5796,79.1427,-298.784,-340.214,111.026,-18.5689,-85.4663,-171.453,-12.5124,53.6693,-246.27,-2.67496,-177.391,-59.2079,63.2692,-305.856,-344.527,
		node -47.8819,108.069,54.183,1.3441,-23.5214,-256.695,-147.171,34.2674,69.8224,-58.2423,-283.431,4.4316,-308.106,-18.9785,-66.3457,-164.786,71.4665,-274.123,-83.0586,116.315,98.205,-282.538,-58.5405,107.276,71.1719,-244.564,
		node 42.2288,-218.34,58.1828,-253.838,1.06855,-51.2539,41.6587,112.419,-76.4958,-177.343,-76.7171,91.5036,-42.7792,58.7871,-19.1269,-265.61,68.0631,-270.129,-37.667,65.9875,-229.096,59.5666,-8.02167,-167.31,-54.408,-47.9243,
	layer
		node -36.2383,-4.94564,-54.5014,0.62199,-199.187,-148.556,
endPlayer
