// Player92
stat 4
	layer
		node 0.181805,-264.072,-31.7428,-33.912,-84.6569,-250.587,5.30469,98.1283,14.8372,46.3856,53.8091,-55.8449,-225.209,-252.445,124.346,-31.2967,45.8139,-7.16444,50.8582,-280.063,-6.44434,-26.2074,-9.20546,91.6207,21.4878,37.455,
		node -359.803,-14.2401,-20.9008,61.6453,-64.8215,-157.08,-48.0106,-50.4022,17.365,-62.9121,-3.18639,-25.1873,-138.656,-266.149,-133.367,76.1199,43.6362,12.2983,-77.3129,-130.24,-260.295,-37.8884,47.3032,-161.758,-60.5833,145.473,
		node -33.6381,-7.18328,-51.2586,-20.825,-278.468,-15.4195,-264.235,-14.3516,58.3111,-32.5864,102.285,81.1898,6.13966,35.0996,-259.645,-25.7479,-13.2498,-76.1868,54.1952,117.997,-163.531,-186.878,-273.217,-70.4276,62.8368,-61.5271,
		node 41.9718,-350.669,-238.74,125.014,-28.8226,-262.015,-276.719,-79.0042,69.9401,67.6063,-282.606,-0.245889,-177.219,102.717,-202.557,-215.806,13.0801,-209.752,-180.907,-29.5413,-365.675,-55.79,47.3446,9.66275,-137.075,29.3472,
		node 114.319,-64.9968,-16.1313,-20.0138,-215.076,-42.358,43.7276,-45.8586,-172.341,-2.53265,-78.7353,88.1022,-77.355,-70.8845,8.8501,-191.852,-33.8593,-250.396,54.4079,27.7247,18.4797,-49.5815,-22.397,-80.5606,80.7592,-176.873,
	layer
		node 0.468861,-2.89733,95.8721,-26.0433,-8.12857,-4.31735,
endPlayer
