// Player50
stat 4
	layer
		node -76.5716,-76.4737,119.376,-48.6323,-27.3698,3.17864,-20.8307,-111.42,-115.965,-120.241,-104.567,-120.601,-113.741,-156.225,-108.377,-93.0317,38.3073,-138.133,-53.5288,-200.329,-127.55,-73.71,-91.4748,72.0537,-78.2482,24.1252,
		node -62.9337,-96.3174,-101.407,-41.0734,-147.47,-119.853,-33.7546,-138.749,-170.617,-135.953,-96.8242,9.62519,-118.965,-119.865,-72.9936,-27.6474,146.483,-17.8482,-32.1908,-177.963,-113.004,-51.18,-69.0505,-84.6167,-133.775,-65.3245,
		node -191.445,-120.507,-67.8598,-72.4084,147.596,-140.868,-37.4685,-41.7865,-45.6,-40.9257,-58.1973,-62.7542,-49.2034,-158.037,-43.7267,-101.316,-91.3669,-27.1891,-132.041,-67.2863,-28.446,11.6073,-183.694,-70.0786,-80.4231,-133.392,
		node -56.1738,49.4743,-118.348,2.95546,-221.925,-115.736,-135.555,-107.956,-105.978,-66.2452,-128.742,-52.4799,145.326,-70.8536,-36.2638,-100.962,11.7022,-130.834,-46.5352,-84.5179,-45.5606,-73.1777,-39.2029,-3.56424,-122.612,-51.1012,
		node -48.817,-5.98469,-98.9557,-113.228,-109.028,-115.9,-41.4744,-91.407,-128.153,-118.905,-138.69,71.0902,-3.69667,-165.696,-108.532,-66.7291,-31.8089,-2.77802,-155.162,-94.6962,-38.9758,-159.875,-112.949,-209.842,-77.421,-164.92,
	layer
		node -160.245,-191.135,-97.6632,-143.399,-104.24,-119.309,
endPlayer
