// Player98
stat 8
	layer
		node -172.133,-88.6993,123.025,-49.5419,-109.825,11.5775,-113.449,0.659126,-151.139,-82.525,-64.7454,-113.686,-127.458,-68.9244,-108.469,-82.0129,-163.264,-44.8772,-90.0414,-180.481,-108.763,-49.985,-63.0361,-29.7002,-126.935,24.7439,
		node -62.8816,-161.35,-56.9269,-34.1286,111.218,-114.52,-43.8173,-82.3071,-141.271,-137.056,-134.461,9.30292,-107.251,-116.61,-122.557,-14.245,-51.7151,-59.4455,-114.973,-163.665,-94.7277,-131.335,37.3743,-82.1755,-129.521,-34.5121,
		node -196.987,140.637,-47.1795,32.2342,148.608,-131.139,-136.502,-36.9136,-159.778,-51.7947,-102.143,-25.5462,-184.405,-145.228,-127.925,-94.7274,-65.6955,-146.181,-63.5997,-67.7673,-16.548,-93.9205,-178.048,-73.4932,-106.895,-12.2567,
		node -201.09,139.949,-88.578,-5.75305,-78.1879,-37.3376,-49.6742,-142.466,121.514,-25.1603,-116.299,-50.754,-60.8731,-85.0367,-99.7151,-99.631,-179.946,-85.383,-79.5625,-77.521,-128.328,-70.8432,129.541,-5.441,-122.503,-36.5983,
		node -46.2254,133.593,-96.6613,-68.1067,-170.26,-167.052,141.787,-136.99,-43.3809,-190.448,-65.9417,-26.325,-52.5567,-156.855,-79.7042,-57.5321,-45.6928,-60.7864,-52.9983,-11.2701,-126.566,-186.689,-82.9217,-187.727,-144.847,-59.9058,
	layer
		node 100.64,-61.3273,-154.769,-71.5381,-154.162,-108.109,
endPlayer
