// Player63
stat 6
	layer
		node -129.925,-73.1348,-154.556,-59.984,4.65771,-148.751,-73.9795,-54.7832,-55.8562,-84.7145,-74.3705,-43.5026,-63.9008,-125.734,-86.1635,-74.1987,46.7523,-44.8602,-47.6484,-15.0318,-125.38,-135.421,-56.6637,-106.165,18.7698,28.8159,
		node -70.1514,147.946,-103.586,-84.8278,-143.688,-117.904,-41.7755,-154.452,-33.733,-65.9347,-92.5758,21.6807,12.5589,-36.0706,-62.3948,-119.616,-49.9334,-28.7572,-132.484,-34.3981,-120.055,-112.398,49.7002,-75.9943,-47.2459,-24.8217,
		node -188.764,-117.966,-44.9576,-122.41,134.515,-74.4229,-147.174,-119.066,-118.393,-101.996,-121.019,-18.7111,-114.929,-137.016,-37.7319,-23.6504,15.7884,-66.7311,-84.267,-104.545,-29.3931,160.379,-114.736,-121.077,-82.6507,-162.329,
		node 77.713,163.795,-121.741,-13.6418,-71.1818,-124.57,-87.5371,-103.789,-65.1811,-28.5289,-127.333,-1.60859,-118.666,-75.1038,-119.023,42.3377,27.8525,-69.8343,-58.7638,-70.5397,-60.6592,-70.5654,-115.269,-12.3288,-130.487,120.808,
		node -44.7459,-90.3606,-65.417,-180.001,-119.193,-114.772,-63.6965,-145.725,-95.854,-77.2208,-111.436,-48.2205,-139.776,-66.4353,-52.778,-65.1411,-67.8429,-40.7036,-36.35,-29.8508,-131.05,-113.581,-26.9983,132.717,-86.9613,-193.975,
	layer
		node -57.8956,-106.833,-8.40652,-73.8405,-67.1175,-28.3356,
endPlayer
