// Player55
stat 7
	layer
		node -13.2917,25.1372,-1.41338,10.9403,-7.94418,49.1836,24.1056,1.78995,42.6582,1.79706,-2.42811,44.7935,19.2105,6.40374,-19.1175,-14.4924,5.64358,-18.8308,35.5583,-1.6379,-23.4547,-6.50556,-6.49751,12.4795,-25.7851,18.3854,
		node 48.527,5.44009,27.285,-100.597,-66.8413,15.7595,21.3504,-1.65194,-11.0803,-8.07858,3.42684,-19.0908,-33.8063,-4.18202,2.28924,-14.1977,-95.108,-2.26737,-44.492,20.6815,26.789,-13.9478,-80.485,20.9714,15.501,15.3662,
		node -19.3287,41.3228,1.37053,-4.10121,-7.80533,13.5938,-49.309,48.8523,-14.8237,-32.7324,30.422,-40.8311,29.8146,-28.2256,9.52525,-11.6916,-18.2924,10.8725,9.57013,-0.902963,-47.0107,9.04791,-12.9448,47.3683,-44.99,-10.9328,
		node 6.94085,43.9688,-0.405075,10.9498,29.4043,27.8239,-36.5693,-2.36877,-2.91047,19.3746,-15.9121,36.2484,3.53775,33.4525,-34.8305,5.86041,-27.9732,14.6091,-2.32674,23.1936,14.1236,-51.2422,28.9005,-7.67652,21.9793,-10.2015,
		node -11.6082,7.15521,-94.2513,18.5759,33.6147,42.3715,-6.23957,-9.2237,-45.5976,-18.3439,-14.1412,7.61453,13.4228,-25.2186,-6.09745,18.8936,-7.01518,44.6613,-14.3482,3.61229,-5.37846,53.6739,-42.6895,-11.903,-2.7719,-13.9761,
	layer
		node 23.1134,-8.50275,17.9274,2.1167,8.45625,-10.5209,
endPlayer
