// Player46
stat 5
	layer
		node -11.361,17.4344,-4.86268,9.42577,-7.50989,-13.6056,-13.8075,-12.1661,65.5326,-1.19002,-13.6175,60.3344,14.7404,5.80694,-25.815,3.16402,-10.6209,-14.7527,36.1218,-1.72023,-26.0213,1.41577,-23.4701,17.7357,23.4562,14.5748,
		node 47.2632,23.187,37.2778,-121.469,-7.79816,14.8744,16.5446,0.0699346,-10.7467,-6.24857,6.93337,-21.3219,-33.996,-3.61364,3.3512,-113.412,-4.92302,-35.3708,-25.2057,20.2541,17.7028,-22.5947,-74.8911,3.43724,-59.8411,-19.5742,
		node -0.221459,-23.7516,21.0034,-6.01079,-3.78667,39.5109,-49.6685,43.9671,-13.7547,-19.6735,20.3071,3.51507,1.02116,-24.0728,7.67863,-8.85299,-12.4677,-11.2966,-51.9691,0.0998277,-6.19764,15.9934,-1.7917,46.7361,-45.0539,-17.9836,
		node 8.97666,-15.6889,-14.4482,8.70079,51.7462,-10.0742,-15.538,-9.84715,-28.2324,-21.4735,-14.6926,44.1309,16.1991,-11.9128,-23.6221,-5.94232,1.1502,-72.2861,-2.65949,12.3312,15.5614,-54.1311,-17.0344,21.1043,9.04853,-9.60824,
		node -9.0296,5.9533,-95.0552,4.57898,-16.582,9.28108,5.25002,-4.73317,-37.723,-10.2761,53.6043,-12.0693,4.40023,-3.01758,-6.46157,20.6681,-19.956,-7.87315,-14.9212,7.26921,-27.811,-7.2505,-44.0295,-15.6761,-5.56432,-22.2628,
	layer
		node -1.97278,-37.1122,-16.3329,-1.29854,7.53888,-8.75172,
endPlayer
