// Player67
stat 5
	layer
		node -12.4578,25.1646,34.7319,-20.5632,-20.0451,45.1483,-20.0134,-13.57,35.7731,-39.4469,-64.4387,15.6245,15.3632,6.15227,-27.1274,53.8725,-3.96326,15.9953,29.084,-20.7933,-12.2956,-10.6674,-62.1622,-79.2546,-18.6527,-11.8733,
		node -29.9402,-4.87965,23.2919,-124.086,69.3909,16.3451,18.0675,-3.32153,-15.463,-65.0682,-8.24297,-5.60502,-20.3589,-28.829,12.8801,-115.509,-88.6615,-3.47734,-7.52447,-7.66648,-36.6174,-13.4508,-78.977,-8.67424,12.0902,-14.9866,
		node -22.2016,-63.3381,17.9323,29.3396,4.79432,42.9639,-56.121,-3.24278,36.5478,13.3506,26.7322,22.8045,58.2376,21.0193,4.43116,-7.37399,-15.5284,-19.8312,-54.2802,15.9165,12.4776,-2.91473,-23.1684,-7.17202,-19.7563,12.2285,
		node 11.3352,-6.40827,9.27585,6.53211,25.1217,-8.77516,-28.6826,13.7319,0.139807,20.1521,-13.5926,-47.3446,15.3354,-8.96517,-40.4448,10.5307,2.16207,13.1785,11.0636,6.7676,-2.58755,39.6708,-14.3418,24.9638,18.6461,-13.0642,
		node 10.1289,1.16172,-96.0325,-11.7991,30.39,-13.5626,26.2448,-1.98619,14.6851,-18.8417,50.4254,12.1475,-46.8833,-1.95272,-6.16113,-13.3257,-24.9577,44.3442,16.0945,-32.5921,-10.7726,15.6398,-26.186,-7.68144,-1.23646,-34.9047,
	layer
		node -85.9191,-103.78,-12.3237,9.64117,59.768,12.7442,
endPlayer
