// Player19
stat 7
	layer
		node -29.3128,64.2474,-47.0132,-0.107743,62.6361,36.7298,-13.9344,-29.575,-0.51822,-52.5975,52.5443,24.285,-14.8211,28.2139,116.174,-43.9707,45.8906,13.2457,62.7675,42.7523,62.8391,49.5919,-0.0851635,16.5921,-44.9716,13.9445,
		node -3.22762,-7.37383,-22.0409,-14.2424,-49.6423,-39.0526,-22.5179,-11.9168,16.3251,-29.3562,81.8315,129.459,36.3581,12.8542,-17.3945,111.009,-25.5218,18.9737,16.8372,4.19048,17.3406,-20.6808,-2.47873,20.5949,-2.44732,-24.6357,
		node -61.5299,22.7329,-61.7746,40.4009,-14.0195,73.4723,-67.9111,33.3006,14.2595,10.9724,-30.0919,-54.9392,47.5468,-8.26597,-27.3848,6.63125,59.2496,48.4758,4.48351,-23.2707,127.991,-24.7902,-68.4509,-76.1299,71.947,62.5236,
		node -23.6478,58.6042,37.3276,-56.6722,-18.2236,59.2736,54.2186,22.6829,44.5094,-82.9495,1.80646,-55.6594,-42.5038,-19.8672,-52.6171,21.5107,-34.2918,35.6143,-30.836,-13.2864,55.1486,35.4874,91.1482,39.8964,5.01965,-40.3552,
		node -83.1457,17.1829,4.26736,26.5532,-23.7528,48.3224,-42.6444,113.266,24.9299,-46.2816,42.3341,27.4628,24.4187,-10.2838,108.151,-15.8073,93.9248,-13.4431,20.8378,119.675,5.18487,10.9413,13.5044,-2.74603,64.7759,30.5117,
	layer
		node 15.2997,-15.8278,-20.9908,80.2427,-37.6969,-5.4847,
endPlayer
