// Player34
stat 4
	layer
		node 5.14623,-3.87867,-0.789546,17.0279,63.1124,44.2824,-25.1771,32.3534,3.17979,-71.7042,59.9935,144.567,5.78405,-61.8843,110.109,90.3674,-67.8372,-21.0707,-29.3708,31.778,82.2164,-32.5129,-13.5969,22.0948,-34.0146,-27.4262,
		node 3.75434,-24.579,15.5924,20.8902,102.31,39.5237,-24.634,-17.6709,58.582,81.6563,-51.8969,104.896,37.7446,-48.9787,-1.03408,27.1642,15.8638,14.126,65.21,83.2192,1.05347,-12.0004,-34.5928,-20.8571,74.17,53.7033,
		node -60.5491,21.3819,-70.6166,8.5822,-112.174,62.7986,27.4193,37.2016,25.0875,-29.3928,15.8086,132.641,44.6802,-55.8215,-31.44,113.026,-63.6404,101.291,2.65217,-31.6335,101.704,15.1869,-50.1046,14.4411,12.7763,67.3677,
		node -17.9477,56.0013,-23.272,42.7685,18.9991,88.3281,100.831,52.1994,21.4509,20.647,1.55784,14.9009,-3.99633,10.4549,-75.4298,3.5644,53.7902,30.2659,-30.6333,-11.0907,55.9821,34.0091,85.7498,29.1312,5.87141,-24.2189,
		node -24.5209,12.043,4.71499,27.7465,79.9094,26.1556,104.587,-25.705,30.6522,67.433,39.0153,46.9651,40.7602,77.7248,-16.5936,-14.7623,79.4735,-9.34886,25.726,-1.57623,62.2172,-21.7634,21.5225,-8.90434,-15.6927,102.209,
	layer
		node 20.049,-22.275,-28.688,41.385,29.5428,98.3257,
endPlayer
