// Player23
stat 9
	layer
		node 33.347,127.198,21.7654,-58.5008,47.8523,35.9234,-88.8141,-11.2431,16.039,-48.892,8.82296,21.677,-150.085,31.0277,143.102,43.5449,120.615,-123.137,30.7127,23.5718,83.9803,-58.6086,-46.0279,-43.6671,40.1733,25.6869,
		node -61.2738,63.6927,99.465,-132.18,27.2358,91.1176,-78.0827,46.8685,-35.7725,89.6524,51.0996,45.6679,-118.127,53.499,-1.62933,62.2815,19.2366,-14.8767,-14.0123,-33.1648,93.678,-18.4699,154.462,3.6676,22.3775,59.5359,
		node 97.8465,-51.4058,146.714,-113.206,17.9319,-23.5869,7.27823,132.306,103.778,89.6346,-35.4422,-143.913,-77.6908,46.2116,-32.2015,69.0954,-57.6321,69.4795,157.376,24.8256,-17.3276,-38.7296,-64.6309,-33.6186,-24.2536,-23.1903,
		node 78.8265,-41.7146,-49.0168,137.561,17.7677,-49.5955,72.0044,24.0417,54.1605,-28.1362,29.5252,60.1801,49.0714,-75.6017,-24.175,46.6326,-44.0647,138.743,-56.6277,-56.3786,-12.7932,114.619,15.9283,52.1681,94.7798,60.5029,
		node 132.196,45.7164,-1.5045,-72.9669,1.27918,-73.1177,154.74,13.9214,174.717,27.2557,49.3701,-18.103,17.6338,-9.49426,17.1576,-3.28085,-131.996,23.149,30.118,36.0703,78.5876,-4.96162,29.1001,-52.5313,84.5022,109.889,
	layer
		node -32.4385,143.389,124.587,77.776,-60.4374,-17.9572,
endPlayer
