// Player97
stat 4
	layer
		node -48.4436,-13.3496,157.47,35.5582,32.5604,57.1176,-74.6741,-7.45726,-39.4053,23.253,58.2086,21.4104,-80.0664,-120.265,118.421,21.4314,43.1392,53.3915,55.1659,5.31485,9.76431,16.4075,95.5132,23.3795,-22.9481,94.3373,
		node -61.3215,124.91,27.1236,-7.53081,69.1597,103.271,53.1685,159.273,-77.6539,-55.6563,48.6768,-56.3977,106.089,139.392,58.581,-128.446,-39.3111,67.8938,-17.8553,-36.5814,-51.6001,-21.3492,153.687,127.938,14.2125,23.5656,
		node 59.3139,-39.0215,-24.5999,26.4186,14.0204,-18.9091,-14.5082,-13.282,-11.5638,-49.4989,-34.5389,85.1594,-1.30469,22.9909,-30.9859,62.7181,-115.222,-45.8823,159.336,16.2484,-6.04486,15.7829,-46.2619,-34.2794,70.7513,47.6161,
		node 76.9788,-45.3832,-83.9799,-130.478,87.766,73.5404,-19.4845,77.4056,123.538,42.9036,16.0654,62.3573,-77.7601,-75.7765,-10.8275,59.7045,91.0667,129.398,80.8006,-50.4628,25.2694,-46.8161,13.1696,-47.6588,158.975,47.914,
		node 132.564,47.9985,-73.2784,-76.1007,150.303,60.3552,0.117407,6.62348,19.0015,-20.3129,84.116,-16.8984,64.7125,-66.0711,22.0556,-59.2587,30.47,-32.3363,-21.1877,36.1097,107.222,-27.6969,33.589,72.1083,39.539,136.867,
	layer
		node -49.9425,33.5574,108.321,117.179,-45.3937,11.3299,
endPlayer
