// Player58
stat 9
	layer
		node 99.9441,-158.47,58.9213,26.0215,159.289,90.9431,-70.8803,154.115,-12.451,68.2537,51.6876,124.888,43.4744,52.304,-60.8942,46.4723,-2.01112,56.154,27.0616,65.1302,118.848,-127.971,-118.83,61.7719,53.9423,-41.9319,
		node 31.0728,40.6943,4.81947,136.482,33.8158,52.5507,-154.31,-93.872,28.2571,9.41502,13.5821,-25.078,-69.7765,32.374,-86.4144,49.8827,46.2968,-26.799,78.8061,-84.8051,-124.997,-32.0761,34.0191,112.287,75.0145,138.814,
		node 31.3966,-49.3628,108.568,29.9881,34.4796,16.5704,25.5643,66.6547,102.303,69.4425,40.2665,-0.436756,-84.9508,21.7788,-11.0873,114.904,-134.215,45.1557,6.56347,149.257,18.2015,-22.555,19.6565,47.627,93.1352,97.8211,
		node -1.39045,-4.47521,13.0077,-9.0018,-9.27135,128.123,35.2477,-36.8951,-3.88909,21.193,-38.4184,58.6792,52.4356,25.4007,79.2097,-16.5612,62.4106,56.849,67.5742,54.3295,33.0471,-38.8917,106.33,8.28467,71.1065,100.835,
		node 55.2974,19.6148,41.256,-51.71,-52.8174,24.6572,-36.4214,-160.721,-194.628,140.715,1.10873,65.8632,-8.63786,38.652,95.3216,12.3771,-45.0906,23.4624,79.5859,71.6236,-115.648,29.4901,54.8058,62.3316,10.0033,30.6926,
	layer
		node 79.4219,30.9137,27.0488,-6.58201,-159.842,23.8822,
endPlayer
