// Player57
stat 7
	layer
		node -133.809,-157.868,71.5889,72.8676,163.089,-171.874,-186.935,155.362,-9.57554,20.9007,17.798,52.8199,38.5151,50.7718,13.0575,-39.1519,12.1845,-54.0066,18.5767,69.4259,119.871,-104.261,-123.561,60.2185,51.3576,-51.0747,
		node 32.6796,34.252,24.7065,-140.882,28.9156,53.2241,70.5198,-87.9227,26.9966,10.6861,144.495,33.3165,-68.4085,-25.1903,-90.0887,49.729,55.5904,-21.7678,63.3246,-20.5209,-127.237,29.9519,17.1322,114.34,29.5496,26.2117,
		node 31.0087,-56.7089,110.176,30.0334,71.0758,57.7691,-95.0604,24.9628,96.5385,70.5249,27.9975,-0.1393,-86.26,21.3836,13.8781,-50.5993,-137.986,37.5493,-155.849,79.7747,-156.196,-16.4082,130.469,30.8379,45.1545,18.459,
		node -0.657023,99.479,104.882,-9.17029,17.0451,128.573,33.6856,-34.9951,-10.0728,36.0046,-27.1498,53.8308,75.3387,27.2704,92.9536,-18.2125,114.83,60.0781,50.5072,54.7874,25.5914,10.5231,-5.32597,11.146,71.1937,19.723,
		node -139.396,-42.2887,-82.8909,-96.0185,-54.931,39.3775,-20.2492,-158.493,10.96,107.211,-10.0151,11.4006,64.1196,89.4679,-49.8421,13.7725,-41.7604,35.3,77.5241,69.4112,-117.044,28.338,119.578,109.914,73.1758,55.4704,
	layer
		node -5.09918,73.2803,21.8043,146.34,137.485,11.7716,
endPlayer
