// Player48
stat 6
	layer
		node 16.7612,11.7902,-99.1444,-36.0888,186.794,-10.4717,-21.5445,35.1299,8.79021,-0.895099,61.9559,-92.9916,-101.234,-46.7184,-40.2484,33.4878,-61.588,-18.5646,31.8876,-14.9449,-113.216,-66.6315,43.6432,-13.6446,-72.7536,36.6502,
		node 46.5815,-63.3265,23.7768,16.9507,-2.93979,38.537,-7.55991,22.1686,-10.1462,-13.9447,-9.86707,17.4587,-0.730518,-73.4379,-117.134,138.228,-82.1643,48.5002,4.58498,-86.7923,-44.4095,-68.5537,11.1424,7.36235,44.9087,-81.7973,
		node 6.47084,-113.058,29.5143,-53.9962,-20.0501,71.6287,34.2764,-142.22,-1.93183,42.0433,12.666,9.22547,-1.91641,-69.2192,0.212598,15.589,-24.734,-16.1204,21.3651,47.5235,38.1145,1.70231,-103.664,-43.1653,14.3793,-19.3165,
		node -26.5341,3.55104,-10.6237,32.7255,-18.4334,-51.4944,-35.4148,-38.8794,-25.2683,20.0628,42.989,-32.8507,-64.087,-11.2577,19.5144,31.5945,-36.9197,28.8097,-50.529,-31.4699,-5.4045,-60.8449,4.72214,18.882,156.157,-65.4834,
		node -25.6919,51.5754,-74.2562,-78.5622,25.3212,-28.6213,-79.2861,22.4315,21.8752,-64.0869,-4.95291,13.5266,2.66164,55.49,47.803,-52.5764,-2.49467,-117.529,37.232,34.1085,191.079,-145.96,-96.593,-49.4256,64.5594,-106.958,
	layer
		node 19.8373,-19.8503,22.2983,-24.6897,10.8746,-54.7242,
endPlayer
