// Player46
stat 5
	layer
		node -2.62309,16.9529,-99.8645,1.33856,-50.6747,-85.4239,-72.6892,22.1817,2.07808,-40.9194,19.4291,-6.5283,-104.407,47.0574,-43.2718,68.2329,25.2733,43.6867,-96.9759,22.0639,21.3187,-63.1874,46.2651,-20.9192,-80.622,201.656,
		node 6.74641,-22.6441,-93.7633,38.3346,-101.009,43.6965,-59.1415,-130.302,-36.1746,-12.6824,-72.2246,61.4624,-33.0088,0.645307,-32.9703,144.631,-80.5331,13.0271,2.02759,-52.6244,-43.1665,20.4305,16.4799,19.1378,18.9535,-17.7006,
		node 3.69079,-118.383,24.4345,-75.2358,-4.86181,23.3838,9.31318,-8.27188,16.9609,46.8225,-114.511,-13.4256,-2.57386,-97.2726,4.60983,-9.5695,-18.6266,-13.5751,22.8421,39.5619,-56.4479,-22.4814,-77.8042,-55.9994,-15.933,-54.5548,
		node -25.6886,-13.7136,48.2212,-42.14,15.9009,-50.5196,-92.53,-14.6372,-17.3669,-69.6072,27.2832,-24.7941,38.4383,-25.317,-85.8106,-46.858,-37.8485,5.28758,-37.3661,-33.004,-14.479,6.01976,7.42795,-75.3761,36.6927,-66.0713,
		node 4.3449,58.6628,-8.46961,-72.2291,-13.633,-28.1712,-29.2699,35.9365,22.879,-24.3717,8.49562,16.2307,-7.46972,-2.20942,-8.04424,33.2113,-16.1868,-12.9648,40.4935,-63.4872,187.135,8.12472,-8.49462,-41.4294,66.7672,-36.6022,
	layer
		node 10.1379,6.16763,-24.2111,-43.3462,17.7076,11.0712,
endPlayer
