// Player71
stat 8
	layer
		node -8.4104,29.7147,-75.2584,-78.5239,-0.335865,106.536,9.80289,33.8585,-15.3268,-6.36488,18.9224,-6.79939,47.8199,-18.8444,-30.254,-44.1288,-62.7579,39.0919,20.1646,-21.6144,31.9178,-66.2224,35.8325,-74.4182,-70.0277,196.247,
		node -11.1259,-33.4047,24.5862,-2.51273,34.1658,55.1456,7.47015,-109.596,-55.0732,-7.77392,-68.8808,32.0003,142.67,5.55934,-119.403,136.859,50.1379,16.8864,-5.34855,-49.7,-48.6127,17.2981,-39.0917,3.12308,12.5799,7.63321,
		node 2.71204,35.5568,-9.2583,-55.8745,68.6203,25.4647,-37.283,-13.4985,9.87923,68.3842,5.10726,7.57391,13.0127,56.9364,31.7224,53.3423,-52.7461,57.9521,38.5248,54.0345,-45.4891,-46.0959,29.4707,28.5755,-107.14,-15.7011,
		node -29.6961,-23.2872,-80.1195,-7.05123,21.0248,-76.4186,-66.2308,-41.8765,11.8698,-43.6979,56.0044,16.4258,27.4351,12.8518,9.30592,-59.3612,6.31806,-4.57694,-43.3837,21.0549,-7.61219,-37.1414,-14.8298,-81.7205,-35.8472,17.7731,
		node -4.58797,56.3974,-16.6717,-29.7367,36.2938,1.21936,-19.1337,12.9009,18.349,40.9184,-18.368,9.84793,42.7141,42.5278,69.8153,40.1554,56.4712,-121.01,58.5055,74.2368,-80.1357,5.78879,-14.307,-61.9278,141.078,-107.969,
	layer
		node 28.7053,30.9524,34.7332,10.268,-95.4757,144.165,
endPlayer
