// Player51
stat 4
	layer
		node -78.8587,249.372,63.2848,-11.6292,22.9629,45.4024,223.759,-97.7583,-0.410002,43.3089,-50.1383,46.8805,-85.8853,215.931,-0.537853,-35.1116,-105.657,-41.0702,4.4584,-125.552,-89.8192,27.6999,22.995,91.1848,93.3042,12.1387,
		node 22.5365,-27.6883,31.3712,-81.7199,31.8733,-1.51662,-62.611,30.3206,40.7766,-2.39943,-100.27,-38.1255,34.8144,-113.49,8.85544,-10.2569,-58.6527,16.4197,25.739,17.1991,193.038,33.653,33.6729,35.4596,47.7819,0.908189,
		node 59.4495,225.852,-93.8245,78.9021,205.998,-112.746,-14.5626,-14.2338,-99.8621,49.3712,34.8671,-42.7812,-121.568,-12.1573,-14.6618,52.3798,-34.8,18.9086,-28.153,59.727,-76.6665,118.516,84.0853,-15.3468,49.4345,68.7566,
		node 251.029,-41.9041,-8.05216,-43.7276,148.377,-12.1341,54.7537,-51.356,-1.3173,20.3281,209.336,12.5603,-5.74733,-3.48337,-17.2205,41.8158,-50.1126,16.8819,-85.4052,19.3636,-101.255,-66.5002,-49.9787,-94.4825,80.3913,14.2119,
		node 20.688,-3.94568,-38.5922,26.0688,67.3531,53.2149,-24.2069,-108.415,94.0286,-137.484,-62.3146,40.4598,-111.127,10.1609,-116.05,-51.9004,30.1211,-48.4497,36.7143,-8.27875,-88.6683,-25.3746,-72.0718,42.3027,-64.3861,-109.668,
	layer
		node 24.2887,-11.948,204.432,-74.65,43.0482,-39.7851,
endPlayer
