// Player88
stat 8
	layer
		node -69.0726,-114.908,207.343,34.5216,16.6914,31.937,-14.2966,9.52291,6.10019,33.5847,23.8668,14.7314,-32.9078,-68.0497,30.4687,-74.677,-113.338,64.1102,129.462,-45.5616,-45.0861,10.1128,35.6004,142.307,-83.7097,59.5872,
		node 34.6838,-49.9922,-21.2799,-36.9753,-21.6461,-27.2381,-64.3865,30.7163,21.1991,-2.81208,-74.5169,-29.8842,10.5264,-148.28,10.6022,-74.1834,-12.3562,-49.3005,26.6639,-110.425,-52.8467,34.7121,27.4263,-36.6253,-84.2595,17.7739,
		node 60.548,-44.7654,-28.1717,-17.5004,-23.8182,219.68,-100.868,-0.751905,-129.384,-83.382,-65.8963,-73.9124,-31.0226,-36.5808,34.258,85.4967,202.688,-63.4108,233.074,8.80561,12.0204,103.426,40.4512,-17.3919,-71.3626,23.2031,
		node 241.062,194.528,-54.7601,31.1267,-60.825,-78.6252,-65.5454,-48.9527,-61.0236,-63.5742,-36.8576,43.2848,-4.80356,-64.8489,-77.8041,50.4287,-62.5712,-79.715,-84.1719,-79.7879,-31.3166,270.987,241.814,13.0679,-41.0164,-2.99237,
		node -48.8708,78.6223,34.2082,-118.786,35.5735,-149.643,-26.8546,69.4721,-4.79272,38.7277,-67.2029,-73.299,-83.0423,6.73034,-138.296,63.9302,-64.3444,27.7711,-63.7306,-24.7001,-17.1404,-33.7975,-67.5956,76.1403,-47.6865,-95.8955,
	layer
		node -40.5576,12.2132,205.398,32.4114,-28.4895,220.087,
endPlayer
