// Player90
stat 5
	layer
		node -73.0194,-106.467,-94.6745,29.6814,20.6619,60.4201,-130.496,-53.4404,-12.9123,-15.5802,-51.5011,-34.9278,-32.6488,23.5902,26.3237,-65.5724,-106.408,7.44028,-12.6154,-37.092,-43.4634,6.04848,36.9811,27.6118,-84.2983,58.214,
		node -65.6726,-62.0262,47.4173,-46.1898,24.9157,23.3407,-64.2021,12.646,-18.0398,9.49131,-78.6074,-53.319,-13.2958,1.30199,-51.5377,-6.3699,-112.789,26.0076,8.21894,-101.923,-48.5822,41.518,241.727,34.6413,39.8902,-0.943475,
		node 30.4304,224.209,17.2759,-13.7005,202.37,-11.4673,-131.219,-61.524,-64.3371,48.2054,3.41725,-54.0076,25.7134,-5.45782,-12.8882,78.8474,-90.0654,-23.0369,232.329,67.1582,-66.3679,55.0224,36.5311,-89.8516,-71.8643,-4.3021,
		node -54.4882,-40.1325,-65.986,-48.0085,-23.4005,66.0071,253.784,-20.9336,-0.347999,27.7135,216.078,68.8999,62.5977,-3.35667,-92.1058,-99.2947,-61.3115,-79.1771,45.1175,-73.7498,-64.5666,-25.4303,239.148,7.80359,12.3253,41.5574,
		node -30.2705,56.9468,-55.1962,39.5024,-15.7885,53.152,-10.9545,-42.2345,-16.6978,-14.3341,-54.7023,-25.8965,-119.442,241.556,45.039,-43.1475,-2.58212,22.0456,80.4601,-33.1933,-73.2363,-37.6544,-41.5514,37.3995,44.109,-49.0364,
	layer
		node -46.5657,73.289,2.11965,-48.9895,-83.7173,24.4485,
endPlayer
