// Player68
stat 5
	layer
		node -31.898,192.679,5.76479,34.7673,269.267,187.791,-17.7215,78.6277,-301.207,-130.946,40.8256,11.0906,1.20908,105.705,-141.737,144.353,163.401,-11.0377,-132.327,-24.7418,-51.6403,-168.403,155.206,307.082,-9.69877,150.358,
		node -94.1776,18.7256,72.0443,-18.4766,-37.6891,-107.757,73.2056,155.327,263.084,-218.212,-148.83,23.6745,-265.441,-202.436,111.544,-102.109,257.682,-150.376,-244.989,255.361,-67.032,-170.033,-57.5898,10.1843,-11.9878,119.474,
		node 91.3708,40.573,-55.7319,-12.3133,68.5645,-32.9037,-352.358,41.1011,246.097,22.6031,-284.974,-55.4964,-42.6526,185.411,-101.021,27.9606,147.314,67.951,199.08,80.1866,29.7947,-106.665,19.3781,0.681316,64.4501,-8.62493,
		node 189.049,268.416,37.8469,-93.4123,-190.971,-139.238,-240.715,58.7104,122.011,25.5553,-183.533,110.263,34.6504,-88.3692,126.321,34.1944,-98.9394,-191.808,16.4191,-35.4463,85.0104,123.697,180.154,-36.4939,32.1421,234.812,
		node -340.951,0.909472,65.3364,146.615,-167.37,-31.402,264.552,301.434,34.9536,-16.7129,-30.2885,15.4304,62.8472,397.32,-81.2217,88.9445,153.912,-255.183,7.28043,145.783,210.696,126.702,145.669,-141.719,-37.4796,-40.67,
	layer
		node -166.313,-137.766,56.878,12.6544,-219.213,28.5336,
endPlayer
