// Player38
stat 8
	layer
		node -22.9002,210.206,-0.233568,39.4752,331.209,186.425,-12.8146,59.9305,-302.179,-110.282,38.6822,-5.62863,-28.5102,119.054,-115.055,132.775,161.23,-1.09509,-136.213,-21.0687,-49.5733,-178.385,164.97,312.258,-24.7362,182.369,
		node -105.86,13.7203,37.3909,-23.0447,-22.5348,-108.138,70.7688,139.129,275.532,-219.497,-161.601,78.6316,-261.209,-199.488,100.669,-114.229,270.726,-149.595,-252.356,246.822,-82.4015,-169.683,-69.7727,22.7633,8.97317,115.365,
		node 104.528,33.9033,-69.59,-16.4508,58.8495,-25.5381,-342.146,41.7148,269.138,8.4574,-276.108,-66.0352,-58.9274,183.455,-92.6636,45.7622,149.24,28.8261,189.47,79.6472,30.2494,-100.116,13.9362,-6.38305,54.314,-8.94281,
		node 181.232,262.652,48.5804,-96.1442,-188.941,-139.732,-235.665,60.5617,133.438,36.6356,-191.422,101.731,42.2444,-53.9172,133.342,55.1705,-85.2649,-176.494,21.0974,-29.7634,91.4731,139.563,173.801,-30.8476,43.2537,230.968,
		node -334.443,12.7058,77.4411,149.447,-165.031,-21.8756,265.368,310.086,19.0895,-41.1631,-28.4919,14.4109,67.3066,369.814,-78.6381,91.619,139.767,-240.347,29.1712,141.19,242.844,103.259,122.466,-137.378,-48.6806,-34.4068,
	layer
		node -156.322,-138.988,52.3751,8.57253,-240.371,44.5656,
endPlayer
