// Player41
stat 6
	layer
		node -204.196,286.488,-309.494,-257.585,-193.138,-185.476,461.821,-97.3955,-87.4909,-193.67,-17.7261,-104.105,-132.398,-190.616,-189.416,-177.7,-126.981,-224.172,-127.768,-145.758,-232.859,-204.901,-243.479,-163.924,-167.117,-208.451,
		node -243.246,317.723,-103.62,374.26,-223.122,-240.843,-226.847,-162.489,-268.766,-189.464,-146.48,-140.51,-194.795,-226.1,-84.1412,-193.194,-198.309,-179.093,-162.673,-220.841,-66.7829,-93.8729,-272.332,-198.454,-141.768,-186.021,
		node -142.336,-154.993,454.748,-255.167,367.133,-124.191,428.272,-190.344,-152.174,-247.994,-163.713,-130.725,-216.554,-165.013,-138.944,-116.586,-212.375,-241.378,-81.012,-251.296,-160.452,-184.844,-120.258,-137.745,-161.438,-180.07,
		node -244.845,294.737,-85.2645,-64.7189,-143.319,-80.1422,-161.65,-76.2301,-191.719,-302.94,-141.3,401.618,-123.203,-118.36,-162.669,-207.473,289.107,-251.363,-179.544,-7.38865,332.866,-230.69,-107.248,-173.419,-157.499,-190.298,
		node -161.799,402.645,-242.256,292.305,-115.661,-215.808,-249.532,-181.06,-223.159,-126.708,-213.984,-213.817,-129.381,-78.5865,-316.592,-175.923,-186.029,-74.0533,-195.713,-225.496,-191.832,-120.727,-75.2433,-201.125,-145.079,-159.281,
	layer
		node -122.65,-92.3438,-65.8994,-214.615,-127.012,-173.618,
endPlayer
