// Player27
stat 6
	layer
		node -122.598,-174.649,-248.738,-174.071,-140.726,-186.07,-109.535,-235.897,-179.946,-257.518,-101.405,-93.6065,-254.533,-166.571,-125.705,-175.969,-116.251,-316.966,-221.678,-191.39,-143.767,-188.062,-123.239,-227.153,-106.411,-195.12,
		node -158.48,-91.3306,-149.813,358.439,-221.013,-231.425,-62.853,-166.037,-81.8658,-143.287,-235.968,-155.518,-114.603,-226.07,-191.554,-192.031,-80.7705,-76.1153,-118.14,-204.325,-92.4165,-149.58,-71.7516,-159.904,-175.172,-144.369,
		node -156.33,-143.183,452.642,-144.935,-142.777,-159.476,-100.044,-118.55,-239.083,-255.378,-249.409,-133.531,-147.15,-158.975,-172.402,-183.06,317.694,-237.053,-126.81,-246.354,-204.753,-72.8063,-190.083,-219.237,-84.112,-243.189,
		node -255.887,380.118,449.572,-90.0236,-227.275,-139.497,-145.429,-87.6251,-233.569,-65.5895,-154.909,405.579,-184.608,-113.508,-319.047,-318.227,297.3,-161.329,-147.187,408.727,447.109,-124.433,-90.1003,-192.157,-127.618,-182.21,
		node -254.609,356.073,-221.734,-163.016,-214.664,-211.488,319.728,-97.2953,-100.066,-185.346,-105.828,-150.449,-171.777,-167.322,-140.504,-138.734,-148.182,-121.421,-241.586,-243.162,-213.653,-133.93,-181.676,-176.317,-177.621,-167.733,
	layer
		node -168.851,-205.417,-149.086,-146.978,-245.191,-212.885,
endPlayer
