// Player90
stat 5
	layer
		node -10.4541,1.91641,-9.38292,-42.1837,-20.141,47.6252,-27.771,-44.6846,-161.644,32.2009,-42.8655,-57.0977,80.2158,-18.9558,89.2727,66.2735,-75.26,-197.687,21.5009,87.4978,53.9013,27.0653,-28.793,-29.2333,-267.688,-48.205,
		node -41.653,26.9827,-15.5666,54.0472,10.2941,-59.7145,-22.7449,-20.651,49.6909,-17.8167,-52.0105,-157.178,53.4694,-25.1902,-11.9876,-65.6317,89.031,9.02163,67.5339,81.4093,-236.112,-19.9099,60.5784,116.038,21.5313,-58.0039,
		node 49.4414,-26.4271,-137.53,79.6283,12.1045,-72.4566,74.503,29.2168,-46.2723,-34.2767,21.9675,34.2307,37.7099,-51.4147,43.6272,30.2375,40.5823,142.298,-62.6768,91.9091,28.2447,-46.3884,-33.0823,44.3102,-73.4502,-148.256,
		node -73.1346,-200.424,-1.44373,82.1444,10.5678,-74.1564,-62.7212,33.4379,-175.866,36.5472,-35.5087,70.9803,9.43902,90.1844,-67.788,54.1229,-29.5698,69.2882,-61.6967,10.802,3.95536,-79.1966,-57.1569,92.0647,-21.3505,-68.5326,
		node -0.800689,81.5817,69.1775,-95.6892,-45.2205,86.3343,-41.2861,3.41877,-45.2007,-26.2222,-31.3237,27.3354,-220.036,33.5195,-17.1404,46.0485,83.367,-24.4746,-52.9743,-7.14862,73.2387,2.41498,-87.2428,8.03985,-39.8796,-78.4844,
	layer
		node 77.3008,-31.4048,-30.3275,-32.0372,30.9939,16.7404,
endPlayer
