// Player53
stat 7
	layer
		node -2.8601,52.4827,-17.1347,-43.0781,-48.1725,-139.075,-71.9489,-33.5595,28.6326,21.6513,63.0577,91.3472,37.3904,-28.605,77.2388,-155.351,87.6085,-27.7916,-40.863,81.58,-85.5188,29.7407,48.4546,-15.0979,-264.991,-60.0225,
		node -24.2462,-25.1662,38.984,9.09763,62.6134,76.2153,-27.03,36.3776,27.6321,-29.3498,-54.3799,-150.078,-99.3383,-24.6962,-21.8127,55.977,-95.7213,12.5224,-76.4656,-54.1928,-15.0292,28.5813,-22.1028,8.28329,63.0436,120.068,
		node 71.3788,-56.6017,-140.577,100.595,-19.5758,-19.4622,78.0604,29.5542,-49.9485,-58.3359,-53.9321,28.0153,-27.6839,-63.2435,42.3317,20.0635,41.9289,119.323,-56.5227,88.6186,-28.9578,-53.9228,57.9995,35.6413,103.016,-142.757,
		node -80.1482,-187.421,26.2271,-123.604,15.1194,-17.0572,-59.0285,0.222358,-14.0886,-58.0663,45.7179,64.1133,58.2815,64.7785,-51.7028,52.2008,155.622,-205.358,11.9434,-129.286,-57.6857,48.1848,-69.8832,92.0488,158.543,-43.1504,
		node -13.588,7.14177,57.6089,-23.9947,17.4161,44.5177,-21.299,3.76914,-44.6316,1.43281,-162.364,-8.26471,-20.2569,9.85789,12.9469,70.5093,95.6212,-27.6294,152.662,25.5167,73.1098,-56.7263,-46.3024,27.5734,61.8577,6.90984,
	layer
		node 33.2718,67.6426,-150.972,22.4483,29.1554,-137.434,
endPlayer
