// Player32
stat 4
	layer
		node -29.4544,-9.81155,162.96,-38.6891,137.053,-23.775,-16.6776,58.2884,-26.2921,-71.354,36.641,31.6986,-55.1663,-30.4913,29.8833,-35.1382,-67.6742,33.4205,5.07847,-34.1681,-18.8645,-18.1937,-87.2769,-42.018,-31.7401,86.7217,
		node 16.112,36.8592,-68.5382,15.6042,-118.502,-51.5427,20.124,-23.4403,-37.3082,-59.1266,171.636,-71.7922,-27.3802,128.062,34.2392,-12.3883,-13.6446,-66.0457,-29.8086,-77.8703,-12.1569,-66.1974,20.7119,-60.9488,-67.0467,16.6166,
		node 153.328,-2.37999,-66.5104,183.301,-64.4007,-85.946,-15.7793,-64.1267,123.203,-18.284,-69.2942,17.388,13.1668,0.352878,-22.8458,123.203,22.6959,-124.961,0.156313,19.4935,-112.85,-11.3933,-64.5991,-39.2876,100.22,-53.3592,
		node 162.826,-75.3775,-59.3743,123.826,-26.1433,-3.60852,10.2691,-26.5137,-55.2598,-65.566,16.6488,-15.6558,-79.0126,142.057,-84.8358,-105.077,-119.005,127.187,-86.7927,-43.8033,-66.0615,22.6849,-53.9591,-48.783,16.4987,-77.3819,
		node -3.36561,-56.2843,-50.8852,-38.4186,-30.0755,-31.1692,-43.1814,-168.157,-24.0582,-41.9765,-38.4731,-57.6604,62.0586,58.06,-25.8169,102.699,-39.5052,-25.8295,86.2983,140.556,-140.97,-34.9695,-24.3398,-45.3311,133.577,-75.818,
	layer
		node -24.8677,-118.383,37.124,-36.5079,-27.465,-111.021,
endPlayer
