// Player58
stat 8
	layer
		node -207.679,-64.9879,184.391,-200.2,26.8754,-122.539,303.167,-202.912,21.0581,-38.5666,105.274,50.1085,-99.463,-70.7032,-211.668,-0.519513,135.953,-31.6601,72.8996,80.5655,34.4403,289.352,85.8046,-11.6923,11.674,-117.23,
		node 145.313,-100.587,78.0665,-188.211,81.3577,-9.64745,148.687,-115.881,35.1962,-233.175,-199.047,-233.107,46.299,30.5162,-154.52,39.8513,13.1989,-66.5072,45.6948,-177.277,4.75686,58.1746,45.3221,51.5057,34.3395,-100.489,
		node -153.589,-157.235,273.459,-147.454,72.7053,16.0931,-187.482,-15.7136,82.6159,321.686,-170.321,10.7918,305.731,-31.6773,-188.494,-38.3773,15.2058,-136.414,57.7249,29.4162,-37.576,78.5455,-12.6351,-11.5677,-66.637,-49.6354,
		node -197.853,-66.1744,59.5917,6.01459,-51.6077,-99.2272,-177.222,25.9022,-22.0176,31.663,52.0251,35.4048,202.889,60.1097,11.7004,-126.896,-88.7613,-5.54134,21.2017,24.6831,-206.705,104.945,-128.475,-96.6434,-116.299,-51.17,
		node -98.9729,-200.838,-122.503,24.6537,63.8524,13.5236,21.5034,298.174,-98.5685,9.31188,-184.364,37.1831,-61.1579,57.5915,42.8708,-24.2645,208.126,36.2071,-143.105,95.2685,61.8073,98.1694,-132.45,62.868,-15.1288,68.2373,
	layer
		node -100.141,-105.968,-141.292,46.7284,65.8364,158.028,
endPlayer
