// Player60
stat 3
	layer
		node 334.725,-67.2179,-160.103,-192.555,27.8153,65.6422,75.5262,-176.132,-98.833,66.6442,-125.163,22.7116,60.7057,-68.1634,-110.709,-172.105,-223.139,-42.4784,-11.2831,-194.47,-19.6501,-135.96,-96.9246,30.616,17.634,-206.158,
		node 26.5628,-132.763,-175.265,-25.6972,82.116,-172.032,128.468,-122.787,30.8024,-88.0901,-193.958,-200.751,57.1006,41.9464,-206.168,170.289,-34.7946,-11.3899,-196.362,-40.7742,4.84126,-9.83223,-197.156,66.5816,35.3607,49.4452,
		node 42.7108,-213.308,267.568,-39.6769,31.6779,-90.0558,5.48135,167.771,81.9308,333.999,-153.625,148.219,-111.82,66.4517,-44.6857,-23.6139,15.9667,19.7737,64.8943,24.5223,-24.0159,86.1661,-96.8977,41.7532,-65.8076,20.2122,
		node -16.9334,69.3431,-26.1708,-91.1467,159.232,-189.951,-184.484,23.6616,-7.43554,-182.6,40.9773,42.7819,66.6956,-150.984,-2.11752,43.1528,310.392,-12.5498,-13.9723,-159.526,-201.932,-1.525,37.1793,-91.8942,-193.836,-62.3684,
		node 88.4707,-20.3151,-5.83686,15.076,62.29,10.9646,251.792,86.9906,-38.6276,-172.313,74.4275,40.623,56.1473,-171.409,277.554,-24.9704,-97.981,-17.8616,-89.1445,-39.8241,53.6163,-197.109,-130.345,57.6245,282.936,-88.548,
	layer
		node -156.458,-31.9608,-97.4371,-46.1445,-90.4949,177.478,
endPlayer
