// Player87
stat 9
	layer
		node 331.793,116.668,184.985,-191.464,26.2415,-130.552,31.1389,-173.305,-97.1622,-31.0603,104.357,-17.021,57.9972,-70.0061,-210.962,66.687,128.173,-45.5039,71.9681,-184.411,-215.22,-53.6188,-219.205,-16.8504,18.304,-120.487,
		node -191.664,60.5043,-19.2056,61.591,25.9885,-178.499,135.319,-86.409,-71.9597,54.8287,-37.89,-234.216,47.6853,30.5886,-160.194,-43.2128,-2.61596,-68.7116,-167.406,177.353,-214.056,254.729,-199.88,-58.3207,50.048,-39.8222,
		node -149.488,-214.525,266.41,67.2255,326.56,19.7186,10.0536,165.138,-108.673,-45.5961,-163.404,26.2217,-91.6274,-157.417,-46.3463,-19.4125,97.7417,-88.5363,-46.9939,-167.096,-39.8237,73.3195,-8.88579,16.6038,-20.4017,-55.5542,
		node 32.5441,81.8555,-40.1214,-91.647,-56.2714,-42.5481,49.0861,26.0953,-3.08635,-171.089,43.5123,42.6084,226.298,61.6247,-6.65285,60.7868,53.2897,-29.6774,-13.2736,46.0435,-199.65,-82.1165,-137.532,3.85275,-188.517,-37.0713,
		node 106.847,115.189,-116.124,21.9939,159.864,22.995,-187.463,300.595,-94.4204,-174.765,34.4361,112.344,-64.2986,55.2466,-19.0742,-23.6806,-58.5066,-12.0281,30.1842,-25.1448,-204.077,13.4443,-130.447,60.9617,-14.872,41.9445,
	layer
		node 33.9886,-232.905,22.6419,56.3602,-12.4938,60.3919,
endPlayer
