// Player22
stat 3
	layer
		node -40.6834,243.468,94.2322,236.377,-102.694,19.1532,-172.192,-22.5163,42.6752,-32.235,36.9783,-38.9416,-148.181,41.7874,-119.795,-33.9534,-74.9584,67.0084,34.1745,-230.062,-168.663,30.1838,-139.301,-99.0265,27.6512,242.601,
		node 126.853,-46.1599,-8.66172,-81.3752,102.83,-30.7311,76.9397,-48.8985,55.0206,68.3378,-109.313,-20.5411,-26.4415,-83.012,111.225,-106.565,107.28,-90.1261,9.79215,11.7684,-10.4318,-36.6296,-139.519,-31.472,49.4504,-109.519,
		node 57.61,101.087,32.9894,-142.533,5.49457,-69.5076,149.798,-170.643,100.433,-37.2661,4.66931,24.1366,-39.5291,5.93366,-21.94,100.175,67.9625,-102.887,-2.76487,-47.5657,-8.72458,-128.376,-53.8397,261.225,-109.646,-4.17558,
		node -196.472,-4.772,-110.34,-138.042,64.6742,-91.9205,-69.6229,179.035,141.076,226.329,46.9076,-27.7471,6.9156,67.5604,160.42,-73.134,252.617,56.7443,23.0882,66.5302,170.353,60.9725,-24.9732,22.9607,2.1799,-31.9658,
		node -190.405,-55.0379,-59.7469,-58.043,41.3367,-90.2493,57.5711,-54.4936,29.3526,57.6231,-17.706,-88.0099,69.5614,23.9432,63.478,-21.5716,-190.406,61.139,-83.3049,-18.5367,214.206,149.13,-25.4505,-139.348,121.159,9.34424,
		node -10.1743,314.74,39.4982,-16.2347,-68.0955,-66.9496,-36.1109,81.1242,-159.757,-64.6065,25.9869,206.127,127.782,40.7146,46.8908,22.5654,195.736,34.8441,26.2893,156.994,-103.917,81.8581,240.863,157.212,132.014,11.8103,
		node -4.03883,-130.088,36.0375,211.365,-117.255,-29.1274,-104.585,-26.2171,114.655,-92.683,-178.793,-69.3105,-160.115,73.4345,-142.421,-182.865,-62.7837,54.5028,-68.9964,127.224,0.623087,-127.554,-16.4212,-97.3249,-54.213,48.3314,
		node 68.4739,51.6781,168.741,12.345,-81.4781,57.3458,90.4204,74.5081,-40.5781,28.354,117.677,275.56,-225.946,109.651,65.5158,16.698,105.098,-26.8122,74.5065,-102.242,-154.028,140.245,31.5066,38.2704,-110.974,67.5473,
		node -9.12359,172.323,-129.46,2.70969,-20.0899,2.63513,23.5411,-52.4945,-83.3445,41.2409,204.459,20.1252,-37.1243,-28.9942,128.439,83.9856,70.2368,63.2497,-75.0835,-48.7148,-24.6965,187.308,-59.7201,6.84156,62.3657,-91.8415,
		node -160.214,-164.713,215.202,207.634,45.5619,38.1884,202.212,58.8713,14.0625,-132.206,106.113,-88.71,48.3346,-148.926,-120.236,-86.7366,35.0649,-103.869,-82.3459,-155.354,-143.501,-44.4296,63.2604,8.02178,58.1819,-116.849,
	layer
		node -193.52,-3.09236,92.3316,49.3024,50.5879,210.459,-22.9551,41.1151,101.084,-60.4691,99.8937,
endPlayer
