// Player43
stat 5
	layer
		node -28.2528,237.265,99.2154,216.414,12.6303,31.0975,-172.869,-20.4949,-10.6721,-80.2077,43.5114,-39.6397,-83.8258,43.3536,19.3125,16.5418,-22.8056,25.5717,-69.9931,154.028,-175.678,44.445,-21.2383,-126.353,25.7714,-31.0716,
		node 49.8687,-55.6403,-10.7613,-86.2309,101.488,-14.6806,33.9284,57.2424,50.7154,11.415,24.9309,91.622,-120.049,-75.4173,131.563,144.753,202.365,39.5982,71.8768,-81.7865,-127.482,-185.033,13.9151,-64.0198,46.7794,88.8186,
		node 2.0043,20.5863,-16.2747,-104.514,5.66371,-99.3788,98.629,-85.6905,104.544,-18.8217,-147.185,33.8869,-25.7259,52.2744,-23.057,8.99186,71.5203,-103.149,-4.96004,-47.0752,83.1812,-132.653,-43.4097,-66.9003,-87.0584,255.453,
		node -95.4406,-38.4896,-92.1315,-97.2071,-13.6882,53.9795,-77.1957,180.671,150.196,241.338,32.6669,-28.1067,4.54724,59.7281,83.1947,49.5211,-13.809,-110.759,-10.7568,60.929,-85.3272,-45.1202,-104.483,11.8023,-124.322,-133.677,
		node -191.969,-45.4284,-61.5076,-70.5601,43.7834,-51.4854,90.9101,249.574,27.9063,32.9085,-12.0011,-75.9529,60.0613,33.5912,-98.5257,-23.095,17.622,-45.5566,-38.4282,-7.70178,161.854,261.63,-162.202,191.261,43.3218,27.6786,
		node -1.5882,312.88,-16.7965,-52.287,26.8783,-72.4868,-39.3623,-34.4539,-106.024,-83.8824,-20.7788,209.565,-39.5975,-32.4844,22.6543,-142.3,195.496,29.2776,61.3831,-232.404,-84.4721,37.443,231.741,155.872,34.9576,-36.3365,
		node 25.2424,142.194,24.8954,193.658,-121.745,79.3141,-107.124,-15.8629,107.136,190.062,-23.3371,89.0066,-159.323,45.4915,18.9385,7.22779,-55.0485,-176.265,-66.3134,130.105,39.0099,-117.281,-14.9546,-79.88,157.091,40.6288,
		node -62.4051,-37.8423,175.01,50.19,-83.0476,64.5127,43.733,56.1605,-32.0481,37.3748,112.258,284.498,22.8387,108.985,14.2371,64.7011,132.189,52.1277,-73.5631,163.091,-174.428,135.898,-164.045,33.514,149.537,-66.402,
		node -5.51249,-35.5292,-10.9188,181.885,-27.0382,16.6402,-30.0513,65.7892,89.1774,-78.4175,220.929,84.5509,-38.5463,-194.136,128.792,84.2964,-48.8468,-76.3592,-68.7863,-18.1084,-44.8811,183.001,-18.5327,11.2838,-94.3692,-179.104,
		node -156.419,-171.062,222.769,-22.6011,30.319,63.8329,59.9766,-185.077,-150.125,-133.551,24.2668,-93.0581,30.8036,82.1869,183.902,-30.0442,33.1639,13.3515,-77.806,15.5206,2.49249,-171.56,33.3005,100.446,50.9511,314.978,
	layer
		node -167.019,55.9906,-88.2015,234.297,98.9258,70.275,64.7213,38.0374,-9.9785,23.3745,80.6651,
endPlayer
