// Player96
stat 7
	layer
		node -44.3491,242.779,119.199,143.048,7.64864,26.9718,-152.951,-24.845,37.6435,22.4119,39.0783,-150.407,-5.63921,28.0855,11.236,-164.784,-28.6918,-1.30651,31.0084,23.563,-181.259,21.7611,-182.071,-102.4,225.263,-12.0633,
		node 69.8194,-52.9198,0.859502,-75.6583,-43.1814,-4.60371,-146.4,56.4293,79.9105,9.13985,98.2649,93.7244,-28.707,-86.4854,140.928,168.543,-128.264,37.5907,3.83561,-143.785,-151.415,-173.787,135.517,-60.9652,61.9484,138.229,
		node -81.2009,-186.232,36.1093,-40.8763,-7.28368,-80.0057,-166.668,-79.8504,-44.9769,-37.7017,-176.701,21.3439,-32.0155,27.3978,203.523,-54.692,-38.8742,-105.437,-103.448,48.0839,-68.4362,-132.98,-24.1648,241.053,173.474,-7.82967,
		node 70.9146,32.7499,-176.568,-138.583,51.9137,-67.8114,-84.9522,83.7147,61.5054,213.311,35.9333,-8.87496,-1.40925,82.9213,91.8918,186.423,-112.72,-107.811,18.2984,65.4536,120.303,-56.6333,-24.2976,25.5408,42.6291,-133.954,
		node 65.1157,-17.1937,-64.454,-15.2776,41.1412,-47.2375,246.697,-103.381,23.4921,25.8904,-17.7129,-78.3774,130.654,0.235616,198.159,-16.9774,-177.521,209.367,-78.8871,-11.4671,155.965,-0.530622,-47.536,-127.633,-23.4789,-214.777,
		node -13.4154,321.475,-21.1174,85.4857,31.0994,-55.5606,-78.1585,83.6805,-68.9333,61.4953,19.1727,201.415,148.986,70.6922,43.5767,-127.691,-72.1329,25.2597,22.1475,2.49488,-33.3234,84.9122,79.091,168.858,-134.436,229.345,
		node -191.163,18.5257,-238.164,204.154,-87.1434,-20.5311,-73.8988,-20.9658,78.3431,-119.835,-10.8999,95.5929,-156.524,175.728,-183.672,32.3059,49.1856,-188.041,4.13513,116.069,82.2883,53.5814,-11.8577,-86.3816,77.3826,76.8681,
		node 130.741,-61.012,159.878,-65.5168,-28.5042,-165.484,29.1222,54.312,-58.2759,-99.1557,-43.0399,25.6232,-226.503,108.006,44.7673,54.3728,22.6995,11.7289,92.0993,158.391,-157.417,4.38419,38.6704,29.6944,147.969,-72.0805,
		node -35.7593,159.551,-2.8524,8.52064,94.3574,14.8967,-25.4983,-98.5418,-3.15269,31.7369,204.572,-33.9685,-35.7463,-33.3716,130.714,34.4978,78.2686,-61.3504,-60.7483,-48.2447,-27.5738,-22.2991,-13.8505,18.8325,-102.499,-97.5098,
		node -156.401,-108.104,199.176,-135.665,53.8537,47.5088,84.9163,59.8419,9.41396,-123.515,20.6277,117.544,36.0552,-144.195,182.085,-35.6557,46.3335,68.7955,-84.4052,43.7104,-1.22044,20.9796,32.0285,-19.6063,43.8953,-61.3081,
	layer
		node -91.0272,27.3629,-112.817,105.235,-108.139,157.41,15.4121,17.7665,122.013,-129.244,-75.4811,
endPlayer
