// Player72
stat 4
	layer
		node -59.6045,-154.048,1.76222,37.2368,54.4792,54.5422,-188.364,-39.5312,-113.936,-88.2635,-112.507,-198.158,57.2336,98.6666,119.14,-131.66,132.623,172.751,15.061,-4.35998,-188.481,-68.088,-119.412,110.953,-111.168,-88.8461,
		node 134.942,-160.301,2.36862,6.81703,1.7468,-143.245,158.137,74.0032,-149.576,10.836,8.75063,110.247,68.0883,-43.0967,-17.1545,-121.006,-141.252,59.6017,-74.0864,-91.4946,-65.1997,71.8895,8.22222,45.3368,109.388,28.4295,
		node -74.0384,141.301,69.9542,6.78963,-64.8744,110.591,-87.1806,3.17012,122.867,-132.556,-160.983,-149.682,0.390144,-145.819,19.8659,121.03,-3.58782,26.9074,28.7359,-51.407,-0.482276,1.40498,-177.047,-24.6687,-137.105,-42.9299,
		node -62.3878,99.8145,12.7295,-169.071,-108.249,74.7466,-89.0346,-115.36,75.4837,-22.5074,-118.937,-2.80441,-95.392,-109.821,-82.9082,-151.255,101.176,79.0776,-118.154,-31.7168,-120.269,-71.1521,64.7695,-70.4864,17.998,70.0882,
		node -109.695,-41.5362,-10.8831,120.949,-181.585,-1.70711,-25.8123,-177.004,143.189,-121.83,56.9025,-21.0911,10.6072,-56.4823,-138.077,-67.4881,-105.325,71.0656,-47.1826,-159.825,-61.8103,135.816,79.0094,-111.099,10.0093,132.968,
	layer
		node -155.752,-11.1138,93.6817,23.0818,-53.1752,47.0332,
endPlayer
