// Player41
stat 5
	layer
		node 8.37429,201.867,105.649,17.758,-11.5835,161.505,46.5407,119.354,-48.9095,50.8212,-28.2435,233.289,-41.5321,-36.8621,108.758,88.6811,27.244,150.621,127.092,86.8411,105.193,186.489,154.128,205.135,42.7984,-4.35437,
		node 38.0284,83.0257,-29.8889,-3.26456,-74.667,2.7492,120.663,91.1409,43.8789,80.7202,41.0612,92.8698,97.1453,32.2318,100.958,60.9809,0.108864,8.39575,-11.0541,35.3976,205.582,59.0055,135.024,-55.1635,182.302,45.6809,
		node 144.259,135.598,188.041,-60.18,142.657,238.948,197.344,-73.4904,53.8028,41.1766,134.968,131.708,99.9781,212.202,39.6906,151.107,215.714,-31.0072,146.303,38.2959,209.427,-8.72569,37.6022,205.044,86.2045,86.4837,
		node 54.7303,98.7295,135.29,171.437,37.5202,139.27,44.785,-146.251,44.7279,220.926,179.732,127.816,-30.066,210.405,124.732,-160.694,-115.129,32.618,26.4212,-0.309726,87.1311,30.2968,133.902,50.6267,76.9803,21.7655,
		node 57.1626,18.667,138.482,27.2877,183.002,153.424,55.6565,-17.5555,31.5189,95.2625,126.583,86.1047,161.109,63.8519,112.171,-149.582,86.5984,85.3268,-20.6745,45.928,26.4333,-0.764921,-61.9884,199.565,-55.337,-38.4522,
	layer
		node 99.012,242.98,105.981,117.063,8.52734,94.9563,
endPlayer
