// Player68
stat 8
	layer
		node -63.3438,11.6801,104.464,-24.0481,55.8812,109.059,24.9442,117.645,92.3433,-96.2622,2.8998,53.719,158.246,129.945,-136.438,205.713,-52.5785,-2.9257,123.45,156.297,154.202,44.706,50.9414,150.428,120.434,-6.91024,
		node -22.9636,214.062,-26.7757,5.15065,8.55028,136.962,19.3977,96.6332,136.573,76.5908,-1.18953,108.078,-43.5259,125.734,117.585,193.186,150.005,141.706,0.717508,169.849,206.202,-78.7259,176.696,-44.6758,-137.271,-62.423,
		node 19.1452,61.9908,124.807,-55.4291,45.5429,129.544,34.3964,-75.5159,87.9841,-1.04752,161.296,9.18539,83.472,228.421,146.444,208.827,129.449,210.161,17.4903,36.8531,-50.8274,23.7066,38.4396,29.4226,87.375,45.122,
		node 53.3401,216.43,95.964,-41.123,-158.317,137.039,33.7375,-136.253,176.986,31.4497,119.943,133.134,122.183,23.7097,66.8101,-163.91,-19.2321,17.1761,-71.2521,63.5956,142.136,-0.257622,135.452,6.49966,-5.94482,74.8236,
		node 1.78633,31.8025,232.443,-23.6316,180.132,147.942,186.042,137.699,-16.6624,-31.6538,134.274,86.793,46.5402,61.0646,-6.40688,127.759,154.32,-176.772,-18.8105,-117.08,52.3041,0.730823,-37.7889,142.084,-3.37843,133.924,
	layer
		node -5.12036,81.1663,36.3831,98.5189,-33.0115,146.766,
endPlayer
