// Player86
stat 5
	layer
		node -183.998,33.8088,49.7556,102.251,65.5442,254.684,-115.938,-100.356,20.8656,121.274,29.0473,9.84119,77.6231,42.4395,-108.826,-10.9023,-5.97838,-1.39134,-80.3601,3.12792,27.4043,43.2194,-23.491,-252.461,83.8756,24.1346,
		node 128.135,-36.582,-31.2114,161.727,-129.151,-121.264,25.1439,65.7694,-0.866454,64.9443,138.981,-30.1516,135.797,-175.155,47.3203,61.448,-260.358,38.0685,131.901,-154.813,52.2306,155.821,43.6955,7.23596,-71.3815,-131.767,
		node -206.927,64.501,-194.735,-5.93204,-1.52889,-93.1273,-143.448,203.611,103.489,15.902,-122.667,157.067,-101.34,98.4768,-17.3164,-61.4104,-35.3076,4.36426,-43.3754,-0.224814,-79.81,91.5871,-106.435,152.185,-21.062,79.6135,
		node 0.0733061,-91.3745,-38.9779,69.666,6.52317,-20.8329,154.897,-40.6201,-3.11031,20.0646,11.6277,-84.084,3.7925,58.6036,-88.5568,112.948,69.6049,-75.7242,-91.7873,16.5364,89.3093,-34.6521,-32.1633,14.0874,-95.4327,19.6902,
		node -188.137,26.5803,145.343,-22.2862,50.9387,-68.323,-121.347,-151.74,-27.2471,-45.732,-91.8069,-45.9852,26.1791,50.1228,-127.142,-82.4799,-11.1774,62.5993,100.68,63.2691,93.2218,82.3174,-26.2952,-183.596,-25.2594,-87.4767,
		node -132.347,-46.3883,-4.90257,11.7558,-27.9299,126.497,-39.7345,9.17946,137.596,-44.1955,100.385,136.827,127.171,-248.466,-106.773,-68.4008,73.8507,54.5415,-131.549,24.9282,61.7811,-22.479,-9.01719,-22.7291,71.02,-4.84371,
		node -101.586,84.3713,-93.6952,29.8171,-100.42,106.605,80.4258,-70.5153,-32.1085,-124.327,-256.383,-84.5194,-244.631,-24.42,-25.7217,-75.623,99.9426,-70.1544,54.7264,105.461,-49.1921,-14.8073,46.1321,-15.8619,-57.2903,-175.38,
		node 25.5817,-30.027,35.0832,-124.93,-55.56,-47.4066,38.1788,17.8177,-145.944,-6.46324,-25.6795,-62.4289,61.1802,20.6358,-16.8646,-59.885,97.7459,92.6942,-126.183,-74.4217,-17.3707,-16.8239,-50.462,-147.585,-50.0984,-67.8694,
		node 60.5471,-37.6125,-110.548,-87.4566,-30.4938,-79.3872,-171.273,-18.4619,-1.27391,46.4811,51.6249,26.4941,47.3033,-128.784,-88.8831,13.673,54.1576,-139.09,-4.88644,-197.075,-6.03297,31.7638,-111.17,0.772529,102.372,-172.248,
		node -190.055,-40.7147,-103.433,26.1818,137.888,-64.6847,174.48,67.6161,-3.73362,-54.8226,-178.666,83.631,16.4452,190.894,-75.7069,66.8752,-11.4081,69.0124,-276.789,131.451,-139.281,122.509,118.637,-78.001,-5.37923,-65.1198,
		node -67.1985,-117.665,14.7709,140.31,-73.1756,-185.563,-156.435,32.1073,102.259,38.6045,124.347,56.1195,85.5655,-51.8581,-104.341,25.2718,-63.6586,-57.0651,-122.789,-80.6092,-96.4104,64.2144,182.394,43.3034,-58.4512,-73.2485,
		node -163.021,-91.3833,-162.096,44.7978,-102.711,-138.644,116.958,-17.2363,4.10214,212.156,186.12,-133.944,27.865,88.6151,-55.9169,-114.671,-142.872,86.1741,49.726,-148.398,-161.502,21.8992,-43.3123,-13.9915,-172.188,-110.306,
		node -83.2499,26.078,-51.4968,-76.7175,28.6662,-313.96,-96.8839,-44.2673,40.1806,-48.8432,-110.008,-14.8793,11.9748,-23.7767,-36.1877,46.3635,-90.9979,-0.734238,32.4242,14.5549,-93.1659,-49.3482,-60.4653,-25.6718,65.2167,151.327,
		node 60.8907,-67.2764,-153.155,-114.321,174.903,-78.9098,129.786,-178.078,-135.426,144.484,-88.3951,12.355,-128.046,127.523,247.039,64.7153,-143.712,68.5014,70.2414,-79.5054,-5.93555,-39.8417,-19.2993,-13.9872,-72.8164,-96.93,
		node 57.9778,-1.9323,-61.4154,-48.6205,123.745,73.9765,-59.382,-58.8672,13.7305,20.4079,-172.608,37.1758,-120.224,6.92829,-91.6159,13.0528,105.499,36.5038,-112.93,-62.2319,34.9731,31.435,-77.1554,43.8091,-78.7266,17.3256,
		node 9.36674,101.14,-111.685,-180.965,-55.9515,-48.7631,1.88906,146.07,-109.763,49.9462,-138.308,-148.812,38.5516,14.3267,-241.15,73.5583,129.769,-207.37,-192.344,-248.737,-55.2854,19.8415,3.5654,-97.1333,-13.0463,-179.839,
		node -24.7157,13.2253,-35.8005,-213.215,148.004,-5.40009,93.3896,73.3555,90.296,-66.4373,64.3618,0.423741,-58.1774,212.697,64.0802,-55.9531,100.241,17.638,146.482,75.8058,50.2358,-122.605,86.8784,28.6476,75.7035,63.2877,
		node 10.7866,-161.296,113.672,-188.195,-25.4218,-19.0155,-55.8215,-85.2393,44.6598,-97.7462,26.7003,130.247,-50.0367,149.09,-1.29,45.022,-23.3246,32.9539,171.059,-95.1179,61.8848,-32.6997,40.539,-41.9588,35.9815,70.2595,
		node -76.9365,22.5138,80.7893,-121.237,103.733,-32.1808,209.704,54.8268,-116.456,100.688,166.785,-17.7224,-12.2739,-47.7705,-52.7093,-95.5005,80.1961,88.0351,-46.0753,-42.5077,189.758,3.78643,110.822,-48.0467,-41.103,49.625,
		node 50.0652,26.0038,-21.1031,-124.436,117.667,-69.7782,78.4258,71.1548,62.5944,-78.2307,-11.8889,57.7139,-109.006,-19.9472,-139.109,61.7558,-135.46,-39.6664,24.3105,-76.1876,0.104304,200.056,27.3711,12.3177,-75.1062,-114.719,
		node -142.295,-76.212,-29.8116,-59.4154,-65.5383,-68.0372,-169.733,-47.2287,22.3358,49.9272,16.6106,-48.1804,-89.8218,123.804,-9.82269,-53.4935,39.8709,-72.1244,-162.355,130.764,-93.5547,122.174,168.026,-65.8418,-36.0339,-27.39,
		node -94.6588,-237.625,-98.5951,-74.6736,97.3483,60.0625,63.3483,136.026,123.648,39.1342,127.947,-195.732,-40.2327,124.271,-27.4727,137.448,-33.6077,10.8141,3.46596,-52.213,-3.01886,-98.0497,39.8168,18.7985,-108.094,76.0642,
		node -73.6413,15.7087,-175.313,-23.6302,-19.5176,-47.9252,-66.177,-121.196,152.192,29.0454,152.498,-47.7756,-184.376,63.9472,81.4014,38.8616,-142.997,-113.025,19.9399,105.96,76.4385,6.06805,58.0958,-178.166,-10.9636,32.8744,
		node -254.461,-78.0399,108.232,106.7,58.1727,-42.3394,-9.97484,28.7778,12.7802,154.767,-121.912,5.11779,72.2538,85.5992,-31.3377,147.734,107.594,112.835,-144.208,-25.1442,83.4728,-71.4998,-109.199,-19.7037,67.798,52.3571,
		node -87.4871,-79.8797,-1.01703,-24.1743,-28.0527,-29.2142,-51.9178,184.306,-21.9105,58.6794,-134.283,-94.509,6.03644,118.044,-58.2624,-113.459,68.9822,150.346,-114.982,-70.975,23.7204,129.62,186.604,13.4144,-125.113,-180.987,
	layer
		node 98.596,106.27,-27.5004,88.4747,28.5401,-198.49,46.8691,1.54645,-133.793,88.4439,-89.8708,119.639,-37.955,-74.1552,40.3163,-125.315,-168.192,98.6292,-45.8438,2.57772,30.2508,-205.439,-42.6743,4.97624,27.6046,9.784,
		node 99.8683,82.8235,-59.9646,-114.472,-134.975,-145.292,-3.54373,-91.6084,64.4564,-1.53579,-157.92,-91.6545,39.4621,108.164,-43.235,-18.6126,66.7859,-47.7979,-73.0097,177.083,43.2426,-142.666,-2.74942,-78.487,92.3725,-74.915,
		node -103.418,40.305,-143.202,-74.2184,-30.7323,-85.358,-58.3855,-117.356,163.222,-4.7736,57.3035,49.0062,5.7554,-204.116,-50.6917,-126.448,-3.60168,55.3168,12.4005,-157.012,72.5424,-9.46634,-44.0008,11.4501,-10.6443,-51.0637,
		node -30.3775,-41.8604,-107.069,-14.4793,-60.2625,-36.2258,17.164,81.831,15.2349,9.71849,158.539,4.33745,-189.918,-88.2515,45.7514,164.985,82.0996,128.588,56.0636,81.4792,-123.434,-21.2107,-38.3342,3.65729,-86.7037,-106.841,
		node -4.70498,-26.2517,-28.3694,-146.761,36.9464,44.2406,55.3989,-218.821,27.603,-118.292,-94.5482,-39.2255,150.269,-149.065,-172.783,26.1144,129.68,158.949,-115.275,163.044,14.9614,-85.8299,42.28,15.5291,144.048,89.9506,
	layer
		node 34.913,59.1065,-2.72992,-122.807,-126.641,95.1158,
endPlayer
