// Player60
stat 9
	layer
		node 27.7791,17.5929,121.286,-37.8556,-1.59544,-6.20243,59.7239,12.9179,5.82035,98.1615,-15.8522,-0.953529,31.4496,-3.18625,36.1363,4.66849,77.4371,2.83354,-14.5207,-19.2591,7.10808,34.8388,4.73105,-19.6486,-4.15061,-71.1019,
		node 71.6959,-80.8039,113.949,-5.02277,-34.346,-63.0862,-58.8008,69.2025,20.0682,70.2038,-66.7102,85.3469,-70.4979,76.9304,-35.7738,3.16827,21.3094,-79.4051,-65.0589,165.725,72.8565,-40.2286,-65.0997,-45.1601,8.34606,19.591,
		node -24.1836,69.9898,-84.5665,-5.92495,4.81398,-67.971,76.9028,-35.3924,13.3946,-67.7398,-32.0116,-66.3591,-53.7928,-38.513,-3.42475,-4.38022,49.6954,-10.5924,120.316,-18.0156,19.6156,34.0141,97.6926,-19.5544,28.2586,-34.6335,
		node 43.8716,48.666,-96.3184,-64.4021,-40.8713,66.3304,15.541,-46.6513,-49.0689,-27.2871,9.81783,67.276,65.7461,-34.372,-26.4072,-22.872,-41.7166,102.544,49.2252,-6.13899,-46.7349,-4.21061,3.6382,-48.9208,-12.1495,-19.3355,
		node 3.90884,16.9822,-2.2611,59.0446,-46.1935,-25.6534,111.588,69.4501,32.821,-49.6731,-79.2871,40.8961,50.2108,-35.11,-53.2648,24.6393,45.0748,40.5675,-18.8288,80.5663,-28.7639,-27.2587,-56.8702,-30.1159,4.4374,14.6081,
		node -24.841,18.4188,5.6392,12.0364,-107.702,-18.3144,-41.343,98.9545,-25.8701,24.7534,44.8968,14.6242,143.856,29.0119,-48.4989,44.6327,-56.8864,-20.5527,-87.9977,20.1406,-92.0328,45.9385,5.81417,-51.9076,-22.3995,-39.2198,
		node -51.1959,5.48227,-87.9597,-28.0388,-42.4346,-9.66438,-66.1146,-60.0534,-50.0367,-45.7653,-32.9711,-76.8049,26.3543,-65.9455,26.0961,-35.3278,-51.9643,-28.4199,54.903,88.569,41.0239,-18.7962,-13.4822,-102.89,-60.7205,-18.1181,
		node 93.2537,-7.781,38.1311,-13.8809,34.2383,-41.3695,33.7387,-6.08074,-4.91528,-19.4588,20.5485,-35.0716,28.7458,-25.4787,30.5986,24.4149,-89.9262,-51.5471,69.804,19.7081,-50.3632,131.941,80.0477,44.868,-9.61951,-44.9248,
		node 0.259805,-44.6536,-65.2762,-46.6361,85.5146,-25.8964,-79.3948,-19.5826,79.4325,-36.1437,-79.8579,12.9999,-84.9414,10.8004,-15.8848,27.0523,-53.1278,-42.6563,49.1904,87.8958,-62.5142,53.4705,-67.2286,-6.7527,-0.796755,-8.13791,
		node -35.2009,115.15,7.36215,-50.6962,121.828,52.4485,58.6034,-16.7409,-17.9387,-77.236,47.556,4.32377,36.7046,-55.8702,85.7747,-79.6764,-55.0298,28.6151,-33.1075,3.38316,91.3908,-2.1899,31.6396,45.9095,-99.9649,53.3891,
	layer
		node -12.3078,-38.9364,-22.0876,51.6013,-84.8223,-26.92,1.01123,-77.3115,-53.5149,23.7752,80.6897,
endPlayer
