// Player84
stat 5
	layer
		node 72.6569,58.9471,2.54687,-65.7517,-10.5931,-9.87498,-28.2936,-38.8029,-159.085,32.5541,69.8621,22.3292,-31.0318,5.38235,-95.4539,-35.1632,-74.6309,-176.076,-16.4854,74.2446,-90.561,17.8487,70.4887,37.7845,91.8941,39.2894,
		node -40.7396,26.3581,72.4827,-45.3831,-34.9063,-14.8284,-3.92112,38.6373,21.6785,-46.4148,-48.4882,-159.021,-37.415,-193.4,-171.171,-56.0413,71.7421,10.5091,64.2617,-46.1031,-24.2305,26.8435,-16.5225,117.491,-6.82433,-62.5396,
		node -18.7133,37.0291,-76.8636,93.669,-156.82,-17.6415,-49.6318,-27.9834,-56.4483,-82.709,-80.4836,34.5351,8.09689,49.5812,32.6169,27.8079,37.6171,116.764,-34.1935,-166.325,-17.5887,-3.28902,-37.3198,103.729,-31.1079,-177.227,
		node 55.701,-195.589,32.503,-126.915,17.8918,-25.6221,-59.9791,11.7765,36.5188,-55.3586,38.2642,-14.2431,12.7816,-36.6027,-7.72865,-75.4098,-33.7787,27.1668,0.957133,17.7468,70.8627,-127.344,-122.603,-61.2932,-10.8966,-61.952,
		node 15.1635,19.1005,34.6491,-21.2708,-11.219,84.1234,8.46552,-7.95316,86.9157,-9.63881,-0.505076,-38.5525,-18.7351,16.4973,-83.4254,-55.6462,98.5224,28.203,146.368,65.6563,-43.7018,59.3382,-22.1582,9.66358,80.3932,-81.5802,
	layer
		node -168.008,36.4165,32.6635,-16.148,-60.7477,-26.1036,
endPlayer
