// Player73
stat 6
	layer
		node 76.4163,59.9506,-15.5102,3.70435,-41.0287,2.7727,-67.6789,69.7077,-157.445,-24.2141,62.9066,91.302,-170.297,10.2659,-91.4903,-36.7536,-74.6583,-175.637,-51.083,76.3748,57.7724,16.8621,64.8615,-18.009,-3.41602,-49.7914,
		node 19.5549,10.9833,37.1121,13.6044,63.9791,-14.948,33.095,36.3959,21.5179,-27.0574,29.0154,64.1488,-37.8613,-189.442,-69.6885,58.555,112.591,2.01164,-77.2899,-57.0111,-77.1447,28.8099,-17.93,14.4248,-43.3761,6.33158,
		node -7.81169,-50.1772,-75.6967,56.9954,-189.318,-27.4023,71.8322,30.204,22.5226,-84.5368,-4.50062,32.8137,8.03234,-92.904,31.3043,-30.8788,10.1493,79.0837,-30.9307,94.0757,2.71562,-71.4554,-35.8546,41.9082,-78.7334,-124.003,
		node 56.9136,-44.1798,-130.235,-118.301,-45.0963,-25.8365,-67.1853,27.3872,35.5051,30.5913,-41.5016,-5.37657,63.8976,-38.0073,-47.664,-77.6265,40.0718,-21.6706,3.35898,-136.469,58.8522,-75.3481,-29.8177,89.0712,5.98663,-66.6094,
		node 61.4723,49.071,34.0809,68.6241,12.023,-177.545,-23.8237,27.7279,-81.4585,-23.0476,-26.591,21.7203,-224.452,12.2507,44.5514,77.1001,93.07,27.5902,-12.1959,65.0854,-44.0346,60.0301,-24.542,27.529,57.682,-69.5682,
	layer
		node 29.6648,-69.1134,92.9776,-14.6699,32.4937,-65.8012,
endPlayer
