// Player24
stat 5
	layer
		node 97.9073,24.9886,142.325,-38.4553,-100.702,113.566,166.907,140.566,-162.551,226.362,80.8976,-92.276,105.133,-3.41769,220.87,125.798,-159.297,-68.5741,76.782,-44.0823,28.2973,-135.62,-173.168,-97.9746,181.804,-115.807,
		node 123.317,117.674,130.577,-102.556,-66.1219,-157.541,63.4817,114.367,155.337,39.908,-2.22858,270.484,124.763,-110.719,120.262,57.8809,31.1628,211.632,-66.4769,-21.8829,144.162,236.734,196.675,74.4303,69.5844,81.2166,
		node 23.4245,-32.5565,25.1635,118.369,-34.9412,41.5502,54.1694,32.926,201.468,121.732,37.1091,85.9461,104.681,126.528,123.236,146.079,113.858,105.839,178.6,50.1509,-39.8795,165.363,165.135,80.3621,179.093,231.246,
		node -75.7397,91.857,30.0394,122.326,172.766,132.356,153.08,107.723,-184.652,-47.2306,102.176,-189.382,-76.4173,193.705,206.964,-139.266,-59.8714,89.396,39.7913,65.4271,189.024,184.433,191.94,-88.6206,141.392,4.38277,
		node 18.7988,51.4631,37.9631,164.219,45.0354,192.273,-58.5828,94.0864,-108.544,279.466,98.2895,176.148,-91.8289,-132.695,68.4366,50.6732,9.29588,153.843,299.79,-121.816,197.916,126.42,178.119,184.667,60.9683,61.1679,
	layer
		node 179.113,125.883,182.041,98.0031,-99.4722,-202.506,
endPlayer
