// Player23
stat 6
	layer
		node -58.317,-84.1848,70.965,29.2852,45.8718,14.4777,161.438,-5.54444,2.51252,57.0949,-89.4537,68.5053,-28.2662,135.903,-83.5362,-125.986,35.0524,71.5265,-82.5143,-48.3547,102.15,56.5232,101.157,16.2198,85.8478,9.17483,
		node 38.97,135.251,-53.3644,-59.0577,-42.6228,52.4621,60.1514,-169.433,9.64952,-34.4957,-4.14942,11.4844,80.8974,-76.9961,19.119,107.075,63.1832,-94.759,-107.383,42.7496,12.3232,-20.0135,-101.959,59.48,-174.872,-13.1847,
		node 73.8088,46.4029,-116.28,82.8556,-23.8559,-20.157,-194.881,-69.3597,63.5989,-19.669,5.19491,34.2434,-56.7664,-213.107,124.841,26.098,22.7251,-9.62552,-102.09,-150.735,246.048,91.9226,171.719,-37.1849,-32.9129,8.6,
		node 9.39252,-9.51612,73.3532,-98.2357,61.071,209.218,-43.3523,-124.807,-85.9921,80.0623,3.40972,42.262,77.5308,48.8982,14.2516,24.8072,-82.9229,78.2949,65.0078,18.3167,22.2536,-83.5026,-83.2698,-73.233,-109.214,25.627,
		node 25.5641,32.3907,-0.188268,-71.5995,-189.29,-13.3792,17.6506,12.1888,132.464,104.966,43.9089,28.8944,-145.893,51.0511,-59.2645,-14.2866,60.1944,-161.028,-63.8232,-10.5598,1.86193,154.243,-96.4288,83.9736,53.0614,127.082,
		node 42.2309,-53.5602,-83.1324,-110.145,-96.5063,-13.8213,-132.849,110.036,85.9527,-18.4521,-22.638,-18.2695,36.3134,144.856,-74.0874,-83.7103,-23.7846,-30.4624,170.566,169.85,19.2084,122.894,-146.201,3.34017,-39.3587,-100.313,
		node -114.406,36.0349,107.833,-94.3776,-121.24,-132.221,-104.371,44.0777,9.81069,-147.394,181.156,5.50871,-135.104,-102.929,43.6366,-15.6441,31.1848,-33.0752,-33.8105,-140.697,-78.5027,3.87486,-23.2334,73.0169,83.4295,-103.402,
		node 56.8553,77.5904,-71.3933,-75.2551,63.4067,-18.4724,74.4856,-53.2524,-55.7311,20.9386,-11.0189,-96.1688,138.288,-140.908,-19.2103,53.1118,-86.0937,-160.969,47.2718,60.26,86.8056,-23.3038,-129.447,167.497,-37.2504,22.1016,
		node -88.3941,-128.852,-83.0903,-39.012,64.9143,-117.275,-5.74025,-61.3818,-48.2374,59.0068,-139.803,17.4511,91.6307,59.2284,-16.3262,52.6315,0.859866,-43.4754,48.5241,-135.515,110.631,73.5109,80.5476,52.1338,115.945,22.2178,
		node 110.794,-121.082,10.7866,-74.0311,-80.471,-184.651,-85.2491,-68.1337,93.5622,-93.6352,-67.1238,203.859,-25.1493,27.2691,47.2701,114.156,16.2794,-34.7238,7.41858,33.2899,-3.85468,81.7169,-85.0208,-97.8831,-23.6643,-73.8631,
		node 32.3662,-37.8671,47.0918,280.039,-5.45424,219.484,74.1758,119.508,172.726,-8.92138,-4.89494,-43.5423,45.8455,-28.5435,128.636,3.36454,-47.7387,45.5076,40.3546,-130.786,-76.9124,20.5354,105.924,54.126,-6.18274,84.6076,
		node -201.961,-28.2,-191.203,-43.2793,5.77051,-159.88,-117.389,70.3417,-32.3015,-117.641,-2.51712,56.2908,-70.1926,36.2184,-55.6879,-16.7283,73.7212,109.875,-73.9789,-27.2919,40.0088,-7.12387,-29.3597,177.646,124.198,79.3322,
		node 132.488,-25.7922,-49.5743,-0.40276,-37.175,94.8556,138.377,-25.9612,-71.5373,-54.3222,25.0911,-165.682,-80.1209,-175.075,6.20974,46.9213,60.4104,-38.9965,-171.657,-60.4727,17.8612,12.8005,71.2201,136.08,157.882,-134.242,
		node -70.6615,186.145,-21.9192,-61.0523,-46.5261,-11.6203,-18.4476,-41.0182,70.4277,-1.44732,55.2486,35.1139,29.734,-64.0299,30.2661,145.002,-9.76218,-4.28941,111.695,-52.8306,-33.2038,83.1648,-7.86467,84.606,53.5527,-66.8263,
		node -171.619,252.65,0.142281,-90.8395,-3.66451,15.971,221.617,61.7883,32.1949,22.4918,36.1949,-55.0731,-210.607,-11.5936,-72.1941,57.362,125.28,-67.7409,5.91731,48.6571,-108.252,-128.935,-90.4403,23.6272,-30.9783,81.3402,
		node 124.941,62.482,22.2874,2.92,105.67,64.3098,-45.4523,74.3308,109.591,-18.9415,-61.4277,45.6551,-107.437,138.524,14.9643,-107.855,-31.3737,-129.562,-3.30527,32.4706,-12.4142,95.3941,-31.3113,-13.5006,61.3574,-23.9001,
		node 24.2109,20.9021,-145.273,-42.4457,145.376,4.18732,91.2393,-36.7779,69.8999,-207.835,137.259,66.5936,-107.848,-16.7192,-70.7913,36.0957,-68.4931,64.9003,157.366,-215.497,-222.467,82.833,-259.721,55.8599,-116.749,-212.044,
		node -48.8445,-88.5177,-25.3474,-26.2359,-90.0332,40.411,-49.6817,270.006,13.908,14.532,-86.0161,-240.737,10.8628,7.56804,143.448,-59.748,61.8957,1.07698,31.7316,-131.813,-91.5082,-141.39,-47.4918,57.2596,-69.3863,-61.0912,
		node 19.7142,-14.6542,-78.9627,-19.8415,-25.8775,136.186,-132.949,50.5015,-32.0392,-211.424,32.7002,52.9045,113.789,188.736,-146.87,-43.2733,55.3692,-194.969,-66.7606,-134.397,-98.1646,209.912,25.4586,-13.6615,36.1345,49.1168,
		node -238.276,45.9031,-123.791,21.8644,-30.5446,26.8459,226.174,-66.5606,-44.0849,-61.1908,58.688,32.9724,40.4447,26.0804,-64.6212,-175.989,-95.3622,60.0778,53.9062,-16.6377,-51.4947,-28.8162,73.17,-75.8077,15.3564,109.07,
		node -81.6094,191.606,26.0603,39.9284,140.19,-231.073,-55.4682,-29.6758,-67.4215,-8.74519,-144.802,-159.95,-100.354,-28.0417,18.3951,38.695,51.7208,-200.002,-12.7983,127.307,133.664,66.3562,-4.35759,38.5222,49.4694,-82.4375,
		node 1.67402,178.921,-126.012,-39.6427,-71.2129,-136.219,-27.9727,44.3736,2.28958,-112.657,38.9311,30.6537,59.965,75.2185,-63.9701,64.8172,63.4559,-140.814,-82.7348,7.21833,-110.974,-88.2543,-30.3832,9.79726,56.8103,69.7131,
		node 89.9349,-72.2865,-71.5156,7.70559,123.556,31.9053,34.5895,-239.041,-9.6544,4.68442,-319.868,50.3758,-50.0453,63.4625,12.758,15.1271,10.6313,96.6779,-30.2288,34.8467,6.73587,-127.96,60.7166,131.421,-48.4675,36.7877,
		node -11.3945,122.483,-116.023,126.137,-89.5476,-46.6549,-52.6269,-182.296,-156.845,2.06711,46.0595,-136.971,50.5087,85.1483,43.4255,70.1813,31.0135,-85.9109,-117.571,-48.4059,7.94834,-58.1366,-190.046,123.018,-58.6629,24.8817,
		node -91.7667,130.743,15.5667,32.7535,-8.70148,26.2499,19.548,-150.398,69.2358,95.7894,-14.7514,-105.353,64.706,9.86601,-230.66,69.6139,-12.4088,194.596,-27.5973,3.14231,145.564,26.2498,76.9971,18.0592,80.6958,-6.85315,
	layer
		node 5.62994,-71.7085,-142.434,46.6026,173.938,-12.6147,82.9651,-113.45,146.394,191.91,-95.5899,75.9239,50.6419,-121.024,120.104,50.6456,10.9834,131.54,130.194,-23.9125,-57.5928,84.6418,136.214,131.171,-31.3487,29.7053,
		node -45.056,82.8745,107.334,115.259,139.914,-42.6039,143.519,55.6276,-137.731,51.3681,-62.4632,81.9837,-37.1484,13.5311,-112.706,-50.3588,-81.1664,20.9095,117.606,-13.3577,-115.377,42.5277,85.5377,-92.6149,32.1961,73.878,
		node 30.3015,-7.022,188.519,-91.3892,-26.2729,-120.486,-15.3628,-50.6362,-89.2893,-41.1908,28.4134,12.833,-21.9118,87.1309,17.9541,-30.0054,4.06816,-81.2179,56.0783,162.192,-112.826,-139.357,199.962,213.378,6.27302,243.522,
		node -0.173257,15.0075,40.1911,22.8064,159.22,180.149,-43.7677,79.9605,-203.946,11.0369,-123.477,95.6314,-65.9616,93.7016,2.06384,-10.1007,126.093,-150.415,-44.6382,66.8624,-98.1822,15.2303,-104.836,23.3781,-19.9762,30.8998,
		node 18.3627,81.463,94.388,77.3781,40.8647,172.114,-93.2288,-150.874,-87.4387,-127.557,-63.9989,-106.396,132.167,53.9741,59.8958,-27.587,45.9249,-88.6606,134.406,40.6162,-187.813,40.8954,-82.1056,-87.6502,169.749,19.2804,
	layer
		node -216.694,-190.559,31.9518,-106.77,-200.669,191.393,
endPlayer
