// Player20
stat 3
	layer
		node -10.7337,-98.8166,69.0977,29.9292,36.7854,-8.57647,-158.795,-22.8646,17.5026,55.6081,-57.9023,170.165,-19.8893,151.483,-85.6441,177.895,30.4955,32.4096,-90.893,-50.0706,98.2686,-53.5089,92.2678,-105.677,83.4028,-10.027,
		node 39.9118,134.445,-70.5431,-88.264,-37.1075,34.6229,46.8429,-163.763,13.4529,-32.7215,-7.51087,-116.048,76.3853,-17.0599,42.2466,119.294,80.5899,-97.0586,-27.6582,-39.7385,-13.4088,-30.8796,-98.9775,58.7644,-175.512,-17.3987,
		node -96.7041,52.2237,-133.031,78.6899,-21.0716,-27.327,-177.092,-57.2032,91.6357,-22.3081,-10.619,42.4952,-70.7729,37.8981,97.9455,41.205,34.8454,-16.2581,-82.876,-150.629,246.557,111.892,170.016,-26.2157,-39.0312,-16.3575,
		node 1.27862,-37.8771,68.0987,-92.7026,-130.885,214.558,63.3344,-115.262,51.7183,76.3076,-1.28109,67.1997,122.69,53.3052,35.7787,50.768,-80.357,84.6602,41.828,18.5147,40.1115,-111.244,-82.4628,60.1379,-121.674,12.6919,
		node 9.81102,29.6682,32.2487,-221.875,-197.478,-21.4772,4.30493,5.37823,129.968,101.244,44.1999,-112.053,130,71.1416,-60.7554,-17.3229,56.8849,-148.636,83.169,-8.34793,-52.7257,150.951,-97.5297,61.5634,61.4174,64.622,
		node 182.239,-52.2206,-85.9368,-94.7587,-99.816,-21.1203,-141.587,112.086,96.6653,-22.267,-21.1064,-12.9259,37.0722,25.707,-93.7015,-111.797,-60.6617,-30.0599,32.2896,172.708,-7.62089,119.017,-149.43,-4.99014,-21.2392,-126.924,
		node -105.973,50.7581,127.826,-116.93,-109.278,-134.83,-87.9694,37.4936,-0.486832,-145.054,187.761,5.79921,-142.797,-80.6469,44.2868,-10.6349,29.1524,12.3374,50.3112,-140.464,-74.2249,6.55998,-18.3104,63.3563,85.9863,-128.904,
		node -46.9342,62.17,-47.3241,-73.9339,57.0007,-18.2777,72.9133,-61.8933,-45.5806,26.8965,5.29491,15.4717,114.957,-171.781,208.494,45.1418,41.5024,67.0942,-39.3475,96.2083,-9.34593,35.4586,-77.8485,80.8023,-39.2339,15.2938,
		node -97.0163,-122.007,-83.3295,102.399,70.7766,-122.741,-0.103767,13.2743,-51.943,63.0083,-129.227,14.8087,80.8749,30.3527,-19.7488,63.3828,15.0572,-78.001,37.7742,-162.713,118.437,86.9435,96.583,109.669,116.608,21.3255,
		node 5.35119,-115.61,14.4903,-73.2221,-78.0706,-171.2,-29.7941,-63.6322,100.077,84.6559,-70.1406,-134.277,-32.4109,35.8391,50.897,130.992,33.6633,-36.7458,9.36234,-69.7591,-34.8345,80.2842,-84.0361,-99.9753,-37.8734,-81.016,
		node -40.5456,-34.65,-8.33346,283.043,-11.4989,214.697,68.7305,174.955,164.208,60.3555,-17.4096,234.613,73.0544,-8.96766,72.575,-14.2382,45.371,105.932,47.5624,-123.22,-70.5541,19.223,103.533,54.1266,5.18164,87.169,
		node -205.574,-16.9869,-195.798,-38.2267,-12.2707,-106.989,-116.61,64.8488,-87.5853,-85.589,-1.2173,66.5069,-42.7369,43.3177,-34.8783,-22.0115,-91.0575,8.35478,-85.1105,-14.0166,42.3067,89.1997,-28.1755,160.04,130.215,84.7039,
		node 147.189,-30.0537,-50.2527,8.38896,-32.7803,90.8574,23.2182,-34.9955,-83.6421,-35.6371,26.9359,-216.669,-85.1925,-197.118,-4.11137,44.2591,80.3061,-39.9439,-164.139,-46.9628,47.7086,24.6396,87.7693,115.157,139.503,-125.743,
		node -78.292,-17.7383,10.3622,-103.384,-49.6237,-11.0584,-19.7226,-49.8168,64.157,-28.6875,55.3377,53.9228,26.6157,-57.4085,29.3371,131.724,-8.87188,-3.10938,113.672,-15.9661,-25.1707,75.4658,15.7083,110.901,49.05,-164.544,
		node -198.024,14.0206,-5.06125,-26.2514,0.911915,10.1167,228.814,83.4274,37.5402,36.352,47.6934,7.84746,-213.194,-16.77,-47.4162,48.0809,131.202,-52.5713,15.0428,29.1424,203.126,-128.201,-10.6081,25.99,-25.9262,65.8835,
		node -131.363,52.7218,16.8539,-1.45799,100.906,74.1908,-50.8916,73.2223,108.541,-49.4608,166.987,45.3688,-128.483,171.29,21.0748,-53.5568,-24.389,-110.5,-71.0459,35.8128,72.5558,92.9825,-31.7236,-20.2312,57.9383,20.0403,
		node 18.0865,38.3068,-129.443,-21.5993,169.877,10.7147,47.7395,-45.8531,56.125,-213.09,-319.69,31.713,-89.7757,-8.13117,-223.339,14.4031,-79.6157,67.006,160.325,-216.814,31.991,82.6364,212.083,55.4286,-121.888,-203.93,
		node -46.3064,-94.932,-41.9001,-131.911,-62.172,60.5516,103.511,254.819,162.549,2.39893,-96.1233,-67.9111,39.3749,7.4454,58.2219,-57.6126,59.9461,19.9653,28.978,-136.12,-93.0752,-108.71,-60.5386,58.6113,-41.1196,-60.4783,
		node 55.5135,126.711,-89.5191,-51.8128,-32.3579,150.533,-146.389,74.2971,-91.8397,6.80105,21.4172,-102.119,118.487,190.901,-146.082,-49.3406,45.3791,-188.157,-66.7,-129.464,-86.0892,187.689,-51.7638,-19.3887,39.3722,48.0708,
		node -227.004,30.5391,-121.036,24.0109,-6.60242,19.1541,232.771,-74.1332,-55.6205,-57.6476,64.583,42.0903,48.7661,38.5375,-26.1906,-144.228,-87.1536,69.8641,71.6336,-32.1578,73.8292,-82.2227,52.2169,-74.6308,-31.899,118.883,
		node -100.826,-57.9815,128.215,44.0336,50.4327,-217.354,-27.2348,-33.2036,-70.8882,37.6435,-146.305,149.389,-87.3751,-118.75,-10.8405,37.1375,60.8377,-195.016,-26.0619,126.611,-25.0688,65.3492,-0.526033,44.0907,37.4818,-96.2736,
		node 28.8684,179.454,-122.099,-47.3831,-73.775,-144.657,-8.64606,37.1394,34.6147,-118.063,-29.9762,-122.76,-1.09562,69.1163,-56.157,36.9143,53.7868,-146.881,-85.8673,13.7631,-111.271,-54.3261,-25.4626,19.265,29.8246,72.1076,
		node 3.86972,-56.6339,-75.3735,4.99745,113.593,32.677,31.5042,-222.787,5.04186,-3.82792,-318.556,91.6514,-78.7875,-87.9979,14.3297,12.5746,23.4965,-71.6378,-28.8575,20.5287,2.69991,-132.794,64.0924,-45.1826,-51.697,59.9428,
		node -5.54831,117.718,-121.554,137.084,-89.6115,58.0996,-83.1774,-160.643,-94.6407,9.15886,41.47,-128.372,-48.77,85.9422,39.0131,-73.7173,57.1873,-58.7104,-94.7362,89.457,13.7398,-54.5506,-231.972,-18.1245,-56.2536,58.3139,
		node -87.3113,127.49,29.8147,40.4737,-6.76103,44.6583,-19.9056,-154.09,-138.214,78.3814,-22.6331,-95.6268,-78.1798,12.4049,-229.052,65.4145,-91.845,183.618,-98.3005,82.7362,150.187,5.39927,97.7285,17.3954,129.812,59.4509,
	layer
		node -107.822,-73.3343,-56.6053,51.9066,171.698,-19.8035,-6.19977,-129.668,155.806,193.032,-91.8497,-135.992,47.772,-48.4614,114.199,80.7128,-72.692,-140.446,124.943,-65.8027,-98.5651,86.8637,124.797,-44.8736,-45.2327,22.5584,
		node 158.155,80.2335,97.4582,-123.409,129.096,-2.33522,145.694,64.0095,203.812,37.5387,140.848,71.3783,-96.3781,-5.50193,-83.5605,-127.508,-100.598,30.2184,-61.3275,-18.7546,-116.071,-3.47857,75.2417,-59.5483,-36.52,78.6384,
		node -110.492,-91.7808,182.31,-130.179,-26.2311,-0.0913462,-25.9123,-46.2129,-94.508,-39.5454,33.6325,11.0581,-105.529,-0.128367,133.206,-23.8216,-76.5817,42.6808,-11.6386,19.433,-80.8605,96.9912,-2.21162,51.7762,-57.114,117.247,
		node -295.504,-123.796,34.986,93.3167,-40.984,186.788,-28.2407,16.1103,-195.592,16.6056,-24.6287,90.6949,-12.6017,84.758,147.993,115.315,-152.158,-136.611,32.5753,60.6896,96.2615,66.7106,-116.984,-94.504,95.229,69.7017,
		node 19.8682,105.688,97.5902,59.3678,58.2994,138.644,15.832,-85.1866,-85.4972,47.1701,-72.5725,-3.93954,20.5773,53.8497,18.9684,-9.12751,42.0756,-93.4052,123.311,-53.2641,38.1727,-107.345,74.2095,-158.74,162.151,6.34013,
	layer
		node 47.9169,220.3,-204.928,192.644,-51.4355,91.8878,
endPlayer
