// Player2
stat 3
	layer
		node -6.79166,-86.3153,64.5077,26.0698,34.3893,-0.238729,-171.403,-0.0898991,36.0224,60.5329,-87.0049,173.758,-26.91,132.884,165.988,176.608,14.0866,77.3011,-84.6874,-41.2324,99.1896,-35.3461,84.5152,-88.8556,83.7157,26.5084,
		node 33.1266,108.595,-55.5459,-62.5413,-37.3951,36.8484,42.4784,-165.244,26.6204,-30.0587,-7.97015,23.9266,103.497,-76.9168,17.5792,115.88,87.4451,-78.1014,-105.307,38.9045,73.295,-16.7608,-114.28,62.7072,-162.85,-23.4221,
		node 67.1159,55.7851,28.9709,72.4872,-20.6409,-29.7579,-197.989,17.4523,52.9979,-44.3316,5.88901,27.3149,-69.0778,-202.049,123.682,41.4168,32.7615,-0.0262664,-84.3321,-150.49,266.287,99.8806,188.256,-43.1333,-34.0394,-10.0345,
		node 8.3929,-29.507,93.5122,-94.4904,-134.828,181.811,61.0265,-116.177,61.6861,69.415,2.35816,66.6774,126.659,60.0582,28.656,53.6661,-120.741,90.9583,41.8372,11.9939,24.5782,61.7959,-92.6436,-83.9504,-140.799,42.6718,
		node 21.2545,33.1721,25.2064,-74.7558,-189.05,-26.0727,3.22768,-11.7963,128.979,86.9902,42.7915,-110.72,131.215,41.827,105.028,-135.789,71.565,179.397,91.8681,-12.6889,-61.3502,148.662,-64.423,96.9913,60.0903,61.1657,
		node 29.592,-86.204,31.1598,-116.054,-101.807,-26.0156,-157.111,115.143,97.822,-31.2204,-30.0977,-121.799,53.2405,17.9497,-79.3925,-73.5103,-32.2938,-30.5446,28.3758,174.015,-10.1225,147.73,-156.096,-16.4979,-32.3605,-119.781,
		node -100.652,42.1132,120.45,-128.226,121.584,-134.755,-105.21,46.1079,3.34781,-166.158,189.412,5.71338,-142.417,68.1537,45.7102,-8.81624,117.811,-44.091,55.4956,-132.913,-78.3653,1.4726,-23.7075,71.0093,89.3821,-168.05,
		node -44.4525,22.8467,-48.888,-79.0302,53.0842,-28.6821,76.1946,-56.9185,-76.6663,26.7315,7.6484,19.8833,114.609,-147.261,-14.1087,49.8947,41.6415,65.9218,56.2024,81.6759,-55.9334,26.2775,-66.501,168.361,-46.0341,-13.3125,
		node -85.0871,-101.573,-43.27,-34.6518,62.129,-122.164,3.76898,-43.9794,-47.3777,87.4972,-140.296,11.6117,79.7206,64.3851,-5.7388,55.9679,13.6334,213.977,46.5575,-159.201,116.622,87.4943,78.3932,39.3868,117.8,116.249,
		node 122.812,-131.026,10.4693,-101.732,-76.056,-199.431,-119.313,-52.9926,97.9754,38.3871,-74.8137,-126.937,-25.5338,25.9321,1.05735,118.664,68.2697,-37.1446,67.0707,-77.3419,-41.6473,93.8728,-83.0747,-128.36,-48.1292,-72.7252,
		node 31.9399,-32.5119,-7.35999,-190.594,-214.639,215.685,66.7364,54.1802,185.068,-9.35295,0.415631,79.4791,69.901,-12.1171,66.6609,-95.3874,-45.3382,127.684,51.2262,-126.509,98.2177,18.6375,100.274,31.9032,6.33718,81.997,
		node -198.834,-29.7998,-188.716,-180.665,-17.5415,-105.172,-121.578,64.2485,-89.9999,-83.7936,-10.7985,61.9413,-40.493,43.8533,-67.3621,-21.3023,81.7131,-4.85867,-82.9367,-14.728,32.4297,88.3528,-34.4585,164.461,132.418,85.6421,
		node 155.341,98.0563,-47.2055,22.1428,-36.033,90.8358,18.8881,-36.1738,-138.38,-26.2647,28.7676,-210.494,-71.6465,-195.764,-2.88681,50.1026,-10.7701,-48.312,-168.685,-46.2092,22.4335,6.89903,78.4023,147.539,158.994,-118.384,
		node -68.6268,189.188,-35.7151,-69.7485,-62.9636,-17.2296,-22.7281,-25.0622,-105.894,-8.32969,48.4602,32.9888,42.1074,-56.1768,44.8258,151.064,15.1556,-2.89851,117.639,-178.209,-21.1178,66.9944,8.94666,103.25,69.492,32.7627,
		node -168.221,252.34,-38.9707,-93.2679,1.62709,6.40619,223.017,52.0204,35.3717,21.5635,35.4156,-52.5178,-198.214,-40.7156,-58.2419,42.3819,118.533,-58.9327,-12.7854,40.57,-106.435,-132.968,-0.429839,21.9267,-14.8474,49.4447,
		node -144.308,46.6844,1.83845,70.4065,104.222,77.6646,21.1323,61.176,94.8597,-42.4698,-57.2897,44.6065,-106.817,122.012,13.9071,-68.2372,-23.1109,-71.1214,-49.5108,21.0999,-9.72348,87.2037,-32.5307,-25.9435,58.1295,16.8887,
		node 22.2104,31.6763,-122.596,-32.5542,169.469,4.06505,65.2857,-43.313,73.4064,-212.694,-301.743,33.7069,-113.131,-11.1805,43.1124,33.0409,-84.2491,65.9062,155.518,-215.905,28.4593,79.9886,209.858,50.5285,-111.722,-206.922,
		node 3.07301,-89.7425,-37.5515,-111.625,-78.2226,31.466,111.243,24.2461,0.553401,6.56686,-93.6341,-69.0661,41.4939,5.24289,138.963,-66.4179,57.2084,15.5637,14.6826,-138.679,-92.2944,-130.003,-54.8875,59.0588,-69.9382,-62.5418,
		node 64.444,124.503,-80.1104,-35.4244,-33.4297,115.788,-161.379,73.9626,-28.4059,-230.204,-9.47352,53.3295,117.315,195.024,-141.818,-42.7386,46.9745,-191.535,-70.6133,-125.139,-92.6611,5.15775,22.5918,-16.8725,25.4628,46.6962,
		node -233.588,33.2802,71.4186,13.8685,-22.8048,29.0082,212.933,-76.2752,-54.3811,-55.2975,56.2596,31.4636,-32.1521,13.2168,-63.6664,-137.394,-89.5595,31.8395,69.6051,-30.6613,-50.2231,-27.0886,60.601,-77.7054,49.1446,132.835,
		node -90.6452,-74.1573,32.713,38.0043,51.1524,-224.36,-63.3542,-30.3477,-82.0048,36.7537,-93.3914,152.073,-85.3617,-117.491,31.4316,37.3177,110.133,-206.139,-107.554,132.788,-44.3302,64.5613,120.216,175.732,49.7883,-93.3057,
		node 15.0954,177.502,-98.9407,-43.4339,62.2774,-143.975,12.714,7.53643,50.4493,-147.041,-119.33,-124.604,-29.186,-71.2689,-74.8628,37.4642,60.8937,-147.182,-85.3646,51.215,-116.104,-80.02,-21.8001,32.1107,40.0141,61.0979,
		node 85.7762,-55.0443,-66.5544,41.5121,120.106,28.7766,37.1889,-238.614,-58.1414,2.61516,-314.19,82.7243,-82.014,-96.6643,17.3347,79.4573,22.2551,90.1888,-53.8711,37.9457,0.680356,-145.71,46.7944,-45.7514,-59.9503,62.3434,
		node -9.77775,120.509,-85.5179,136.649,-94.1701,90.9458,-79.9279,-161.297,-153.133,36.9077,47.9796,-127.423,55.3787,82.6014,43.1123,85.882,33.8481,-76.8082,-121.064,66.3829,-0.331484,-76.695,-229.184,-29.0096,-66.0465,27.9083,
		node -82.0597,-72.3249,35.933,2.78666,-11.0534,-72.5083,-21.3593,-148.914,67.1585,96.9669,-7.73356,-96.446,3.23138,20.684,-230.976,54.4623,-11.5834,195.012,-26.1131,82.6197,129.995,31.3977,27.6811,14.0413,130.432,-30.9636,
	layer
		node -115.802,68.3925,-155.808,43.3681,38.6868,95.3813,70.5011,-64.7927,157.906,-143.999,118.085,-139.121,53.9821,-71.4731,114.459,47.479,-37.2864,131.795,127.794,55.5827,-56.6694,86.1308,129.314,125.123,-42.0973,31.175,
		node 154.208,82.1864,-47.3158,125.937,-91.8479,-40.5729,-70.3817,194.3,227.613,53.9809,140.473,3.52713,-34.1828,15.7656,-81.618,40.51,-98.4061,49.1393,83.5706,17.6818,71.9946,31.5557,-207.273,-106.615,-37.3147,-36.4561,
		node 26.6539,-94.5457,183.267,-82.1595,-137.083,-89.6535,-22.9139,-55.8517,-81.59,-26.5888,-13.0804,-145.886,-107.451,195.284,39.08,-46.1441,17.0921,41.8969,-17.0377,161.502,-85.4565,207.842,199.717,224.94,-51.9142,115.501,
		node -4.90397,9.52859,35.2859,-40.8228,-111.645,185.575,-56.8259,9.77359,-203.14,-10.1608,30.1203,91.0378,-14.7497,65.7608,-26.7477,30.2563,-160.324,-128.58,-42.942,64.2542,94.6943,85.2585,-101.336,-15.4984,90.1812,85.0082,
		node 20.3306,82.583,-23.931,106.482,-8.02976,139.657,-100.541,-89.4903,-69.1798,-33.3582,-67.0228,-0.609145,24.1441,53.9354,4.13996,94.579,-79.463,-24.5143,117.172,-11.1465,36.293,59.7122,-52.1343,-104.471,162.612,43.6321,
	layer
		node 45.1857,4.12262,63.5461,40.1095,29.697,-136.932,
endPlayer
