// Player85
stat 6
	layer
		node 73.1443,-26.0347,49.6151,43.0155,-1.96337,-108.139,-10.9739,36.4757,30.0431,55.0411,-7.80388,23.7994,-11.1207,56.9509,1.02631,79.4067,13.7127,-23.3977,12.1637,4.38434,-53.7334,64.9655,17.0478,-10.3258,38.3138,-52.594,
		node -0.423204,0.676563,-44.2745,78.3543,60.9898,-18.3644,19.2417,-49.4373,0.490035,-21.8067,-118.265,75.6937,1.9107,-31.8228,67.6512,73.7436,5.04142,-29.6984,8.06682,-137.385,36.8146,42.4577,-11.8641,-106.732,-34.5315,43.9381,
		node -19.3619,7.89239,36.5867,53.5047,-10.3484,55.4378,13.4172,18.374,-57.8395,82.1174,-40.1377,0.0828985,-147.889,-122.119,24.5802,10.6056,-13.0741,30.6891,0.042044,-45.6586,5.28471,5.1084,23.9787,31.1398,-43.1465,40.5573,
		node 42.9805,28.6781,-56.4108,-105.832,-81.1649,84.117,-12.6186,-23.3372,-23.7256,-17.5137,15.1634,77.3192,-10.6784,4.23926,42.2515,-13.4161,-19.2114,13.4516,-33.1685,39.8389,35.5576,-118.335,-46.9173,-0.523337,67.4704,41.2774,
		node 7.02019,-10.9076,3.76771,20.6373,2.13911,-40.446,-128.372,-24.7745,-47.5045,13.6233,-12.0605,47.8411,61.3273,-19.7244,7.38512,2.73344,28.3505,-39.1065,-100.295,37.6503,-15.1226,56.9382,-25.7248,-34.5401,72.848,37.0937,
	layer
		node -29.4401,36.7506,5.57224,46.6893,17.6781,63.7462,
endPlayer
