// Player79
stat 3
	layer
		node 85.1375,90.5125,44.7348,38.1095,-4.44699,-102.162,-38.2654,74.4136,34.6892,77.9519,62.6031,23.3455,-28.2977,-67.0198,-101.69,44.5837,12.7645,-20.8113,-12.1734,-12.4399,-70.8485,8.33056,-37.4778,-9.96081,-14.1519,32.182,
		node 83.8714,-0.49604,74.4395,64.644,-29.3423,-18.0954,88.8647,47.2886,-12.3597,-83.7254,35.1066,87.6741,-28.1341,28.8169,15.8325,81.7929,8.0907,-52.6725,3.34319,-91.5051,38.9792,52.2137,-31.2454,-40.4667,-56.6096,-34.9554,
		node 57.7096,3.67192,24.9397,77.649,-30.8029,7.7541,4.56405,-158.947,11.6082,1.14312,14.7261,-5.67596,41.7605,-129.048,12.895,1.02855,-1.9564,-19.0067,6.34971,31.0439,19.6328,50.0098,4.54589,22.5254,-48.528,24.3106,
		node 16.9109,35.6731,7.42971,14.0068,-90.4869,16.3079,-3.4003,-43.0234,-7.2754,-22.8685,13.6774,28.4878,-17.973,-31.6626,33.3018,25.685,-14.6648,-22.0665,39.7387,42.8072,-2.13021,62.8884,12.2759,30.8757,68.7368,-38.1112,
		node 1.58523,-109.223,-27.6825,-50.8912,54.5776,-39.994,-129.552,57.3246,-48.2427,-38.4283,31.3352,78.5491,5.49963,-7.86457,8.77277,26.453,13.1276,-40.5639,-81.5259,-21.3042,-26.8176,-16.7145,-23.136,-28.585,72.0769,-0.189028,
	layer
		node 25.139,-13.0514,69.7587,6.19066,66.7322,73.4117,
endPlayer
