// Player74
stat 9
	layer
		node 48.567,-18.4774,-12.3163,53.9713,0.835956,91.0241,-23.3699,-107.044,-61.5572,0.786089,-46.9928,0.813537,-19.5054,56.3864,-116.164,36.7537,15.5129,-79.3522,12.4784,9.14833,-54.222,-41.857,-39.086,35.6646,-14.8926,-135.485,
		node -13.8688,43.3936,-37.7764,66.2843,70.4983,51.2375,19.3485,-45.4922,93.542,-22.1966,78.3422,98.7514,-30.6945,-28.0594,48.4842,-30.1777,-86.2643,52.767,39.7645,-33.7875,30.9773,47.9942,-12.6775,-106.854,-47.4744,-6.77668,
		node -11.1317,5.72145,-43.3382,-158.563,27.8801,57.2237,22.1435,21.7643,-2.08161,-25.0519,-44.8946,-4.83428,-146.989,-129.817,39.9206,6.35199,-12.8798,44.0641,-0.152537,-41.2972,3.71221,6.94098,-35.03,65.6914,-53.7999,43.5015,
		node 7.67151,70.0169,-103.877,-22.7235,79.2096,81.9342,39.0521,-57.1995,45.8922,-17.7239,2.01501,77.4114,-19.1582,20.967,3.89156,16.9302,-16.1006,9.57678,46.9514,31.5032,32.3032,87.5502,-58.9699,67.6236,69.8833,23.5583,
		node 5.96682,55.0215,-5.31039,-48.1416,24.3855,-45.2737,18.1494,-17.2902,-22.3079,-47.379,-80.7129,53.5468,89.2869,37.3801,16.7307,-3.68981,-20.7022,-40.3419,4.31597,-11.2409,-5.19614,58.4816,15.4416,-81.5049,-51.6674,41.903,
	layer
		node -20.5114,-26.9317,-4.83631,-109.223,42.2967,-155.924,
endPlayer
