// Player44
stat 4
	layer
		node 46.3488,-29.6469,50.2694,53.6826,62.9924,90.3198,-28.1591,72.381,-105.669,-125.99,4.71143,18.9793,-30.9661,-58.2669,-15.0469,36.5565,13.9109,-38.0902,21.1837,-45.312,-37.3235,40.5108,53.9875,51.4446,23.9718,-119.308,
		node 60.2424,44.6546,17.8362,53.8189,-0.967322,-72.7471,3.25917,3.2918,87.4862,-17.4011,26.1272,-40.2095,-47.0333,-24.8447,14.2326,-27.9238,11.8577,6.17489,68.6034,-37.3102,-77.3503,54.2387,5.96991,-35.087,-69.8152,-17.4246,
		node -13.3684,10.1716,-39.2372,47.4719,-45.7243,12.2871,16.709,-158.474,-3.77822,-24.0313,-42.0816,-86.2138,82.6468,-129.168,32.132,-4.3175,-8.47985,-19.6732,-20.3866,-13.3233,-10.1323,39.6342,66.6035,22.6816,-45.7446,19.6537,
		node 59.4326,82.2234,-106.621,-107.091,76.5891,-9.20075,-12.8933,-24.8213,-13.6002,-20.7942,38.9793,29.7211,-6.1028,-27.576,63.6205,-16.6598,-6.00797,32.2594,41.259,-128.116,-32.7905,48.3551,-56.5969,77.5186,51.4426,-46.9885,
		node -6.60464,-104.428,-122.269,-87.9835,-0.914258,-85.5183,21.0606,62.214,-16.5686,9.60729,13.6924,59.3174,59.6442,46.8247,4.48639,-3.66687,-24.0281,-34.7667,-36.6886,-10.8337,-4.75337,56.4652,18.723,-23.0152,-46.9207,25.1486,
	layer
		node 47.8996,-60.1689,54.8753,72.2186,43.2973,-107.228,
endPlayer
