// Player56
stat 5
	layer
		node 56.0098,58.6382,11.8746,-111.482,-98.7547,-163.735,-4.50336,111.447,-103.814,-6.99489,130.848,-131.826,64.1415,-115.022,97.586,27.4189,60.2049,101.482,74.1261,44.7088,19.8308,-23.2467,45.6152,74.8982,39.6678,-100.824,
		node 36.3447,-34.8859,166.989,2.44076,-160.873,-51.0123,121.25,3.89093,-102.048,-195.815,12.2721,-36.5158,130.504,-36.4116,-121.521,122.447,100.246,103.219,121.993,-163.191,48.4911,21.6235,8.14309,-24.9633,-134.256,-122.141,
		node -122.078,17.4958,-103.458,32.0578,107.992,-27.5008,92.6007,21.7818,3.76817,54.0499,166.799,-5.43996,28.3009,89.3068,-40.9043,-129.615,114.809,108.091,16.5174,-82.8716,139.657,172.732,3.21736,-30.8686,62.8539,67.9527,
		node 148.625,-112.15,-106.159,19.0308,-18.783,-107.508,-4.09976,79.6504,18.854,-31.1322,17.4501,19.4828,-134.909,121.331,-135.038,62.617,58.1687,-22.2933,107.942,-52.048,-130.328,120.894,21.3177,-35.9928,-15.1448,-12.1635,
		node 122.857,30.9784,0.791368,-109.157,72.3351,119.999,-17.7175,116.566,-76.3582,12.675,-45.0198,-2.61041,2.84056,-43.975,-4.2931,88.6925,96.2382,15.8006,-129.567,84.0545,116.754,-137.574,-146.571,-10.2637,-122.212,78.0605,
	layer
		node 0.0265249,-24.8946,-170.079,24.4844,9.49097,42.07,
endPlayer
