// Player80
stat 6
	layer
		node -240.855,481.109,-247.6,-239.141,-251.837,-285.905,399.62,-204.121,-287.103,-295.737,-181.867,472.281,-234.97,-267.024,-292.357,-135.144,-205.017,-198.492,-260.341,-380.122,-17.8061,-297.057,-294.189,-8.68745,-184.943,417.626,
		node -243.937,-237.525,520.914,-120.149,-276.472,-228.729,-286.338,-313.383,-196.068,-194.691,-188.554,-179.803,-302.236,-203.382,-401.308,496.283,-211.423,-158.435,-218.041,-206.49,-231.762,-201.405,-397.655,-234.308,-211.774,-209.472,
		node -300.35,-353.399,382.044,-223.747,-151.438,-215.756,483.694,-192.278,-147.812,-226.595,-272.813,-192.376,-267.876,-340.483,-304.712,-198.53,-246.553,-308.925,-188.12,-354.005,-227.128,-245.237,-226.486,-342.942,-170.971,-216.278,
		node -131.924,507.106,507.035,450.907,-373.123,-209.715,-154.057,421.302,-204.784,-170.742,-252.899,-154.267,-150.432,-223.397,-214.922,-208.021,-285.002,-283.028,-161.663,-233.3,-259.506,-220.23,-301.799,-197.844,-369.913,-331.635,
		node -285.063,483.869,-187.669,-400.4,450.22,-180.37,-165.326,-237.608,-291.833,-208.49,-382.006,-138.736,-256.926,-122.772,-298.9,488.252,-238.365,-324.827,-369.327,-205.7,-236.568,-258.142,-170.407,-192.382,532.494,-106.374,
	layer
		node -288.939,401.202,-334.404,-134.204,-168.762,450.781,
endPlayer
