// Player13
stat 8
	layer
		node -186.302,494.09,-312.043,-197.938,-414.816,-220.187,-215.562,-201.392,-210.127,-318.151,-244.294,464.518,-298.61,-369.565,-200.849,-129.166,-195.575,-297.106,-335.109,-252.059,-192.961,-203.605,-296.324,-232.29,-330.202,414.904,
		node -310.026,-164.946,476.792,-120.203,-209.644,-225.698,-286.457,-281.917,-188.624,-184.553,523.47,-317.592,-189.401,-214.506,-183.96,-271.702,501.881,-225.562,-200.819,-314.235,406.678,-274.939,-271.083,-193.531,-217.487,-230.153,
		node -265.501,-307.749,400.82,514.607,-172.871,427.353,494.208,-170.683,-296.059,-276.523,-238.844,-251.295,-164.362,-189.215,-229.839,-235.646,-187.585,-276.855,-334.408,-372.154,-294.663,-242.27,-288.782,-205.285,-297.399,-212.513,
		node -276.299,375.335,-238.253,477.46,-213.366,-163.705,-146.406,-243.229,-180.313,-304.997,-291.462,468.157,-18.2885,-205.304,-217.556,-216.866,477.564,-273.705,-93.6198,-251.306,-365.548,-344.097,-305.674,-191.37,-176.892,-200.021,
		node -294.577,-90.7274,-182.886,456.259,455.177,-127.119,-125.034,-244.438,-169.287,-214.385,-202.794,-205.058,-282.429,-17.6742,-306.919,-213.302,-186.323,-312.425,-387.796,-222.152,-416.318,-191.908,-201.884,-310.595,-207.586,-230.827,
	layer
		node -290.783,-90.9077,-136.661,-162.418,-457.789,-108.088,
endPlayer
