// Player78
stat 2
	layer
		node -244.7,485.935,-306.508,-234.406,457.626,-389.872,491.952,-216.589,-163.466,-276.63,-185.652,470.061,-223.042,-197.145,-294.635,-256.975,-171.61,-206.143,-330.593,-236.194,-260.317,-224.372,-287.989,-261.639,-263.858,416.595,
		node -235.378,-208.506,462.809,-114.704,-273.928,-307.831,-303.134,-306.007,-188.505,-196.859,-309.653,-203.781,-320.025,-193.462,-396.21,-236.196,498.204,-329.926,-217.389,-353.029,-223.647,-206.522,-203.87,-201.399,-213.319,-388.435,
		node -286.554,-204.384,-352.299,-279.031,-298.098,-172.615,-149.001,-309.873,-143.014,-228.737,-264.688,-133.421,-221.897,-296.858,-265.309,-317.888,-180.529,-257.437,-261.572,-355.017,-331.041,-145.584,-294.59,-219.533,455.694,-218.397,
		node -266.311,511.929,-280.215,462.323,-371.14,-164.191,-157.155,421.551,-308.296,-239.027,-272.266,-153.923,-248.698,-211.705,-216.785,-154.115,467.624,-378.215,-160.078,-252.77,-287.663,-168.678,-188.257,-197.509,-286.649,-337.657,
		node -260.275,488.682,-226.465,-239.577,451.056,-129.536,-253.536,-284.847,-297.027,-225.622,-225.216,-202.853,-259.056,-284.294,-316.242,-269.23,-176.085,-260.798,-372.088,-222.702,-238.484,507.783,-185.682,-181.423,-192.38,-82.8449,
	layer
		node -128.742,-186.818,-262.378,-246.427,-206.542,-192.733,
endPlayer
