// Player73
stat 6
	layer
		node -259.058,-256.549,-310.783,-239.107,-258.122,-269.476,484.772,-279.166,-273.734,-285.386,-180.881,-164.428,-292.338,-322.607,-129.316,-131.002,-168.637,-291.344,-255.944,-389.435,-233.422,-227.783,-122.633,-262.603,-184.014,408.164,
		node -242.854,-206.917,519.354,-200.764,-209.056,-238.461,-284.172,-278.984,529.641,-200.439,-194.866,-311.073,-165.949,-192.276,-262.856,-220.619,508.435,-237.121,-275.038,-213.342,-304.796,-281.887,-304.305,-231.65,455.208,-259.296,
		node -311.296,-274.769,-175.235,-229.892,-157.953,437.351,502.286,-185.807,-269.805,-148.179,-274.38,-320.099,-220.081,-306.718,-187.222,-153.312,-243.486,-288.053,-243.024,-359.387,-219.144,-239.125,-334.055,-213.889,458.633,-317.755,
		node -218.827,514.967,-242.792,456.32,-234.22,-296.286,-155.798,-306.851,-342.03,-147.184,-246.334,-116.303,-23.1319,-254.529,-220.981,-208.119,-232.656,-372.449,-316.434,-350.801,-161.011,-268.757,-305.646,-184.344,-203.274,-241.81,
		node -283.765,485.39,-227.264,-233.704,467.191,-181.271,-207.519,-134.788,-340.761,-225.438,-151.75,-288.032,-273.464,-11.9642,-315.36,-183.962,-182.367,-267.855,-196.198,-128.151,-203.449,-211.135,-275.055,-296.104,-210.1,-259.634,
	layer
		node -404.428,-278.574,-222.581,-302.395,-308.953,-135.73,
endPlayer
