// Player98
stat 7
	layer
		node -1.11468,-26.1268,-6.36955,14.4933,0.106685,-17.1318,60.7909,50.318,-8.98599,-34.8095,12.6868,-55.2523,-12.0707,-6.75834,-12.3208,-5.91047,-12.1548,9.42737,11.7612,31.568,17.5301,79.6794,-46.5568,-24.9512,-7.926,57.228,
		node 75.9354,-14.4496,31.2397,-17.9531,95.9229,-23.5855,75.8987,2.33261,11.5257,7.76165,58.1959,50.4864,129.79,-21.9692,-18.9002,68.0568,-62.0311,-6.83871,102.413,-76.5894,15.8551,-27.6137,-4.89882,-33.5343,-54.6588,-13.0124,
		node 72.4324,-56.793,-30.3631,-32.4266,25.4972,-30.6257,-17.8552,41.0635,36.7071,-8.42831,83.8168,4.2433,-29.0736,-7.6839,-10.0214,-13.9019,8.84533,-14.0198,-21.6305,-11.1066,-11.69,17.288,-34.5374,-6.06525,-6.84066,79.6887,
		node -16.7073,2.70792,104.792,5.4981,19.6743,-69.9416,19.0729,45.3519,1.22198,117.049,34.2836,-18.4264,-11.6909,-81.6068,22.5437,62.7722,-56.4601,100.559,12.4996,19.3062,-59.6729,-26.9088,25.8799,8.1328,-1.87782,8.65827,
		node -8.56613,-25.6909,-9.3209,1.29199,25.7189,-55.214,194.785,-74.7753,-42.8768,47.143,-3.94505,13.9705,-67.0283,34.3268,-1.13067,-27.9947,18.7983,61.1174,62.5771,-49.1581,12.026,-19.2357,4.89862,-7.66696,-25.842,72.3429,
	layer
		node -5.72868,4.48181,112.769,-28.8081,-10.549,26.7487,
endPlayer
