// Player14
stat 4
	layer
		node 128.923,-84.5706,-17.6827,117.661,-10.0735,-32.2447,-9.68838,109.204,140.576,20.9763,-13.674,-45.1233,89.9479,26.238,-47.8463,-4.91493,-6.03142,-85.8935,-18.9256,-9.43541,-69.158,51.1212,124.352,9.55244,-141.838,-50.1911,
		node -138.465,-27.6037,-35.2611,94.185,-7.90233,89.8709,-30.1937,99.9214,35.8357,111.758,-108.722,-18.5961,-53.1247,22.9657,85.5735,94.9156,-3.30293,2.64677,34.3921,-37.4749,75.6067,-153.943,-59.5569,-43.0946,-112.339,-37.1881,
		node -36.6926,123.368,85.611,-21.9955,-6.48795,5.80144,16.423,-34.4502,20.3176,112.777,11.0563,-72.6681,124.256,-46.6033,45.4572,14.2386,-32.8968,12.3117,-5.60734,-56.6928,-25.4638,-73.2175,85.1005,-3.29669,113.695,11.3941,
		node -69.3681,72.0992,-115.825,-5.5068,4.13987,57.2217,-82.0008,56.7229,86.8273,73.148,-61.5666,96.9504,-168.537,16.5519,-30.7439,-60.7157,37.062,-22.9365,10.4028,11.9246,-42.0194,0.278036,76.5803,30.9171,-110.76,-36.6965,
		node 110.921,42.3215,-56.4009,-7.84516,102.485,5.98686,-38.7815,-122.358,148.467,-92.6558,-24.0885,115.984,-62.1408,-40.502,1.80743,-92.5242,97.6587,-18.1685,1.28528,7.76781,40.8729,88.2119,102.08,24.0066,-16.7876,-61.0456,
	layer
		node 74.0487,3.00043,61.6803,2.38428,-13.1417,-33.93,
endPlayer
