// Player60
stat 6
	layer
		node 88.8588,-4.7969,13.0274,-29.6511,72.8145,-36.8031,-14.3428,82.4157,101.079,109.817,128.582,87.512,28.7567,4.68838,-59.116,-14.2365,89.2112,116.45,19.9898,25.6065,-15.9385,95.9033,-65.7548,-85.471,3.98359,-86.3233,
		node -26.0368,108.555,53.7383,-7.21132,-14.3345,-71.108,-3.46112,-136.422,33.2864,-76.005,22.1943,-16.2939,76.2217,30.774,-71.6136,-20.5227,-15.317,-49.0819,123.394,87.6351,71.4373,81.5556,-98.5395,-33.5667,120.579,94.6938,
		node -42.3979,61.2697,-33.2473,66.4463,15.3005,-86.4526,-133.457,16.8561,-2.14825,-25.672,14.6184,-63.5162,-75.1103,12.7462,-6.18831,54.3774,97.7043,-19.5692,-16.8638,-60.1662,-1.55607,112.81,80.2451,-17.4367,-43.0204,14.3762,
		node -43.0901,81.2992,0.782265,103.966,-10.3798,-49.2382,97.1812,-107.834,-166.321,73.5793,-26.8481,-49.1621,-9.4702,142.625,-23.1745,85.4985,91.5854,-27.1915,-3.87322,3.23072,-23.5782,8.15666,-35.1193,129.809,-13.3271,8.5888,
		node 15.9034,50.5031,45.3296,34.9308,-42.2739,-49.1035,-1.32208,31.7838,-16.8924,-3.39015,78.0635,-74.98,-12.4978,-103.875,58.9612,-99.2603,-102.489,-15.8613,0.818446,31.5609,-71.0358,93.039,-143.803,-31.0523,-7.01186,-46.5478,
	layer
		node -24.6759,139.7,84.6809,-27.3745,-24.7385,10.8637,
endPlayer
