// Player65
stat 9
	layer
		node 132.614,-20.7577,-190.394,90.7821,-0.290734,12.4451,29.42,-146.633,28.5375,75.4485,-35.0724,19.3731,-157.863,-42.5585,50.7207,-35.6863,-16.4467,115.454,38.5205,17.4535,31.0272,61.3282,94.1133,51.0023,50.3969,-1.73913,
		node -82.7648,125.301,-52.0374,87.9856,5.77306,74.7423,213.776,81.4603,210.67,149.761,12.1647,-111.539,186.27,-85.5116,-63.288,17.5185,21.2584,-16.9005,-9.58794,-50.4477,156.68,-152.995,69.9933,53.5876,10.487,74.3363,
		node 45.0797,-143.833,-125.272,-11.5074,49.4164,41.9811,-61.1639,16.012,-131.695,10.6213,-52.3038,-30.3508,-15.5538,-90.2507,-130.578,-118.374,67.2623,92.9811,-2.71229,-51.4403,-29.2041,111.193,87.1174,-136.918,7.82135,99.9996,
		node 143.106,40.5381,-120.635,79.86,76.877,102.424,52.3489,-42.4388,-26.7855,1.07914,11.9808,7.03562,99.9261,142.495,-53.8913,4.97097,-162.839,21.5911,34.8336,192.018,-17.8839,-34.2547,-63.6399,-156.169,118.89,118.87,
		node 34.0367,106.207,1.55582,-32.3392,119.01,82.2999,10.9355,-74.0843,23.0923,108.428,68.1777,3.24466,5.54922,-62.6924,16.3894,-124.623,56.3234,-53.1209,55.7522,14.2411,-40.168,-162.022,122.989,-0.926527,-65.4718,66.3377,
		node -59.8259,-55.9428,135.001,-49.7221,41.1349,-85.8667,88.6076,3.47784,-41.7184,-25.0321,31.02,-6.31581,-17.7026,-130.229,13.3748,212.99,-224.644,178.642,-55.7076,8.84894,-12.5312,195.501,-6.70784,93.3828,11.2842,2.46073,
		node -154.05,54.096,-138.934,29.049,55.3149,-162.062,-10.7326,-122.247,67.3623,-140.675,68.5925,-23.2362,-11.1051,-104.039,17.739,-107.715,9.05895,3.49935,-36.4626,68.3916,-17.1293,99.2408,24.6,-31.3861,-153.78,49.4014,
		node 41.1656,-18.072,-4.42523,113.748,161.038,72.5448,-152.295,-91.9588,124.581,26.3971,-139.019,19.0495,25.8306,-33.8763,-120.136,48.378,213.818,21.6984,51.4816,-121.137,85.4681,11.2237,98.3522,101.66,9.37651,31.331,
		node 36.1006,-70.7966,56.3168,35.9913,-56.6683,-4.76198,58.0551,106.265,-58.169,-58.3736,-16.531,89.4396,199.999,-125.079,-54.6755,-17.2194,-54.4341,-4.72058,142.137,189.538,105.719,118.129,-31.2064,-64.0548,-25.5699,25.0394,
		node 60.8963,23.4474,-38.7315,75.6305,38.8981,-45.7282,140.22,22.9139,105.133,-55.6078,157.707,-25.0704,-155.649,-47.1571,107.441,48.6617,42.5504,-12.1642,-40.9315,-174.516,27.597,19.8935,194.209,99.1316,27.9433,-48.2293,
	layer
		node 80.8477,-52.7395,-72.8484,80.7563,-22.3366,-153.995,145.322,-40.0531,35.9811,-3.22935,-71.6948,
endPlayer
