// Player83
stat 6
	layer
		node -87.5707,116.266,-174.338,100.468,130.149,35.2064,145.824,-138.363,29.4889,-91.8458,4.96229,18.2236,40.7436,-33.9739,54.2908,14.1564,3.43117,67.6902,43.5736,-69.8762,-106.405,-9.77682,91.7113,-133.397,-150.045,-13.7826,
		node 3.15838,-24.4243,-50.6116,87.5563,-4.75289,82.6835,213.752,83.9893,-15.8366,96.1712,143.804,-110.354,189.987,-103.363,-29.0529,8.30195,22.7945,240.879,-161.302,104.433,27.6855,-18.9243,-55.287,45.6248,-158.47,66.0135,
		node 41.498,-132.843,21.9832,34.3224,-125.414,33.6495,-61.8207,27.801,-134.574,113.762,80.6212,-74.4545,2.70422,-89.417,-134.364,-119.476,67.8454,-33.6219,-1.64191,53.5485,63.6571,7.61368,67.4743,-25.3759,4.98644,-2.54428,
		node 147.469,-72.9601,-113.056,15.667,74.9075,116.729,59.2747,-37.9015,-134.669,-12.4994,21.3845,-1.787,77.3322,-77.3601,11.9745,-3.91906,-159.3,238.147,23.7625,190.323,-27.0466,-38.7237,-43.1281,-14.1046,65.839,121.366,
		node 37.9319,110.893,5.27553,-23.0335,-8.88193,38.5932,9.59592,-74.6151,27.277,90.4203,56.2907,-17.5956,17.7237,108.373,26.173,-66.0848,61.8566,22.5146,80.3136,27.157,186.29,-147.515,126.726,-180.872,62.2833,-72.6117,
		node 54.2316,-54.3594,-36.242,-44.8215,47.8806,90.7798,125.554,-36.4635,-30.9594,99.7684,14.4291,-0.360777,-8.69854,-129.903,10.0595,89.8855,-222.684,-58.3299,-53.0735,101.633,194.664,192.163,-4.82077,99.9509,5.69106,-0.389939,
		node 284.979,31.9263,-26.4645,34.8492,87.9709,-160.398,-11.0181,53.6515,97.9498,-134.595,-19.2126,-23.8214,76.5795,-122.094,-14.3802,-106.966,141.226,-6.24822,35.4762,-128.068,41.4849,99.6804,25.5386,-20.5124,-71.0857,-17.0601,
		node 83.5833,-46.7051,268.933,105.112,160.675,13.2488,-186.762,-106.478,-79.0999,-140.297,-142.808,-102.496,-52.2181,-36.7688,-121.876,-141.679,223.801,0.630295,56.9913,62.9155,37.9215,77.94,-137.453,113.764,84.3549,44.3207,
		node 60.7005,-41.1992,55.7475,-67.0947,-150.988,-8.41667,84.9889,156.679,157.267,-55.5141,-14.5086,75.6158,112.507,-131.413,-51.7894,-11.3482,-57.6029,-10.5247,136.727,185.107,110.741,115.443,-158.852,-54.8703,306.228,25.4657,
		node 59.9128,47.7179,-42.4259,103.878,44.1367,-44.6688,131.813,-10.6447,6.71434,-47.9804,50.9527,77.4537,-20.635,-47.7142,105.833,12.0793,170.99,133.271,49.9849,-90.5925,26.5834,4.47435,-15.473,118.234,-3.71571,63.1154,
	layer
		node -28.4919,3.94029,-142.608,-12.431,-6.07686,59.0429,-102.383,-142.285,34.439,20.1901,-72.8222,
endPlayer
