// Player78
stat 10
	layer
		node -38.0306,-37.2327,-3.92949,4.52957,-32.0096,3.47432,-29.5422,-25.4819,-49.3637,39.7962,-18.4235,10.4575,53.61,67.8686,-60.8682,12.93,31.7136,-37.6688,-36.9678,17.6834,112.975,31.9568,-40.5549,-7.55362,10.61,41.5708,
		node 22.2534,2.03188,-21.9926,29.5445,-0.882742,-16.0781,-34.0452,30.525,-12.8252,-36.48,-78.3854,-7.87595,14.024,-53.1774,48.7558,21.8452,4.07433,-19.275,-7.38083,-51.5879,92.6083,39.3009,5.0859,18.1153,-44.5154,16.2506,
		node -21.1344,13.2001,9.92398,13.2823,-7.78308,-4.00807,39.0583,61.6525,43.8183,-38.5459,-11.6726,-21.8539,-22.6192,-15.2846,-19.2646,26.4857,40.7824,-48.9433,-55.0728,13.0517,-27.7268,-18.1128,-8.76379,-11.7011,-1.82875,92.9455,
		node 38.0574,-20.0697,-7.9696,40.1549,-50.0399,29.9163,72.1459,-48.3156,-1.47064,-36.3388,-12.5757,-15.0826,16.449,18.5866,53.3271,28.1835,-20.2113,50.8304,59.8342,26.1758,58.9466,-16.5496,41.6091,-10.3633,12.0472,-24.4815,
		node 57.1938,-86.1847,-32.1916,9.64337,-5.72991,1.58525,-42.3963,-24.6952,18.3952,1.76298,-15.5429,-28.8716,-17.6326,-9.94092,-6.8672,103.239,-17.7023,-13.0494,52.2232,1.37046,52.5656,6.16098,1.42121,-16.9183,42.0369,-4.77514,
	layer
		node -14.0867,33.2755,-47.6336,-29.0578,-6.34724,0.269496,
endPlayer
