// Player43
stat 6
	layer
		node -26.6642,-37.467,-8.26099,-1.01532,8.11978,25.5252,-30.4346,-1.264,-19.6229,-17.5186,-18.6482,49.18,54.199,-26.2987,-39.7697,18.0281,21.8606,-36.2018,74.6346,20.2998,-39.4855,42.073,48.5976,3.20446,54.8373,-9.11942,
		node 11.9117,14.3175,51.0781,50.2312,-34.2971,1.08867,-5.2927,24.5975,42.9923,6.86925,-66.0101,-5.88241,-39.5686,-63.9393,25.8006,-48.7332,-3.06809,-16.0147,-9.45637,1.59188,24.5289,-2.06865,11.0181,-3.27395,-27.8603,-5.91859,
		node -28.947,28.8033,77.0075,-84.6708,15.818,-6.91576,-17.0681,23.9592,23.4238,-12.0596,24.0025,-42.2405,39.0993,36.4334,-8.90747,34.1047,33.3675,43.2122,-58.8072,28.1763,49.9963,-20.4834,-51.251,-35.3303,-8.75287,15.5292,
		node -36.958,-24.5365,-9.4651,43.0437,54.4228,23.474,5.85137,-58.1462,-28.5491,-28.7063,-1.03388,28.7312,11.3563,-17.5736,-49.3079,29.0541,17.7998,53.0491,52.194,0.436751,38.7809,-8.33216,56.0988,6.99697,14.1006,37.6425,
		node 58.3176,15.7139,-30.8763,26.5715,3.42299,-2.14352,33.0051,-82.1218,44.0501,-33.8575,-32.1329,25.3649,62.1479,-11.5857,-5.69134,3.11569,22.5843,1.77394,-32.6362,6.64238,49.8226,8.26902,10.6905,-12.9597,41.1604,-4.26246,
	layer
		node 2.89527,-25.127,-60.61,35.6418,-6.22856,-5.23765,
endPlayer
