// Player48
stat 3
	layer
		node -143.586,-38.8807,-42.9993,-161.151,97.0887,29.2303,-19.6627,6.86658,234.501,-57.1338,-197.694,-155.813,45.3488,189.59,104.02,-211.276,-130.164,-44.9389,188.982,9.26774,-17.9762,24.7065,129.83,5.68699,-84.8002,38.3716,
		node 101.488,-122.049,-169.962,73.3651,-163.869,16.7749,144.9,-250.761,-119.535,1.00037,147.474,-112.496,29.8107,-161.046,-50.7342,-191.952,-75.0289,181.374,-29.7726,-15.7179,-12.4858,-113.266,177.751,-201.01,207.556,81.1249,
		node 68.6689,-87.1769,102.424,-145.546,-91.8534,-0.419285,-101.188,-33.3868,14.952,236.26,-167.665,11.6658,-80.0249,90.7103,19.4532,143.459,-172.232,118.289,-170.557,-86.4991,220.647,-73.0637,6.53532,-43.9371,50.7267,106.273,
		node -101.897,-26.4438,-158.64,15.1362,-125.519,91.8884,-144.194,34.511,-49.3263,-189.807,-3.91013,-28.9881,185.464,91.5551,55.2608,24.5058,-67.8841,-122.566,92.3425,-40.5068,-16.248,146.472,34.3863,126.66,-62.3144,-7.7965,
		node -85.2928,119.187,-13.2221,-21.9122,-16.4064,21.095,-266.607,126.322,96.2701,-22.2088,43.0114,-4.15491,-302.208,-249.242,63.1089,40.9707,-187.017,183.153,-141.604,49.7674,-107.722,-173.262,-132.742,173.256,90.3795,-115.208,
	layer
		node -208.848,-24.6173,89.0681,113.899,-129.909,60.6711,
endPlayer
