// Player99
stat 5
	layer
		node -148.654,-52.4515,240.108,-164.785,156.426,159.937,103.023,-17.0684,236.804,31.8907,-192.311,-5.96262,33.8901,173.031,-23.295,214.382,-135.199,-54.3534,-23.239,-79.3868,-72.3759,15.3172,62.8929,-28.8523,137.725,173.958,
		node 159.024,-125.525,238.456,19.7806,-173.747,-6.90579,139.441,-139.059,-117.646,66.9651,-71.161,157.664,116.167,-152.226,-51.2742,154.38,-79.1507,-40.8526,39.4838,-185.54,-48.3162,-106.499,188.361,-52.4261,-68.4401,-82.3723,
		node 50.8928,-58.6929,84.0944,-148.644,-121.875,141.713,-102.619,-33.3602,-196.758,227.932,-167.262,8.60944,-64.1119,-274.11,35.7657,-117.225,-166.094,113.895,13.5563,-74.4702,216.105,-69.9676,-4.6776,-9.16329,-118.333,109.355,
		node -168.069,-13.7877,-150.559,32.9922,-34.424,-109.508,176.968,43.7855,-60.0267,-199.592,-140.86,-9.49478,-105.782,-21.8447,-53.1883,62.7326,97.8117,-11.7731,98.229,34.4159,-43.4445,131.545,5.06983,-17.0499,-1.67634,-196.935,
		node 36.3921,111.301,-8.40622,150.673,-202.61,-204.86,40.4553,-216.73,114.615,-25.6455,38.0677,9.04903,-284.752,163.527,-122.132,-54.6464,-56.8486,174.993,-108.069,56.0111,-81.946,-138.101,-149.986,176.54,97.967,83.3524,
	layer
		node -118.509,-93.9765,-75.8126,-73.4211,-37.2373,-38.5278,
endPlayer
