// Player64
stat 8
	layer
		node 59.2717,-17.4728,-22.0829,24.5126,17.4905,83.0699,-49.069,32.3613,0.878809,75.1586,-33.019,7.52829,53.4852,-41.5942,88.0451,-12.2405,16.4805,39.3223,21.4507,22.012,24.5911,-113.18,61.8006,61.3786,-83.4161,4.11389,
		node -19.2659,-7.85917,-37.0286,-50.074,-23.6947,-61.4473,8.45954,45.454,-48.0605,-20.9084,24.4628,96.378,69.6722,-42.2757,-90.8189,-69.2319,11.5084,-63.5498,30.2615,71.8001,58.461,-26.1739,76.5104,37.2837,-34.3646,-82.5721,
		node 10.3459,77.8735,-63.2113,16.2915,-16.8639,-2.85135,15.6598,20.1909,3.76807,23.8411,-51.2796,3.15376,41.033,-29.9389,84.0747,71.0339,-28.7327,43.2968,38.9812,43.1866,84.0729,35.3354,68.1629,-30.5016,21.8303,34.8739,
		node -38.5107,-2.40379,51.5921,53.1593,71.7282,-49.6601,31.0388,-6.77815,-61.7557,-81.9289,9.44494,109.938,70.4823,-18.6111,-57.6784,-49.4538,-24.9823,111.069,-30.4451,57.4969,87.2752,-46.2411,12.9696,51.2977,-60.2998,21.6663,
		node 12.5068,-12.0025,-11.924,-60.1179,-89.3051,-2.37351,38.3828,-99.4504,59.0318,35.557,32.0157,-41.1468,-5.94444,81.0205,-81.2432,21.8738,14.5655,33.2027,67.6841,-36.2985,14.0706,-9.09825,-15.8001,33.9036,-58.9989,-99.3385,
	layer
		node 33.1477,-79.2789,0.575897,40.9969,11.4618,67.1553,
endPlayer
