// Player40
stat 8
	layer
		node 3.64733,39.7695,-83.427,48.092,40.2858,30.3819,70.6553,-71.1703,-57.437,149.025,31.3538,4.32004,84.5503,-74.9714,4.52144,-15.9052,-74.7756,64.0391,35.963,16.9388,9.67039,-76.2729,5.51067,20.2544,0.0824875,4.98777,
		node -41.0086,-5.68687,35.8496,-57.5208,60.3713,54.1502,53.9798,-22.6705,20.2673,-29.3342,11.6528,15.2004,85.6328,-14.5022,-6.25329,-66.5329,50.2051,40.7954,-6.74605,32.1657,37.785,-72.0506,87.0697,101.831,14.0129,44.9081,
		node 31.3592,-2.41584,17.1228,1.63378,34.2126,5.80566,22.928,20.999,-61.5997,33.6655,12.6258,29.5731,85.4866,58.1391,-27.9154,-23.0795,-66.5146,46.1993,44.9638,-67.13,-39.857,59.6172,4.46288,-18.3766,65.2811,22.3545,
		node 10.7622,68.7566,49.3852,73.1269,66.4669,-57.1412,-93.3374,-47.915,56.9255,-3.48894,17.7891,-50.0407,37.4585,71.5894,47.8309,60.4759,88.2723,56.4092,73.2552,56.6146,61.1733,-53.1703,-36.3094,47.4485,65.7203,-2.52042,
		node -4.10627,62.6945,10.6137,62.6527,55.7159,30.5782,-46.7897,-99.6006,50.3917,54.0577,23.2901,4.94313,-24.7079,39.357,-47.3648,18.6751,14.5395,-0.435323,-84.4545,-49.9658,143.138,21.0352,78.294,64.641,-24.7289,-67.2611,
	layer
		node 29.6033,58.1322,-80.4178,-58.3796,75.9872,20.2726,
endPlayer
