// Player47
stat 5
	layer
		node 59.2182,-58.8187,-71.4634,73.7263,-5.30779,-35.7406,-69.8736,37.974,62.0033,-50.9245,27.6279,12.1268,-89.8483,150.532,14.1593,58.9845,-20.9292,47.7038,-15.619,27.8619,82.004,133.191,60.3948,58.6159,-5.09566,39.833,
		node 57.4232,84.1133,33.2966,-68.6745,66.7008,-59.3647,57.991,39.7839,-59.2631,-35.514,6.39454,98.9339,69.58,-21.439,17.9365,-49.0893,18.3144,37.9412,28.1244,46.7978,-78.7176,-24.3587,0.35601,10.0975,16.5929,-66.7111,
		node 4.82774,76.6841,103.08,78.2562,10.2311,112.483,-6.87251,17.4536,-4.49525,30.0185,-7.28541,83.8951,91.3251,-22.0741,88.9573,-20.3418,-37.6054,-78.0017,40.4733,-61.7353,-54.7092,42.7096,4.44886,36.5715,-30.8402,9.90284,
		node 69.8955,77.7405,34.9122,67.5386,68.6656,40.8768,65.7336,-49.1363,-71.0067,-87.3687,5.81746,98.4455,49.8353,81.0531,56.8232,-57.8044,6.9825,-49.3953,30.8026,64.6278,2.10736,-33.3949,-45.2526,62.5377,-56.0115,1.75341,
		node -3.1914,-46.154,-5.6424,-11.691,19.4542,58.9062,-53.6023,1.62495,-83.8777,34.045,21.9038,91.2911,-24.6325,68.5605,-53.0604,24.1798,15.245,11.0406,68.6739,-8.26367,12.8291,-73.5192,-35.9329,-64.3206,-21.1315,18.0214,
	layer
		node -5.28747,18.6472,-1.82123,35.7284,-3.31795,-36.2127,
endPlayer
