// Player42
stat 7
	layer
		node 5.16715,-39.0894,69.8465,13.9743,56.9501,91.1446,-79.8036,23.0237,0.956189,75.8616,-12.746,6.6781,-10.7652,-49.6697,91.249,71.4997,-86.8516,56.1506,-60.2149,29.9938,21.97,-76.4261,-7.51715,-33.6738,3.17459,23.9367,
		node -29.9597,-4.68317,-66.507,-24.8559,23.2397,-16.6847,-52.2857,42.954,29.1635,-21.2894,79.2831,59.7433,-19.5875,-19.3987,-11.2103,-63.866,18.8831,80.2236,-78.2419,68.7203,64.7687,-72.8752,-73.1579,100.118,-53.848,41.1386,
		node -46.9225,-27.4372,7.89622,79.0979,63.8111,-87.7559,36.4323,28.7786,15.8021,-107.391,-37.9033,36.2121,80.5577,-26.3563,-29.0759,-92.6287,-67.6954,-71.5788,-48.4472,46.0977,-72.8232,84.5051,68.401,2.73925,-91.3075,-46.3873,
		node 74.6046,151.926,46.7309,37.5698,-36.5827,-47.9668,73.2638,-25.1103,-63.9458,-81.6567,43.5143,-53.0139,39.5755,52.8292,54.0046,57.3656,-101.159,-3.96308,21.9519,39.9031,10.4409,-5.67831,-52.263,47.1288,9.06746,-3.97189,
		node 12.4793,35.5187,-19.2888,-45.0002,7.85603,-45.6234,41.2054,-35.3172,62.3847,-47.456,25.9698,-76.3894,-75.8528,-2.83655,-60.907,16.1473,-2.40314,-42.1123,-101.27,-61.1707,25.7108,102.663,-20.9985,44.5576,-20.5887,-15.3249,
	layer
		node 45.4782,3.63258,2.42934,-47.5313,71.4292,43.4449,
endPlayer
