// Player64
stat 2
	layer
		node -56.2735,-143.277,92.8716,-41.9731,-88.1002,-87.3811,-140.584,-69.24,320.537,-104.355,143.739,-159.674,-94.365,-130.932,28.9136,-57.6556,-161.176,201.431,-112.451,-111.006,121.077,-111.819,87.559,-127.901,94.6644,-92.6786,
		node -133.571,21.0383,169.306,-88.9158,5.46396,-50.367,-97.4643,18.1147,143.761,-126.939,-88.1572,-109.092,-113.328,66.2102,209.9,-149.411,-123.21,-86.9748,-157.128,-99.0502,-149.605,-88.1936,-88.9199,-135.04,-127.45,218.655,
		node -107.511,188.525,101.464,-172.212,-57.4827,37.0642,-120.424,104.816,-201.919,-29.2078,-92.5099,157.72,9.62618,-105.103,-87.2101,-78.4698,65.6602,-81.6654,87.6756,26.1228,89.3564,-47.6359,240.158,-134.458,-93.5012,-171.534,
		node -109.183,-109.159,148.296,-157.846,-75.2154,-155.929,3.66505,-158.81,113.612,-97.5171,37.2846,-165.164,20.2151,-133.978,-115.22,170.843,2.27567,166.496,103.435,-57.5399,-82.621,217.571,69.0104,-144.297,-94.5623,-183.656,
		node -160.322,230.878,-154.32,-139.6,-116.894,22.8343,-77.5626,-171.819,-118.55,-109.541,201.323,-171.913,-121.328,-112.498,-182.96,-170.622,-208.735,34.8835,9.03742,185.126,-74.3604,40.6447,-69.6348,44.6056,-212.32,41.991,
	layer
		node 40.2048,-172.411,-175.064,23.5373,-158.841,-172.733,
endPlayer
