// Player4
stat 7
	layer
		node -16.5875,1.92589,15.0547,16.9014,-54.1649,-31.3639,5.13479,1.17085,18.9958,-0.132958,19.7458,-17.3205,-34.1896,-27.5241,2.26718,-13.5615,42.6912,-27.9714,-14.3866,30.5254,18.7678,-0.44701,18.0376,-1.98758,9.01616,13.2744,
		node 0.901301,-31.4931,-23.238,-15.3853,21.491,-27.1465,-6.04785,12.8126,-33.2155,-36.0458,-26.7967,-12.4477,-26.7392,11.4098,-12.4938,-41.8436,-6.85891,1.75049,-48.2396,23.9149,-28.9881,-2.40474,-57.0769,12.6442,-24.8219,-2.19044,
		node -25.5286,-10.3301,-51.2114,20.655,7.43787,21.6974,-16.6869,-12.8565,-13.7663,39.6368,-10.1463,-29.346,2.48609,-0.909992,-18.124,-23.7318,31.5239,-14.4462,-11.272,-19.9074,-7.29904,24.6619,2.3709,41.3765,-48.9434,-42.5178,
		node 68.5478,-13.7277,-4.06253,11.6016,6.32927,-16.9255,-5.05784,-24.258,-5.5483,16.1929,-30.1133,11.294,12.4446,-4.51478,-3.41287,-43.2113,-18.1483,-3.8467,13.8783,-6.26061,29.7658,-36.5194,-7.68762,19.8544,-30.7555,8.20585,
		node -35.9346,11.0063,12.1181,-45.8347,-19.2801,-33.7101,-44.8439,2.41647,-39.4265,31.6954,62.4398,9.89388,39.3302,-54.5064,13.7664,44.8486,87.4305,1.87208,1.47955,-9.8878,-0.101324,-36.4817,-6.23734,7.85745,-18.7095,-2.40825,
	layer
		node -37.3061,-2.18424,0.91935,10.0802,-12.9379,18.3098,
endPlayer
