// Player73
stat 4
	layer
		node -37.7985,-0.955738,-75.8951,16.2908,33.0471,-8.17768,-17.4,-120.28,-2.39474,-5.73022,-122.329,-83.3269,90.1895,-28.2606,36.9896,-55.3901,3.14643,61.1146,80.8342,-18.0434,-22.8436,-15.9317,20.5306,3.04385,-13.9052,-9.77458,
		node -51.2717,-15.4595,16.4807,-7.69544,-115.152,68.0142,-31.5252,-66.7959,70.4726,-14.7255,-2.88701,-17.1073,42.6265,-30.2456,-0.901871,-43.2425,9.47959,41.129,-139.906,3.47843,-7.15591,-7.68916,-18.9375,-61.0117,42.2613,21.2118,
		node -112.085,71.4646,23.641,-17.7316,1.28728,49.312,-98.2323,-26.6303,-31.1488,-3.03398,-9.5912,-11.0824,22.7033,-25.5927,-52.9595,13.0176,110.11,-32.5576,-7.7471,-6.91582,-12.6497,-27.3393,-21.239,46.3483,-29.028,28.8411,
		node -15.9975,5.12689,-4.97141,25.0685,1.78324,17.4647,17.4725,-13.2877,44.6836,76.1502,-31.587,45.7957,-101.829,49.395,32.7552,35.0789,8.41741,35.715,-7.05915,18.7173,-0.235535,-27.0182,10.7624,17.4125,44.808,-23.9611,
		node 30.0051,15.669,3.85692,-108.13,-9.58287,-27.5126,-48.5799,120.497,47.9191,-7.34723,-17.4875,47.4269,52.7733,-15.6453,116.203,-56.2697,41.9786,-3.43267,4.68337,63.4853,-19.0895,4.55197,-70.1211,-40.206,-25.3142,-16.7575,
	layer
		node 95.6092,-10.039,4.075,20.399,-30.0412,-21.0856,
endPlayer
