// Player28
stat 4
	layer
		node -41.8315,105.619,-64.9325,-41.5362,53.7954,-16.5055,5.60515,-70.1728,55.3502,61.1623,10.3998,-15.0932,83.4228,-21.4375,17.2539,-6.99462,-100.29,53.9777,-33.021,-17.1962,32.0354,9.2141,74.1214,0.203388,147.229,1.30985,
		node -3.20341,-31.0574,35.4797,10.4128,-63.8163,71.2819,55.2627,-46.8308,-56.0152,-4.05771,75.4866,31.3563,43.5437,-24.8855,11.7257,-11.0441,-33.7556,-84.1067,-41.1157,-7.7814,23.7752,-14.1478,-8.53303,-68.9204,-33.4541,53.7009,
		node -100.617,68.8612,55.218,-21.9859,-20.4789,17.2738,6.76362,-19.2718,4.91351,44.3783,-15.3099,41.8046,-14.1982,-8.04251,1.16421,83.9194,112.092,-2.63045,15.5074,16.0496,-30.488,-57.2346,-19.4544,46.2325,-29.6821,-43.6833,
		node -26.5404,42.9961,1.58012,21.4323,-12.3081,11.04,-37.7623,23.0887,-56.8916,42.6088,20.2102,3.2091,-10.7291,-0.403442,-19.6803,-17.8295,34.9435,30.9269,-2.60487,22.9806,-4.82032,32.3601,30.2366,13.7862,51.4175,-5.73975,
		node -55.7321,4.19108,11.9922,-113.015,-4.05228,116.577,-31.4142,86.792,31.1122,-13.3482,4.82592,-76.8466,56.0907,43.336,-38.5482,-2.13179,58.7542,4.92462,-50.5046,12.0982,7.04172,-0.983482,-65.2946,38.6825,72.1334,42.1161,
	layer
		node 33.421,1.10671e-321,5.37609,5.5712,-13.6383,-2.67729,
endPlayer
