// Player15
stat 5
	layer
		node 83.2709,7.43122,-96.3102,-42.4345,37.7021,-0.0900656,-34.3442,-2.26788,39.4084,46.3801,9.88668,-15.9988,-70.8451,22.1735,-90.3892,-56.7227,-83.241,70.3861,87.3045,-28.4317,27.713,11.0889,-42.0492,-8.9254,132.668,-20.6936,
		node -38.5367,68.0013,39.9174,-20.3657,15.2169,93.4372,-15.8069,-48.8155,-44.4303,-30.3365,74.6148,43.7309,43.1959,-32.575,-13.2811,-61.9119,13.1159,-79.955,50.4493,-14.7039,-72.8402,-19.0889,-10.0497,-47.5334,40.2964,-62.9797,
		node 80.5105,65.824,31.2723,10.0121,8.68041,48.716,146.207,-23.3354,-1.7471,23.5758,24.4927,23.2461,-5.76856,16.9687,4.78855,87.2733,101.135,-12.2955,-2.65663,-23.8016,-23.1536,-42.7318,12.0752,-13.2982,8.45321,30.5483,
		node 47.4659,-1.05905,-67.6242,4.25155,-36.3403,15.9514,-8.50004,6.9386,39.4332,58.4224,36.7969,-44.5666,1.72212,20.1811,2.85267,32.4497,-20.7251,32.1905,-2.74619,-2.05533,-35.3449,-13.5013,-2.28318,38.319,-98.2164,42.2566,
		node -53.1549,-94.2528,44.5904,-104.402,9.89194,-6.52955,-23.7382,81.8919,41.2185,-20.2225,-9.0677,-75.2206,50.5319,-15.2304,-34.8154,-23.4628,50.8069,-47.5932,55.2578,47.8235,5.85428,75.3341,-10.7112,61.2469,-24.6335,54.7087,
	layer
		node 7.45078,57.2637,-23.0682,57.1749,23.3434,39.0443,
endPlayer
