// Player19
stat 6
	layer
		node -32.7826,3.64428,-68.669,-37.7996,15.3697,-11.8133,-17.3225,5.6268,53.9403,58.3494,2.71802,-16.2905,84.9764,-22.9649,-89.152,-48.9159,-103.212,53.3817,53.2217,-19.4303,29.8212,-39.415,70.4921,0.613633,8.38954,-2.08205,
		node -13.4519,64.7251,39.042,-25.077,-33.6488,70.8771,72.8627,1.52067,14.5692,-12.6713,62.4674,63.6055,53.4767,68.3943,11.3808,-9.69531,5.04321,-52.6829,-13.7979,28.5202,143.3,-16.0327,-12.9899,3.92601,45.6385,54.0823,
		node 2.07048,68.5737,14.9251,28.1689,-24.4197,14.284,1.49924,-6.90049,-31.2134,22.2261,-1.56912,40.6806,-15.2882,-12.0683,-17.8915,88.1077,135.328,-28.8799,17.3252,15.4063,-25.8167,-46.5649,-19.5218,40.2408,-128.23,-44.5888,
		node -31.8278,-47.2606,15.793,18.4173,-8.8874,35.7221,9.97103,-4.13573,-61.0189,39.8235,19.3595,-5.83391,6.23609,-1.15019,7.32575,31.9977,-12.4039,56.5066,75.3818,23.1118,-2.21903,15.7101,26.1808,37.6701,52.3175,-9.13963,
		node 69.02,8.68771,8.96926,-118.522,56.6013,118.816,-32.5871,16.5838,37.2277,-28.7756,-29.9081,-79.5921,55.1564,-4.65644,-58.2349,-0.0710099,53.7132,5.34959,57.6101,-29.2059,6.5415,45.1983,-13.6151,-30.2815,71.505,54.7674,
	layer
		node 45.9103,-36.082,8.55952,-5.36312,49.1357,-24.6524,
endPlayer
