// Player12
stat 3
	layer
		node 6.05345,34.7126,7.61279,-42.4004,35.447,-39.9695,-25.4332,66.2664,52.0188,47.402,-22.537,14.8818,-10.8636,89.2438,-15.9563,46.2499,25.091,56.7809,117.37,6.00231,2.04605,-4.31936,-44.8291,97.8242,50.6646,4.26416,
		node -15.847,-3.06663,60.2998,-22.2444,-29.8012,-50.607,51.685,-2.97909,0.496502,16.4318,-84.481,-6.4158,43.5024,68.9329,-45.325,19.1188,17.1555,-46.5804,27.2166,14.0411,32.8253,-27.7442,43.3887,12.956,41.6828,-7.39083,
		node 24.9959,-112.87,41.6035,-19.6019,46.8201,-24.1979,-12.8875,11.7626,-4.36463,1.71264,-86.3686,-22.0643,-66.5742,-1.84865,20.8802,-49.3156,-52.8628,61.2784,59.9597,-5.81081,90.8161,58.1985,17.4232,-7.96397,6.51681,41.8674,
		node 59.8438,-42.9278,-10.5556,25.629,10.9027,5.14547,55.8007,-50.0267,-6.98709,-43.5881,65.3323,76.3745,-92.2626,12.7833,24.7889,15.0954,-4.94829,-17.4111,58.8065,-19.8366,56.0548,-1.01415,59.2824,-3.27933,-82.5406,-1.37053,
		node 73.1591,-63.1784,-14.2025,29.3538,56.939,70.9009,-26.3957,18.7865,11.9896,-61.7139,-23.1153,63.4997,24.4372,71.2553,-10.9633,-17.6374,-21.2955,-51.6692,-9.19034,52.6376,29.1892,15.2407,12.9169,-1.86151,-9.36831,14.1153,
	layer
		node 18.8089,-11.6869,-24.0719,-2.22513,62.9924,52.9262,
endPlayer
