// Player21
stat 2
	layer
		node 24.873,-19.3495,-29.4266,29.8558,-0.501035,68.4376,38.7727,-36.5666,131.342,6.48892,-150.445,-12.5411,35.4767,-27.4997,54.4425,11.8138,20.2379,-79.7666,39.1768,4.57982,96.996,-68.0069,8.18296,-13.9017,-28.3748,91.8373,
		node -10.3044,-13.8461,66.7028,-44.0244,-34.9809,144.075,-4.71158,-117.865,10.5798,38.6022,-17.2557,138.463,136.885,34.337,10.2028,17.9595,49.5507,61.3551,-24.6428,27.8508,104.194,38.7943,-161.915,45.2363,20.1541,23.7351,
		node -5.34261,-37.5885,93.8094,9.5996,16.587,-12.1439,-7.38558,46.2965,43.5714,-18.0321,172.49,-63.0928,11.3852,45.2132,-53.7186,11.6449,-74.3204,71.2341,-15.9006,9.54738,-152.115,-7.61492,-29.974,144.468,28.1993,-37.4409,
		node 14.2307,-0.376898,-54.0379,61.8902,-71.5782,-34.568,17.6104,12.3381,-18.0801,74.0584,-41.7151,7.84671,-0.691811,38.6775,39.4982,-23.5074,5.46081,120.159,16.17,13.2894,6.58539,14.3211,57.9695,15.5917,39.6669,41.483,
		node 128.815,96.0742,-15.7556,-63.9933,158.943,-23.494,9.79894,-32.8152,107.175,17.9914,-18.1686,6.17934,10.9174,62.6405,-71.3075,24.9314,-109.685,32.3487,-108.46,82.5148,-10.9322,21.7048,102.986,-99.0212,-116.53,-33.097,
	layer
		node -83.9617,-81.6128,41.9837,-23.1127,91.3781,4.98289,
endPlayer
