// Player74
stat 4
	layer
		node 57.6817,10.7478,-27.2788,13.6911,-13.7464,78.4181,83.6744,-36.066,-40.724,47.9525,33.7911,36.3114,49.3391,7.63631,24.1827,-0.0470083,29.2142,-63.6783,137.602,74.8976,51.5164,-62.5654,6.97529,102.536,-32.4154,73.1291,
		node 88.9834,-13.6461,71.649,6.07871,41.8262,74.5017,-41.8208,8.64976,52.3665,55.5926,55.4832,3.81852,132.11,55.3089,14.2323,181.667,9.89152,-8.00419,-32.9498,29.9937,107.961,0.203786,-162.815,71.3269,60.4828,33.9694,
		node -12.3263,15.2167,32.2153,17.2913,25.7529,-26.4126,-24.7746,33.1985,33.046,-35.716,-4.49669,-1.67112,-16.1115,48.7928,92.6134,-15.2719,-72.6565,91.0926,0.694346,-43.2045,-20.0207,-98.355,81.8424,7.30167,43.7517,-32.6734,
		node 15.7097,42.6892,11.2732,3.16193,-9.80432,-13.734,-216.181,42.59,-22.1824,13.7947,-191.83,17.9432,-137.419,-8.82563,-7.16206,-42.1692,-65.4407,25.707,-37.4979,11.0245,-3.35653,-8.84546,-38.4376,-9.99407,25.1967,85.6444,
		node 125.485,-57.8506,161.017,-157.143,49.1359,4.21869,22.6599,61.952,55.4086,-107.476,-96.2148,22.4693,21.9217,-30.4229,-22.129,32.2462,-111.296,28.8235,17.421,-11.1367,164.225,92.8344,87.2358,-12.0919,22.548,-24.462,
	layer
		node 16.1712,-3.63697,1.96757,-7.24766,146.267,-31.7746,
endPlayer
