// Player95
stat 4
	layer
		node 33.3088,1.93414,-5.62348,12.5926,-10.7246,12.8778,36.8806,-43.8592,-0.778306,44.6633,10.2185,23.9898,49.6043,39.1274,53.4362,9.3477,-23.885,-61.1996,16.8836,21.4318,13.3934,88.2782,11.5201,94.1986,-16.8336,91.7536,
		node 88.4324,5.2071,80.0806,30.4373,-16.9837,78.6538,-3.00524,-125.091,49.5324,52.0049,55.1598,95.7256,136.172,32.2416,2.07159,191.189,54.5151,63.3763,18.487,28.1857,0.673196,12.9402,-163.342,52.3208,19.8979,24.6329,
		node -9.00926,-15.34,29.154,82.6061,54.1764,-3.5897,-6.93149,45.1934,11.8695,-65.9797,-46.8675,-6.67816,-18.0053,-2.00785,76.3252,10.1631,-70.2169,157.876,-76.6681,32.2745,-18.4805,-0.109212,-2.26056,77.2563,70.1797,-28.544,
		node 27.3591,-6.99424,-56.8953,105.674,133.373,-10.9405,35.7643,21.5927,-18.8024,6.6611,30.0819,7.14326,55.4407,-152.579,6.10326,-41.1338,-69.9033,-21.2342,19.74,54.0265,33.2164,33.7904,146.724,72.0767,-5.92241,-139.688,
		node -68.2244,96.5308,155.704,-58.1811,157.143,1.73782,-4.87835,-77.5183,-37.3642,38.1112,-99.7199,8.95143,24.3662,53.3054,-71.1111,66.825,-101.74,-143.319,-162.683,-15.3753,-26.9248,95.4919,81.4763,92.4908,-190.167,-32.8435,
	layer
		node 2.33993,140.19,1.73965,-177.516,118.823,51.5506,
endPlayer
