// Player73
stat 5
	layer
		node 60.9527,9.37688,-25.4243,13.8999,-4.89787,76.2867,-43.5587,-12.9073,-14.9735,39.3657,-49.7061,39.8833,24.4042,-15.0117,6.68466,-39.1516,-69.5522,-124.649,35.7993,-7.83281,82.8527,-57.7349,11.3895,101.672,-33.8582,100.861,
		node 75.5812,66.541,70.5739,57.8324,39.4268,-7.86688,-10.6245,10.5542,22.1953,55.3551,-21.9913,6.38935,128.607,-11.8797,15.3907,3.52692,23.6285,-6.3325,27.1895,5.14135,107.722,39.2594,-162.624,64.6626,-13.6461,41.7739,
		node -19.5875,15.8347,37.8988,14.472,31.4056,117.05,-25.0225,16.0996,23.6823,-69.6753,-27.8793,-1.73872,1.7037,48.9024,70.5411,17.9714,54.0862,-45.3301,139,15.3342,14.6574,-70.8023,29.0277,63.5049,64.4904,-37.0731,
		node 16.6754,96.3404,-61.1362,-4.3072,-63.0139,66.4467,23.2663,42.4645,59.265,40.0744,29.739,18.2824,-141.134,-19.2403,-8.96386,18.7906,-65.6245,-41.0036,11.4814,54.7642,8.9367,21.3152,-39.9209,4.28072,25.9195,-5.37012,
		node 124.277,-186.372,-23.4843,12.1702,50.3133,-23.2147,23.5796,-43.1846,-34.4944,44.0811,59.0388,-11.7083,0.0369647,-36.0397,-22.7503,-49.7124,-111.1,125.437,16.9138,126.989,162.806,43.437,96.6385,-9.60996,14.2313,29.6195,
	layer
		node 22.0554,37.5624,-37.3153,-38.7622,143.783,57.2709,
endPlayer
