// Player33
stat 6
	layer
		node 105.185,-77.9078,57.1107,-192.609,-210.04,100.858,-12.9162,239.822,-153.936,28.9727,142.807,89.6262,-192.509,-70.3517,-5.17223,26.9416,15.7752,2.48013,32.198,141.479,-14.5879,219.713,-40.749,53.0766,242.292,169.724,
		node -118.649,-90.2357,-114.593,105.856,209.896,10.8742,238.674,85.4928,50.1395,-27.3613,-222.582,157.667,-209.952,139.134,86.4862,107.538,77.5007,114.396,122.318,80.2597,-154.351,-165.937,-175.133,23.164,27.1992,223.35,
		node -219.854,-79.5699,-12.5009,62.7971,19.4694,61.2713,-132.645,114.782,84.8819,15.9113,-145.196,59.4019,119.873,141.813,42.8976,-21.9087,163.257,247.355,237.448,244.747,63.5968,140.32,-77.8049,66.9774,-184.605,103.045,
		node 14.1279,77.507,-5.34686,28.1638,-170.877,35.7223,-97.756,51.4664,130.333,233.861,-213.53,-114.255,192.299,49.3585,-161.151,11.7452,138.976,26.4347,-73.454,42.3605,-12.1033,2.80136,-2.54836,-113.991,22.183,-146.598,
		node 77.6267,-174.12,-25.2173,-126.405,110.219,139.434,77.297,57.6922,110.864,-65.7894,-21.5313,28.4244,42.3806,91.7258,-47.84,-136.262,-117.592,30.4644,71.2172,92.7807,63.8445,76.0984,-96.9024,-35.0329,128.472,-5.8603,
		node 64.2937,149.82,18.149,19.0846,93.4741,-45.7306,36.8047,27.2993,168.271,216.971,25.0412,-53.8776,46.1033,-199.622,284.296,-16.7707,103.146,24.4174,56.0489,-193.035,-118.615,-139.082,110.044,-144.959,-190.553,-117.878,
		node -49.5173,-87.0229,239.605,-58.0758,24.1491,-158.169,270.685,-78.2759,-101.18,38.2312,163.931,-4.39236,228.548,-0.923795,-10.1723,11.3383,133.693,-101.102,41.7567,-105.281,-7.52244,-68.2547,-105.579,-176.943,124.783,256.712,
		node 128.179,-193.813,-75.876,90.8542,-156.013,19.868,1.38625,122.873,-6.18528,77.4654,-142.642,-102.006,153.311,-143.761,-37.1449,-220.621,202.301,97.3768,-86.9108,-10.6562,-190.381,-13.1125,46.5855,-108.755,89.0465,-96.2877,
		node 254.888,-170.854,-94.9212,9.3147,-128.801,218.913,69.6509,-106.506,11.3234,15.019,255.406,124.91,24.5038,34.7035,-79.9916,210.246,-65.4343,32.8143,37.9047,-118.087,-53.2309,-114.293,69.5974,97.9534,226.617,-150.985,
		node 93.6227,91.8347,42.2778,-96.005,98.5615,108.8,4.71728,-27.9081,-60.8507,156.739,208.17,-200.446,126.425,-172.005,-59.1559,153.195,124.278,-113.051,15.7346,-19.8299,-37.7853,-89.4944,-18.2899,41.5109,177.103,39.74,
	layer
		node -174.926,-5.3828,-54.8779,16.7157,-10.2662,-107.09,15.4646,115.402,-45.1817,-134.975,-128.342,
endPlayer
