// Player39
stat 5
	layer
		node -32.5992,-78.2451,-68.5152,76.1724,114.314,166.3,-19.9661,233.673,-161.924,66.2984,-100.128,46.422,31.7342,-35.8778,8.00538,82.009,19.8322,19.7178,-150.292,-124.655,2.66195,-117.064,-36.2299,261.827,248.153,169.455,
		node -125.939,-18.2235,51.6459,114.158,76.5807,-58.4223,42.899,75.298,36.9197,-126.046,-232.665,172.283,20.7217,120.923,99.5029,-177.77,85.0825,-75.2993,13.4062,-118.637,71.5378,-181.401,-159.872,-0.546023,24.4518,7.92473,
		node -40.4152,-71.6217,-19.7846,50.5227,14.8796,80.4804,-137.714,120.23,19.2141,27.6831,-264.453,29.77,117.648,2.1027,45.2892,111.755,-164.02,71.7693,254.381,-79.5685,43.8069,-65.606,39.0656,-191.447,72.2361,63.7919,
		node -113.061,13.1742,77.0202,-35.2428,-201.041,112.902,-57.7499,77.3376,108.976,237.648,83.7492,88.5195,76.6477,59.4222,-56.8576,11.7428,-58.0831,190.415,-72.9488,-3.93501,-103.447,13.9356,121.68,-118.23,-100.518,18.5681,
		node 63.7997,-175.676,-71.2173,-114.09,100.63,147.176,-149.511,-52.6994,-276.04,-42.0971,277.184,-81.3311,-83.0466,83.6492,-66.7729,-162.751,-117.237,99.2143,-25.8272,103.065,56.7758,74.4855,201.886,-122.575,11.7749,-4.72526,
		node 123.726,-6.0623,107.606,-150.586,53.2832,81.8291,95.1379,-156.516,160.234,241.996,21.0317,131.738,52.5865,-212.499,89.9234,-42.3546,-34.356,239.244,76.0605,-168.92,-3.44242,76.4749,-7.85974,74.8407,-166.369,-123.815,
		node -45.8399,-139.819,244.877,-57.4553,-154.224,-168.009,144.317,-158.995,-117.619,-94.3014,139.731,5.74884,-99.8515,75.2534,11.7175,214.834,-21.7106,-18.4407,5.09695,-110.35,-3.69677,-82.1225,-102.13,161.026,91.2606,37.5467,
		node -163.22,-195.511,-8.30107,5.16164,0.0581293,232.667,-1.15489,147.361,279.67,77.6232,-132.78,-103.412,142.669,-118.31,10.01,-211.782,-22.4263,90.4566,-65.7001,5.37313,-200.102,82.5526,-26.8855,-108.016,104.826,-106.68,
		node 99.2028,45.1516,57.9105,-56.4382,-127.912,-202.566,62.9376,-104.929,5.76964,18.8582,130.629,-34.1172,169.735,35.7232,-97.4203,213.249,184.512,51.7745,-73.4008,-4.26648,-52.6906,12.9496,63.2909,98.9839,211.409,-69.2331,
		node 87.4932,-97.6802,34.1962,-126.075,104.881,-179.037,91.4405,-30.2089,-70.7717,-157.359,-79.7854,221.478,79.828,-168.045,68.2359,33.9267,149.706,-118.752,26.7444,-36.9014,142.546,-26.7389,-85.7103,-17.0941,-37.9263,-97.4193,
	layer
		node 112.188,-56.1197,65.5959,-77.4495,35.0478,-15.3471,37.2458,152.694,101.628,-91.373,-95.1812,
endPlayer
