// Player26
stat 7
	layer
		node 40.0642,15.9187,-134.354,29.6563,-28.3899,33.4683,13.0597,-39.9149,-15.7456,14.007,-110.512,76.1322,-85.4259,-82.4762,102.97,17.4768,-106.32,-14.7511,-134.609,11.807,33.7083,14.1449,-42.0846,-16.956,-77.6944,-148.281,
		node 40.7036,-15.8696,-34.1217,6.13615,-5.85018,43.6609,-106.258,-61.503,-156.402,10.4891,21.1519,-183.602,37.6447,-114.738,12.9304,-73.0755,-164.23,54.4208,-138.413,-81.1921,-74.5678,-173.371,-15.5775,7.28162,29.5871,-20.4066,
		node -176.077,-8.54603,47.9338,-5.78609,-70.2875,77.442,-13.2914,-14.9867,48.9115,-34.8589,99.8797,-10.3124,-0.200807,0.0763717,59.3128,20.5404,5.97265,110.246,-99.7866,-112.819,-102.826,4.64007,41.4745,-65.1729,20.902,-120.512,
		node 76.0476,-130.445,-19.1271,-15.9031,-109.783,56.7236,32.6187,5.25948,17.3881,70.5343,46.8229,-90.3522,-34.6802,50.559,-2.2075,-22.0605,66.3532,37.5301,-4.05528,18.286,51.9425,-51.4477,3.91468,-11.1052,-28.6669,54.5971,
		node -112.087,-5.23335,-30.3113,-24.195,48.6143,-84.2364,69.3567,-31.8747,54.0316,15.5589,-51.3429,-166.421,76.4805,2.08707,-15.6911,4.55635,38.1145,37.4464,-73.809,-69.2468,-3.94154,40.0002,-83.7594,-14.8737,61.5463,-73.7189,
	layer
		node 50.4898,-16.4249,-128.098,-32.0942,28.6812,-123.307,
endPlayer
