// Player28
stat 4
	layer
		node 15.1047,-115.579,60.4846,38.1834,129.384,-12.5261,-105.638,-171.388,102.32,197.541,-62.2469,-109.017,98.2088,46.154,-75.8666,13.0665,28.7734,27.4917,23.7993,5.70223,-157.074,-98.31,-168.816,-137.464,54.7039,251.839,
		node 73.9769,127.392,-36.5738,-19.7678,100.553,86.1367,23.2192,156.514,-128.286,282.68,-126.73,92.919,51.682,-112.606,7.88016,-165.775,-115.269,155.468,46.8419,51.5459,-0.649179,-51.7588,-127.256,69.4116,269.714,221.029,
		node -74.2526,52.8025,-119.118,217.565,137.97,71.8905,61.8268,-97.397,-129.448,40.5642,-160.669,-62.5899,56.3366,147.465,38.1184,121.742,90.1129,105.257,9.11733,70.8926,244.696,35.4424,306.711,73.9823,35.6998,-123.199,
		node 24.4977,75.6151,115.41,86.0952,-12.8715,240.538,-132.372,-94.9965,-112.097,181.544,-3.04933,153.435,68.2692,57.4352,-78.6186,-123.651,-117.204,23.5515,-53.6906,72.2451,66.7098,72.412,50.6087,-14.6478,-85.4379,-46.4637,
		node -60.8031,-129.573,-141.055,107.469,-67.8439,72.8057,262.085,265.43,105.291,-159.793,41.5231,112.246,-57.2665,-102.019,69.3075,58.8696,19.1604,-76.7487,-70.0296,121.931,-33.3586,289.264,-182.111,-124.268,98.681,-117.419,
	layer
		node -46.9831,-115.392,116.051,50.7036,-13.2751,77.783,
endPlayer
