// Player47
stat 6
	layer
		node 12.422,75.9329,49.8618,37.637,130.902,259.316,145.309,63.3196,108.974,101.68,-56.0548,100.299,94.3376,143.443,67.0218,18.7215,76.3389,28.2418,22.7846,-90.0863,-180.408,-95.6861,51.4594,19.6561,33.825,255.94,
		node 68.75,134.948,-34.1642,-28.0755,289.685,61.2546,284.816,159.562,-132.229,84.6609,26.2066,146.511,50.4329,-114.683,86.3694,-167.182,-126.677,77.9126,44.68,51.3673,0.05869,0.0486162,-129.035,67.1896,262.075,150.382,
		node -70.4696,105.888,-118.402,35.1533,-118.584,113.014,-3.93201,62.3293,-129.863,46.0909,54.0614,297.804,120.712,152.137,-34.829,117.495,94.9005,206.714,82.2886,119.961,48.7685,75.4362,107.078,67.6626,-98.3372,-124.053,
		node 29.0394,131.217,143.475,61.0115,48.9008,47.5497,-50.2917,-95.3394,-90.27,100.793,-12.0584,17.9318,-103.816,72.1884,-37.0151,-125.684,-127,-127.371,-46.3247,-48.5028,82.2511,-50.0556,113.094,-12.9298,29.7263,-102.247,
		node -110.406,274.384,-140.036,107.604,258.389,72.5033,-144.379,94.0846,77.0378,-171.191,107.717,92.9292,-55.4704,90.1586,19.5576,70.0447,-187.911,-115.558,38.8001,236.085,-41.2367,19.9397,-175.08,-13.6847,97.0443,64.1425,
	layer
		node 57.726,73.2088,116.323,-55.5566,21.3186,137.292,
endPlayer
