// Player29
stat 7
	layer
		node -49.6186,-68.0024,88.2645,-36.1349,-11.0407,-107.792,72.3383,145.752,21.8346,-57.4495,84.9835,40.2214,-48.0613,-116.819,31.5332,65.2179,83.8564,-18.5435,-124.586,56.7894,-98.6971,187.932,89.4646,-7.92037,-107.878,-25.8437,
		node -72.1967,55.9534,86.5743,139.674,70.2708,-61.1101,-55.6864,-124.438,-54.7654,52.0627,-46.7252,90.5572,34.0131,77.1792,-75.8516,-84.7398,80.4733,31.0119,181.119,83.5834,129.192,76.8828,143.56,46.0708,-81.2666,81.0076,
		node 127.232,-92.8667,-66.4269,48.8172,94.3861,-127.638,46.2222,-87.5761,100.175,-73.6469,69.6394,-78.5374,190.168,15.287,49.7663,-77.426,31.4587,-9.30028,-114.477,-11.8907,15.6659,-102.545,64.3968,-35.8209,79.0454,-43.5695,
		node 31.3718,47.9517,-42.741,147.704,-57.2317,-49.3838,-88.0583,7.97673,-69.6073,184.116,52.5823,4.88135,110.063,-79.5895,105.094,84.3966,36.3745,-98.9855,147.749,118.04,140.519,141.951,68.7547,-103.392,-24.8366,54.7128,
		node 38.2293,-53.872,74.154,125.377,93.9025,-41.7669,-72.5191,43.4922,-49.6563,102.605,-95.6098,121.683,-2.98174,39.3109,146.007,-125.38,-29.8443,122.015,89.8568,-34.4584,-27.1482,19.934,25.4557,102.658,7.77752,-50.4401,
	layer
		node 99.4226,145.547,63.8524,38.8551,53.9088,-26.6026,
endPlayer
