// Player71
stat 6
	layer
		node 39.0024,-62.521,80.9057,52.4267,59.2048,-111.56,38.3091,161.264,91.9883,-55.8758,135.188,-110.546,178.786,-34.6902,3.26995,-88.6847,-85.7368,29.0897,-113.313,66.2772,65.5487,58.6991,-122.446,34.4579,-22.9457,90.0022,
		node -83.8403,32.8565,116.693,51.3113,51.7021,156.519,58.1071,-123.508,-109.747,-71.4004,82.4118,72.4583,76.5861,-16.4497,-86.0827,-101.434,134.815,-33.223,173.97,-47.1662,22.6434,72.3367,14.7464,71.6629,-30.7388,68.3407,
		node 58.2187,143.236,75.2914,66.4682,73.6783,-121.881,-73.8675,-40.74,62.2445,120.105,41.282,112.123,93.3653,12.2717,88.1676,59.1068,115.065,7.79752,54.1929,-8.39421,38.2697,49.4592,-38.2236,-103.479,-24.1799,-43.0491,
		node 25.8315,10.8428,4.8731,-71.7716,-112.57,120.428,-84.4192,126.573,-80.5107,-79.165,-29.7328,-113.538,105.075,159.45,-65.0964,140.795,32.55,21.2859,6.06188,80.8185,91.5027,148.89,79.7086,79.9821,-61.9305,-85.0409,
		node 39.4015,-39.6324,182.992,-34.6288,-48.2432,64.6155,-77.1774,-63.6198,33.4363,50.58,-93.4043,-96.9754,-3.77719,105.412,144.294,161.452,94.576,-38.0422,-75.2364,133.691,-34.191,10.9367,146.575,-52.227,108.559,-58.0826,
	layer
		node -86.4698,120.841,153.878,-86.9038,-21.8326,25.7758,
endPlayer
