// Player98
stat 2
	layer
		node -60.7748,-58.5237,-121.186,-38.9894,-19.4292,-17.6853,23.9518,158.789,-108.166,-53.586,65.3976,-94.4347,-47.8776,136.096,80.5658,97.2601,143.311,26.2885,-120.679,72.4064,50.4445,180.983,34.4625,34.8433,-14.9026,-91.3787,
		node -66.6273,59.4665,71.5568,134.776,69.4049,167.808,-127.177,-125.72,-127.65,-81.4576,59.7602,-100.743,45.6945,41.3763,-40.4494,28.2688,127.295,132.419,138.2,-48.7831,99.5679,82.1677,-32.3636,34.8506,-30.8017,74.6248,
		node 73.6568,62.6957,-110.144,99.9755,80.1923,-103.954,-65.6483,-97.8873,101.232,118.389,-112.354,-78.6053,192.701,-23.1487,-109.197,-75.8119,61.1803,46.0264,166.589,-10.1576,83.0958,-96.4685,69.0055,-76.3762,93.1544,-110.05,
		node 24.4088,8.22531,-1.76705,-114.785,10.7685,-22.9143,96.8252,124.453,-81.2449,92.4648,-32.023,125.048,46.58,-80.0473,-65.877,-29.9944,-82.5381,69.1663,77.7971,-92.2281,138.185,152.425,135.703,81.2055,-24.1892,111.857,
		node 160.472,-40.9945,170.037,-33.6033,-50.5282,-16.837,-87.2188,-77.5253,-41.5555,49.9803,136.575,83.8686,-1.47744,-43.9391,142.483,163.3,65.725,-27.1797,-79.2323,-27.1724,-33.5929,22.2281,26.1127,98.9976,130.178,16.8929,
	layer
		node 19.7989,-26.5519,-92.058,-80.4524,47.1673,10.8743,
endPlayer
