// Player13
stat 3
	layer
		node 14.5078,126.036,90.7406,47.5192,-15.9444,-114.767,16.6665,147.852,129.352,-56.9754,101.828,24.9299,65.2076,-153.849,-88.9516,142.628,133.613,44.5192,22.2454,-0.430348,-94.3691,-4.63821,107.383,-23.8237,-22.4105,-98.6726,
		node -54.2812,46.8466,-48.1114,141.205,73.6708,-65.3287,-120.569,-128.725,85.8932,-105.979,79.9037,-96.8885,74.7941,-5.98078,96.9719,77.5974,94.0568,21.1418,174.392,81.0672,137.388,18.3405,-95.7224,66.8313,-72.4238,56.475,
		node -30.291,-97.9585,136.936,104.055,-65.3546,-94.7534,23.5575,-38.2296,37.6931,105.958,-21.2703,-8.23505,136.958,6.92086,84.6866,68.0298,46.6927,51.3165,145.175,91.5355,68.1794,9.71104,75.8113,54.0014,64.8517,-39.0019,
		node 26.2335,132.68,-37.8537,30.4905,-59.2416,-17.563,100.103,-71.2216,-127.156,-90.3645,-27.8451,127.914,110.69,64.3105,13.6557,86.0951,-101.69,58.8771,11.9717,66.9824,44.1385,141.511,22.7166,81.3997,-63.7096,103.835,
		node 33.6781,-40.2927,177.356,-35.8873,-81.2286,-19.365,-83.3812,-61.2059,-48.1571,-30.905,-90.6489,91.9913,-92.2082,-81.148,-69.8024,-116.969,138.764,116.927,27.8577,-20.3103,-37.4642,22.0309,26.705,74.8672,105.914,18.0423,
	layer
		node 24.5391,78.415,-128.365,-21.5635,-110.698,52.2518,
endPlayer
