// Player85
stat 5
	layer
		node -126.189,105.208,64.1801,-12.8564,24.8876,25.9214,54.5071,94.073,114.417,93.4967,86.5651,79.6669,23.9058,14.9027,49.2231,82.4492,150.185,46.3415,76.8859,-54.6235,37.352,82.8913,100.476,-20.6113,-9.92821,32.2302,
		node 127.207,44.3968,41.9126,62.7209,-15.0214,49.4701,-12.1343,-64.6366,50.6846,120.114,93.2844,-81.6326,13.1436,51.607,-12.0521,79.6568,-8.30081,-32.8149,-18.5703,36.553,13.5277,101.231,15.039,94.4448,66.5598,-59.4387,
		node 106.727,4.07164,-61.4018,33.9264,11.7151,8.06104,-65.7851,42.5887,95.8987,55.7333,45.9707,84.4981,112.425,90.0442,31.0576,48.6999,10.6067,-13.6774,70.5231,61.8574,-28.2943,2.75052,118.487,43.4685,-71.0511,93.904,
		node -3.2414,29.7221,-78.7877,2.45699,-142.511,156.278,102.677,-51.967,26.0349,13.5417,-90.3827,-2.05819,48.8257,110.291,-115.823,51.5276,37.9931,81.105,-20.1496,68.458,-51.1865,-49.9974,125.134,34.3309,-112.974,-39.5685,
		node 105.822,71.7339,-104.06,0.316205,90.2967,125.198,-45.2741,8.28845,-31.4913,99.108,-23.6215,-67.5474,-10.2847,19.3495,95.7128,138.6,125.09,5.33303,-94.5344,-83.6173,117.233,16.0005,-0.378706,4.23223,118.368,113.702,
	layer
		node 97.7935,29.3242,4.30599,-96.4387,-18.5423,151.676,
endPlayer
