// Player3
stat 5
	layer
		node -188.602,36.2896,-110.742,-166.64,-176.402,52.4235,-10.1513,-69.9948,4.03141,-75.0809,-123.927,-61.472,166.569,-147.303,71.1385,-143.382,-12.0965,-22.2214,266.276,-16.8748,-129.951,-12.7307,169.709,-86.7778,-242.179,-140.65,
		node -56.3606,-98.925,264.258,199.749,-64.3798,-142.622,-260.292,-90.3324,-141.378,-103.874,165.704,-211.278,-318.827,-226.792,75.0742,-120.35,-159.723,33.9629,17.6005,-227.462,-172.708,-53.8799,3.7035,-151.994,-154.785,72.2107,
		node 166.998,-101.611,-95.5183,-221.736,-49.8142,-169.148,-108.858,-49.373,139.861,18.3464,-204.422,-111.905,-50.3044,-104.445,-231.895,-188.167,-143.014,178.915,-93.4105,-104.3,200.144,-57.021,55.6735,-184.915,-27.8536,-64.6542,
		node -195.855,-83.3507,-236.729,-216.892,-112.739,-92.9257,-66.5017,-84.0163,-146.391,159.712,-289.592,-174.432,-279.866,198.013,-68.8692,-37.1852,-96.0582,-104.408,46.6446,-105.645,188.12,-119.275,-264.92,-266.327,-63.091,-136.245,
		node -145.972,147.685,273.921,-45.03,153.835,79.5669,-234.405,-137.204,-184.006,-57.4435,-139.412,24.9531,67.8647,31.7835,-311.08,230.476,-117.889,24.18,-251.481,138.412,165.638,192.295,14.7729,131.321,-151.184,-164.397,
	layer
		node -110.606,-121.403,-141.848,-125.312,-158.241,6.45639,
endPlayer
