// Player75
stat 6
	layer
		node -18.3504,-47.3972,-81.548,-11.9612,-78.8468,-21.4096,-30.3838,65.5954,9.62867,-25.8964,36.9133,-24.1903,11.2887,-19.3756,-37.8288,9.16669,-66.3795,17.42,4.56841,-88.3813,3.87649,-17.521,-108.415,22.8643,-52.9939,62.6523,
		node 43.9399,45.4136,16.4014,-47.9819,-52.549,-9.29205,0.0663698,-75.3996,27.5313,18.8592,42.7386,-18.4261,-35.883,18.7278,-72.0562,-22.0807,-50.395,49.0223,26.8213,-39.8883,32.7483,-44.0377,14.3001,-68.8149,14.5571,56.9114,
		node 1.24007,34.756,-100.534,-60.2113,-14.1991,-25.7215,-4.72261,-27.8104,-11.2254,4.98649,26.7572,44.3649,-14.8731,-2.80319,14.1536,-28.31,-62.936,-110.921,37.3743,56.91,53.7784,-52.4532,-10.1364,-26.7583,-68.584,30.9995,
		node -14.3507,-38.6697,3.99116,-2.77118,-8.60654,-15.3489,26.0454,3.2019,-51.4862,-114.112,-6.77388,39.3245,-9.20216,-37.0567,-35.2698,3.16304,-44.4079,3.83289,-72.4798,-99.3299,66.827,-101.863,-3.26238,-117.081,-20.5582,97.261,
		node -69.1633,-9.66328,-87.4066,-3.14582,-31.2867,-34.4937,76.3149,-83.7656,65.2703,-64.1038,17.1937,64.7989,96.1191,-49.6353,-59.9038,19.1661,-28.26,29.0537,-123.46,-44.6339,10.3094,-2.21475,-0.373335,-116.033,96.6928,34.0487,
	layer
		node -0.149896,-26.1832,-57.8436,1.19686,-51.2711,8.10289,
endPlayer
