// Player45
stat 7
	layer
		node 24.2415,-40.6732,36.7519,-2.78225,32.577,-6.51374,-5.24866,6.45215,97.7657,-19.7811,-4.59154,10.5644,-52.9952,-22.4565,-43.6102,-1.86824,46.4302,-16.0877,3.36628,-9.88212,27.0444,-1.76631,5.48651,1.97704,9.9914,48.2304,
		node -47.2402,-132.153,0.0208852,21.339,9.08816,-10.0421,-52.8259,-81.095,-85.1395,-44.4268,96.8882,54.3216,-40.091,61.9207,-76.8722,-16.8019,33.1373,-51.0061,-41.5887,20.025,76.2744,-58.5119,9.30274,21.8638,-60.9956,27.9262,
		node -14.3001,65.6,-62.4725,-9.32512,-17.643,-42.7658,-29.6406,12.1396,-85.5656,4.48664,-34.0373,-77.9781,-74.678,-10.1769,-105.512,-14.547,-29.1725,-14.1747,41.2384,0.42164,-21.212,-20.4124,-9.31019,-11.7959,-98.3402,28.5225,
		node -64.4675,-37.105,-52.1837,20.5538,-67.4063,-17.1673,-114.693,-20.1854,-46.2521,-110.119,-59.335,-42.6389,37.8415,20.2787,107.179,-3.40464,-93.3488,-50.6194,-46.2754,22.4133,69.6022,-21.118,-8.92335,-17.5748,-21.3231,-3.79549,
		node -49.9829,-4.70244,13.3537,-37.1781,-8.62914,-65.4091,95.0863,-17.2658,56.1234,-31.9571,36.964,1.12454,-8.94185,-6.82145,-57.7928,-136.146,-24.7457,44.9061,-36.6473,19.3536,-2.59678,1.02162,-18.0735,12.0559,-1.90613,29.3008,
	layer
		node 44.2078,-6.57524,44.5567,36.3654,3.81917,-14.8327,
endPlayer
