// Player31
stat 6
	layer
		node -58.5716,-44.5135,-85.0039,-7.88494,-43.2409,80.3735,-49.8635,75.4629,23.8377,24.0746,103.412,-35.3765,27.9952,-30.4573,71.0436,-43.8717,3.43857,33.1857,-18.8132,-7.97758,-26.415,-5.10117,32.8405,-17.2554,35.3266,22.727,
		node -21.6739,-136.033,-103.417,-63.9742,-44.7556,10.7125,6.68194,8.96379,7.36323,-21.6598,100.252,46.5111,-70.8143,-41.3966,-47.6283,2.11391,-58.3358,26.8748,-34.9922,22.4392,-10.317,39.1042,10.6199,-7.94062,-27.795,72.7637,
		node -134.969,93.5231,-101.633,64.6192,-31.7017,-27.7037,-31.9299,-35.6278,-19.4059,4.44389,31.8279,-117.279,4.55448,35.4605,-111.042,-5.53645,-13.8541,-6.43398,3.2634,-19.9129,40.3824,-36.2089,-3.40701,-25.6952,-97.561,-79.515,
		node -57.2447,-24.7096,-64.8049,20.3481,-6.42358,-26.8383,-15.7694,-14.8375,-21.3431,-47.8534,-8.37088,2.44231,20.9605,-83.9224,23.4927,109.076,10.7063,0.782541,-42.7798,-93.2763,-4.76412,-108.745,-151.475,-142.213,-59.2561,1.25498,
		node -54.6453,18.561,-82.8321,97.324,-82.3961,-18.1722,-92.1219,2.2087,-44.9039,41.267,52.1094,-54.0917,-13.9822,-11.95,-128.466,-41.174,-27.1393,-27.7401,-23.2778,-33.2449,26.4593,-10.6078,-83.2947,51.5702,-47.9809,1.17206,
	layer
		node -33.7092,-72.371,-4.69308,53.3073,-13.7106,-49.0206,
endPlayer
