// Player77
stat 9
	layer
		node -16.2983,-47.9975,-14.4933,1.86086,-48.6655,-12.2709,-19.1746,-13.4885,-40.1623,40.4557,38.1842,-8.07518,20.532,-31.7538,44.1153,6.87155,-67.1993,29.9,-15.1721,-14.8603,-7.75006,-12.8711,-32.4414,10.3962,-45.2991,29.9891,
		node 39.4385,11.9737,-98.7056,-49.9309,51.9384,23.6365,20.877,38.1944,-48.6703,50.7681,20.4863,-42.7698,-69.225,-31.5272,-23.1248,48.1613,74.5623,28.0564,-20.9212,-39.999,-22.8346,41.4324,10.0736,30.3731,-22.407,55.1006,
		node -142.477,96.4713,-110.582,-11.761,-57.756,-4.53541,-72.0294,-34.0798,-80.4854,-4.51807,-79.9169,-79.4742,-17.538,-13.2646,20.7238,-3.61256,-25.9047,-119.425,38.6623,36.9296,48.8065,-33.0637,-12.8902,-4.15685,-45.7996,-84.7675,
		node -26.5186,-52.3168,0.346636,15.0894,-13.8701,-22.8297,-103.417,-51.7635,1.45753,8.1656,16.0659,37.9558,31.275,-84.1792,-144.706,2.90592,35.976,-100.567,-38.5025,20.9972,73.0956,-8.80674,19.5767,-117.45,22.7453,7.17012,
		node -46.8443,18.2488,1.59745,51.1177,8.50255,-44.0275,-44.984,-78.9622,-53.1896,5.23051,24.27,-18.4627,-18.2495,-22.7491,-53.5463,-42.7355,56.9363,-138.315,-35.7409,-5.86547,-22.7395,2.30579,-8.6205,-39.2054,62.2905,92.9763,
	layer
		node 19.8048,59.0329,71.7622,-136.335,-1.11851,-20.2072,
endPlayer
