// Player47
stat 2
	layer
		node -46.3382,-18.5304,27.688,-28.3812,80.9183,-29.4873,15.7791,-77.9626,-37.2245,0.903944,-24.8502,20.3477,3.5399,-1.32166,-5.68015,-24.1636,-2.66734,5.03116,18.5847,-1.12624,-8.33329,6.82888,-13.0174,23.8939,47.6663,-59.9053,
		node 10.3028,-7.66519,-1.32146,-52.215,7.1955,-6.32052,-92.6337,-10.0542,-3.57577,-17.8363,0.699411,47.029,5.21312,-37.9886,27.5825,6.62008,-48.8614,25.942,37.3098,-11.822,-20.56,36.5545,21.08,14.0609,-7.64763,-4.12932,
		node -30.0614,23.4081,-9.49787,35.8574,44.2226,-19.7774,15.838,0.0779952,-24.0222,53.7011,41.3962,52.5667,7.36008,-1.18353,2.78014,42.8101,32.2038,-6.84489,-3.41288,-56.5799,-27.2387,19.571,0.587352,8.03087,7.79974,-18.8597,
		node -10.194,-12.2587,-4.76899,-2.52127,-43.1969,-31.6027,-3.00963,3.34488,-11.7028,41.2978,60.0733,-59.2723,8.70259,-39.1456,16.7355,-36.3526,47.1872,23.8587,20.5462,-17.2756,-43.7222,30.8614,-45.5053,-43.5676,-8.81073,10.8862,
		node 7.5422,6.38631,28.8433,-0.0745028,-30.2749,7.76197,-36.1899,25.7377,-45.6131,10.3141,22.5975,-8.75178,-2.55606,-17.5244,0.261257,-11.5219,13.9317,14.1974,36.9022,51.829,36.4404,-19.7751,35.0607,11.1477,35.4234,11.3225,
	layer
		node -1.54963,-59.2425,-4.30077,0,19.0967,-15.8346,
endPlayer
