// Player25
stat 9
	layer
		node 21.3989,-46.7099,17.3117,3.88087,19.2994,24.4919,14.3653,-1.4742,-12.8502,1.38754,-19.0397,5.09976,14.2967,-62.9604,-1.83017,57.8304,40.9318,-17.8289,-23.5184,-6.07814,-6.72395,10.6162,-10.8285,0.513317,46.2949,-13.4704,
		node -5.78218,-11.681,22.7939,-39.2675,-2.97916,-0.341596,-97.2665,0.838334,-11.7014,-2.49252,-9.89665,33.167,-42.5981,0.787541,16.2205,7.70464,-15.7109,43.8092,41.2056,48.8531,-0.773451,1.95703,-54.8289,22.7822,-9.36872,17.6839,
		node 1.29983,10.7424,-17.8033,20.448,12.3139,41.4684,15.8092,24.1699,-16.2756,-25.8961,2.78047,22.3899,4.78018,-15.6662,-1.67074,19.5756,-85.235,24.5939,-0.728903,-6.42134,-31.9401,-10.4677,-9.96918,-47.6919,-67.4798,-29.3319,
		node -4.87657,-26.6827,-32.0925,-1.1124,-17.0546,-12.1289,-43.6185,-8.15016,17.8014,-33.398,20.5081,-45.0381,10.0531,14.8862,4.20395,4.53649,3.96181,21.0423,-18.2707,-30.3044,-15.37,5.32288,-50.3318,8.29061,7.29692,-5.98733,
		node 13.3365,25.7373,31.2103,10.165,-7.0068,71.5086,-35.3929,-28.6769,-62.4241,-4.18496,-24.9501,-2.69585,-8.47707,-51.236,5.2378,-30.6476,11.7609,-15.5898,-33.715,-17.449,-58.9051,-8.11053,-22.4777,-20.7489,-14.8541,10.586,
	layer
		node 36.3294,-22.3858,-0.00357803,-39.6042,35.7076,3.86387,
endPlayer
