// Player58
stat 7
	layer
		node 22.734,-18.4434,2.62954,-43.4511,6.48123,-19.089,-33.6604,0.71034,-11.9205,21.0131,13.7154,21.3479,4.79002,0.484015,35.3352,23.5236,8.71331,8.42561,-23.1689,24.7501,-13.2051,23.1894,-17.633,14.7129,55.6455,-6.20595,
		node -71.4265,-23.4982,-7.00605,-13.0838,-6.04847,-15.6889,-20.383,40.2579,12.9777,0.321287,-7.43475,28.3225,-18.4188,-21.656,22.3524,0.523237,43.9174,32.7631,26.0101,2.47476,-20.538,-9.15386,-14.7996,-34.6838,-13.4635,-19.7216,
		node -0.259958,44.5798,-4.17849,5.94477,-15.161,-44.8899,28.1563,-5.41384,-21.9983,-56.3814,-48.5369,-20.3543,15.8006,-3.29139,-35.1271,-4.32376,-81.9828,-2.63007,16.1263,44.9958,-24.3975,8.40352,-70.9126,9.86997,7.52526,-23.3795,
		node -3.78611,-4.58667,0.575843,13.6081,18.8362,-30.0957,27.1968,-3.00274,-10.1806,40.8707,23.0893,-21.3067,8.83816,28.4409,32.0635,-35.2002,49.1222,24.1966,16.6699,-14.9036,9.76823,-46.1784,-36.8868,-6.2868,-7.0186,-11.7464,
		node 18.1332,-10.1246,31.8945,-7.18711,-29.0602,71.5981,-32.145,20.1048,-54.4513,-89.6871,-22.6286,-12.2756,-6.72165,5.25378,2.43765,-9.08746,7.39287,33.8149,14.2296,-30.766,38.493,-21.8469,-33.0195,5.02663,-15.7694,-4.99925,
	layer
		node -30.8861,0.413712,0.0447753,-39.7029,22.6339,18.3419,
endPlayer
