// Player19
stat 7
	layer
		node -53.2591,-27.3739,30.1159,-24.8108,-16.0569,-25.8573,-29.1724,-78.5432,-59.1263,-66.8176,-7.19064,5.77992,14.3648,4.98598,-20.1968,23.0538,38.2812,14.2043,13.2165,-5.04794,-20.5392,-9.69002,-16.3172,-3.82002,56.9617,9.06112,
		node 7.16275,22.5231,-34.2642,1.33337,24.5891,-4.78165,-18.9944,29.9783,-14.6407,16.234,0.0274074,39.3124,-56.9915,-41.3869,-0.44381,8.88255,-43.8756,-3.6326,27.9931,7.46433,-7.32035,4.11085,30.0278,-3.59288,-2.58319,-12.8383,
		node -3.88034,14.8591,-11.7639,38.1164,-11.4463,-8.50393,51.212,-8.98031,-7.7281,48.7886,-7.06582,16.4635,-15.3338,-2.18123,-5.37776,-16.8446,-85.2165,-9.84416,9.13981,-2.86065,2.95078,11.3861,-2.81295,30.9838,36.3589,-32.603,
		node 5.04103,-19.2264,-8.03045,8.05493,-0.761473,13.3726,-50.637,-12.2334,2.28727,45.6845,46.9894,-40.8859,10.7835,-21.541,1.46768,-5.77869,46.2048,27.8112,-9.92443,-29.4489,12.9423,17.1841,9.53828,-8.87453,-24.5058,-19.7438,
		node -16.5109,18.4987,32.1553,9.2478,-3.49237,64.7754,-38.4218,28.5802,-58.0627,9.2383,-22.4032,-6.85633,-5.28684,20.1751,-5.04599,-30.6945,1.76629,12.6375,61.6676,-12.9721,-35.8937,1.23988,-116.985,27.1425,-40.6715,-35.2279,
	layer
		node 2.57244,-28.5749,33.8901,-37.1874,-0.498787,51.5828,
endPlayer
