// Player62
stat 9
	layer
		node 15.1524,6.73833,18.5926,13.6783,74.9281,-37.9688,22.0652,6.6789,-11.2615,-67.5828,-24.4451,24.0954,-52.7802,-1.00513,2.66603,59.2197,11.5691,8.30329,21.1996,-41.5804,-9.42252,5.60744,-0.291195,-3.47323,38.6546,25.9593,
		node 0.316148,38.9449,-7.13813,-28.5416,18.6446,5.97361,-13.6679,6.80875,14.4575,-15.1029,13.4518,43.3631,23.7683,-30.0465,28.9006,30.1719,5.54282,26.1316,26.0156,-20.0611,-18.439,-91.3389,7.75633,12.7565,-10.7891,-10.1341,
		node -5.6794,-30.7229,-16.3955,40.3193,32.6696,-2.71034,27.6159,0.990784,20.6426,-31.5704,-67.2272,5.76559,8.79128,-10.8613,1.87381,40.2627,-36.4796,5.14575,5.04983,5.41244,-30.3899,-11.4821,-6.35937,13.3756,39.1215,-41.3754,
		node -42.7699,-25.8849,-0.378847,28.9467,-48.3439,40.3298,-49.111,13.1463,6.252,35.1988,48.389,-34.7623,13.7405,5.93034,29.0906,-2.56771,14.6111,7.43169,-16.0132,-43.4897,8.93543,-4.69516,10.5284,-22.9845,-24.7046,-78.2052,
		node -68.6414,5.96524,41.975,7.95746,-15.5857,35.4934,-36.9281,-30.1656,3.62121,28.7491,-14.6036,-20.6311,-4.08686,-51.2625,-15.7946,-3.46226,-22.1195,12.9819,-25.4551,33.2176,-46.762,-0.618298,-54.4993,31.3777,-53.2788,-7.982,
	layer
		node -37.2195,22.7668,17.6043,-0.507247,33.0326,-18.9623,
endPlayer
