// Player30
stat 7
	layer
		node -45.7538,-31.8535,27.6546,14.7038,14.1812,-21.2895,7.9946,-83.0426,-61.0841,-55.6816,14.2376,30.3021,-100.887,2.19969,-12.7884,-59.4917,9.90657,11.1548,11.4862,-10.463,-3.35821,-6.14001,-10.256,-6.13271,47.3175,-34.5849,
		node 17.248,-47.0713,46.0566,27.9436,2.88108,-5.84746,10.7059,35.3574,-7.99477,6.39465,-6.54701,42.3493,-37.6032,3.16504,25.3789,-6.03715,-15.8896,-33.3636,26.5235,16.4311,-7.32355,6.42907,-120.543,-11.6326,-8.36453,-6.35701,
		node 18.9069,8.69577,9.06746,17.7604,-11.2462,-1.40169,48.0645,-23.129,-23.2803,15.9953,-42.7563,3.58981,17.8937,-68.5949,-31.4881,-17.1027,60.5152,-4.02622,10.7511,-3.36961,-44.1717,-5.3846,17.5232,-4.81905,29.6288,-7.29205,
		node -41.4672,4.99705,49.3337,11.9644,34.093,18.9765,29.8758,-2.2508,-0.565385,48.8874,18.4107,-45.4658,20.9714,20.4382,22.8105,-23.7949,6.88431,23.3741,16.8213,-48.8136,9.85719,12.8496,-38.4078,9.02256,-6.76247,-10.4416,
		node -25.2089,8.00462,-25.1719,33.8286,-31.0192,50.3392,-33.2318,-0.00716011,-58.9294,-30.9538,-15.5956,2.74223,24.2944,-48.6982,-4.29204,-0.937729,36.6886,-23.401,15.1175,0.49569,-48.8789,8.58974,-4.90898,-22.9148,-1.29547,40.0697,
	layer
		node 3.03054,-48.9658,10.2776,-69.0285,-3.19052,4.49401,
endPlayer
