// Player94
stat 4
	layer
		node 97.3835,-62.5164,-68.0209,1.92461,52.1082,-17.7837,87.082,-30.3461,73.9465,8.8178,-38.3109,-34.4299,-64.8807,-75.8993,-2.43489,-84.4374,10.8888,54.6436,-17.8478,7.20627,16.1265,43.3625,135.234,-66.4299,38.3014,119.011,
		node 4.66682,53.0614,19.2515,1.548,-57.4522,-36.3555,-72.3554,-36.1027,116.343,-50.9501,27.4625,-25.8049,24.7547,-33.8634,68.1615,-38.731,-36.3584,30.0157,-85.9791,-22.7858,15.6002,-19.7964,-52.5384,-26.3042,-47.1808,-112.629,
		node 44.8621,103.17,5.89058,-126.494,12.045,24.4306,-64.6596,-95.7957,28.9968,-31.3143,29.0714,3.14127,51.8455,-128.232,8.69671,8.1026,-117.802,-25.1303,15.2677,-8.13937,-1.02612,9.32703,75.6616,-92.4804,77.0974,-67.5156,
		node 18.3494,-45.2152,62.9948,98.0215,-59.4692,-130.879,-13.0196,-139.687,-44.3087,-90.2904,-6.85162,141.845,-65.2023,8.92531,104.487,-87.917,-42.4359,5.39968,-50.4129,77.0743,78.3535,-27.8712,-31.0471,-35.6791,-50.6899,-4.47689,
		node -42.8704,10.1184,-33.022,-65.8264,-37.0868,106.409,-62.5092,-6.96,-77.5269,-17.4976,3.77994,-61.2103,-75.0398,-42.575,-30.2544,55.567,47.4284,20.5123,-71.6769,-14.3921,100.495,-97.3434,-7.40817,6.15816,-86.1451,24.7871,
	layer
		node -56.6889,-23.5496,-52.3919,-3.52054,7.62248,-21.4508,
endPlayer
