// Player67
stat 3
	layer
		node -195.107,187.646,145.982,-81.8512,-36.6743,-133.051,-53.2301,-113.202,79.8023,28.3723,-249.569,-91.8318,312.471,-15.2868,32.4453,-174.303,124.149,53.1304,-35.8361,11.3252,48.5867,-125.859,-150.554,-10.6682,51.2189,227.705,
		node -143.201,-71.5695,-74.6258,-10.547,29.9037,-190.753,-94.671,-52.9547,-95.7559,143.97,55.4891,-52.8407,-126.004,108.608,-24.9706,-111.092,174.81,-12.3234,-32.0377,151.421,22.2836,-25.9326,94.4631,-14.4621,-75.7998,15.9718,
		node -51.2023,13.5463,5.39962,216.293,-235.681,260.07,74.1245,16.7119,28.2689,166.037,-82.1725,88.1362,-72.3535,-30.6372,-56.2186,2.20995,-169.791,-15.3292,-40.9464,-116.907,-60.3862,117.318,6.13092,138.257,205.865,-128.876,
		node -144.528,-102.384,-15.3172,-37.9506,-22.2606,-226.638,101.071,-55.1242,-227.463,14.8709,-164.747,-69.6044,-223.975,95.0781,-190.564,-125.781,3.15942,-78.0479,42.8818,-207.618,28.8659,-2.94137,89.4434,-126.461,-86.1772,156.369,
		node -62.1711,85.893,-151.126,129.035,205.822,56.4513,4.1389,124.674,-53.3217,44.3517,-180.173,-81.5664,33.6478,57.2377,-165.946,-31.807,20.4924,-19.4032,213.389,55.8986,89.0929,-10.6398,-55.6212,14.3662,52.1196,-87.8978,
		node -74.5147,148.756,-75.3161,-369.94,88.8239,-189.393,-55.3995,42.566,-240.233,38.916,41.7655,139.476,-98.0779,-21.2561,64.2946,338.003,81.8478,111.993,-52.7513,-63.9911,-45.0319,-16.9901,-167.76,219.323,160.591,9.67026,
		node -59.2432,35.2489,-36.5703,-63.9484,-42.4733,-134.417,-13.4203,-83.5141,37.1837,109.795,32.9436,-27.7467,-40.0759,19.8686,-249.693,-2.7932,191.544,-148.922,-145.834,-2.85581,35.0088,-47.6938,-174.267,26.0624,153.495,-186.349,
		node 172.501,-71.7423,213.563,-35.1784,-25.6142,-15.4757,20.3449,-58.2186,-0.865202,208.159,-59.4112,-33.0203,30.9845,0.0949714,-76.6792,-85.6926,78.6984,-39.2972,106.578,2.07474,-98.796,-305.41,1.2382,90.3793,-94.8282,-60.0249,
		node -104.13,-40.1282,-41.4646,-130.866,42.2066,-78.9509,-33.9025,11.3218,-116.486,23.7524,78.7214,8.22762,149.883,-1.97194,138.14,-80.374,-77.993,25.3457,-4.61691,146.691,89.5502,-162.084,-80.1497,137.478,32.1006,94.9991,
		node -126.522,-52.8715,-157.437,-146.248,-111.357,134.423,-12.0108,29.0225,205.754,-231.344,-288.468,81.8411,195.336,-32.9,-38.1023,-176.663,21.2529,-227.839,-125.394,-95.0781,-48.0604,-249.785,91.944,246.456,60.1228,-180.514,
		node 18.1682,28.1808,-73.8541,-182.452,81.7592,114.511,-216.641,157.072,-130.933,93.5771,219.876,166.579,36.8251,88.1063,174.658,106.993,-235.327,-86.9203,12.8696,-132.949,41.132,59.3989,32.1137,-78.2387,79.508,-110.372,
		node 142.527,218.943,0.198385,-256.396,-28.3028,-142.459,199.64,-0.29142,-66.573,118.836,-349.582,-184.823,-79.9851,-107.194,-36.4256,154.143,80.7054,36.1287,37.4071,-113.053,77.5535,-76.3007,22.6229,140.123,-90.2033,-27.1085,
		node 69.4101,-34.9185,99.2379,62.4534,6.24902,290.26,3.98548,15.6953,88.9273,-287.266,-70.4031,271.717,-208.685,111.579,63.869,-37.0486,-92.1122,-185.501,-53.6298,100.097,23.9387,184.402,-1.14083,-143.426,45.4393,-84.691,
		node 237.162,-175.153,-99.8293,-25.0229,7.26259,-226.995,-9.27786,-255.887,236.204,203.952,-104.511,51.3131,-114.95,-246.485,-165.273,-82.5419,-81.7435,58.2565,37.7157,-7.34893,-148.419,-96.5731,109.595,-164.556,-21.539,-163.889,
		node -156.491,-9.147,66.0641,-251.32,157.965,-74.6011,-12.325,116.094,171.716,48.0191,-112.562,134.76,116.011,-184.711,-140.079,-76.4741,-51.6471,-71.6237,39.2517,112.175,148.992,110.479,-46.7311,176.753,78.7941,190.819,
		node 101.917,-107.975,100.269,-104.316,17.3325,-232.229,4.45251,-41.483,-137.897,48.8196,-73.1827,-108.574,-197.072,86.3059,-164.116,56.4951,-61.2206,-243.008,-207.33,147.103,-195.349,106.534,156.9,-178.107,112.645,-137.829,
		node -24.254,134.578,80.1154,-33.2777,-12.8103,208.618,-82.9398,-86.4253,-56.833,-88.539,241.397,275.227,189.442,78.7146,23.0556,1.30503,-60.2158,-43.5958,87.0125,-256.266,8.92052,73.0082,-193.156,180.507,228.445,81.1624,
		node 37.228,-100.039,-105.673,61.5052,-36.8396,-210.381,-37.0453,29.2438,177.115,45.4865,-8.6919,71.3735,114.172,-141.446,-109.627,81.534,-191.666,-250.165,237.338,284.06,112.688,64.5051,-223.381,72.0447,166.275,-13.2389,
		node -52.8564,-137.286,32.0373,110.558,-115.116,203.211,43.0009,-60.7389,57.8856,-168.022,-175.174,-205.952,276.584,97.7562,-96.4677,-208.251,-119.992,57.0962,99.9444,79.7088,49.326,40.6403,221.51,-92.1636,138.464,49.5706,
		node 33.7955,-331.295,5.80686,-13.1223,116.375,-84.6651,250.429,5.0327,-209.488,-46.2595,-66.8184,200.79,-236.624,143.806,-239.011,28.5143,27.0017,-104.261,116.492,89.3999,94.8378,25.4554,-188.026,-79.006,225.288,-57.862,
		node -137.805,134.529,118.686,-106.696,-200.129,-75.985,-94.6372,79.6167,94.759,40.7196,-48.8589,-47.8615,-91.4111,-25.783,126.499,45.8637,-3.08753,-156.536,1.0483,-72.7202,289.057,103.054,146.247,107.449,-161.043,69.3146,
		node -109.34,-59.6097,-146.601,-32.7144,-58.9949,-151.115,148.89,192.158,29.0296,-137.123,-193.16,68.6735,-239.755,-39.5792,-102.199,188.404,-97.6988,42.1556,-41.0319,-0.436476,-42.9378,148.723,159.598,-18.5644,-97.4317,154.92,
		node -208.373,39.4855,-149.848,41.521,27.3576,-123.605,106.241,-71.2225,-293.509,-65.9253,31.1193,21.1429,-63.8736,98.4984,-127.429,-159.856,296.392,29.2682,-222.514,-146.534,-51.3279,-18.2551,-27.32,-92.4968,-74.9569,-67.3053,
		node -135.266,-93.2094,-92.1683,-214.103,62.2715,137.045,-78.8727,48.1034,-183.997,132.634,101.743,-54.0908,-58.8993,-66.7362,-158.421,-213.834,166.991,-40.1705,29.7115,41.2867,-51.6186,-4.38249,-8.70638,-58.921,-97.4277,-109.635,
		node 223.959,-270.802,193.703,246.96,-86.6165,116.538,-192.471,-248.221,7.49007,-101.671,71.3912,56.1115,50.7555,-73.5316,-68.0082,151.703,-7.11034,89.3837,-24.1964,-52.5498,-173.35,-192.982,-55.6722,50.0004,-75.5967,72.7654,
	layer
		node -42.0739,132.783,-17.6653,-243.629,-115.236,-11.6414,96.7322,-16.2773,-59.3537,68.5631,-298.498,-139.814,46.9023,-68.5092,95.2881,-96.054,-44.5134,14.4704,-37.9812,-143.828,100.34,-114.807,-123.779,-179.35,-20.3007,87.9028,
		node -132.655,44.6989,-80.7973,41.1861,-49.6522,99.8938,-101.268,-2.35041,-27.9589,-103.283,-136.388,20.0144,19.9055,-196.221,53.6686,29.5811,105.057,30.4145,-50.9828,-302.063,-67.4431,1.78588,-60.3831,-179.608,16.7168,-113.41,
		node -140.775,-300.044,268.618,-23.8478,-52.401,-151.613,25.0775,-107.738,-13.3862,8.17203,-74.5705,162.357,145.59,62.1612,-169.903,-174.829,-86.4668,-124.004,-230.281,-92.4309,-5.44214,57.9784,-154.69,-30.5047,-27.2874,-128.746,
		node -253.799,108.297,219.917,148.152,-161.753,107.87,80.1558,182.649,-98.9636,-257.736,177.622,-69.3113,23.2427,58.4318,-3.86473,-176.908,-36.4672,-173.969,46.4326,-249.348,213.93,-202.281,-106.254,-90.3767,136.356,-36.8548,
		node -102.15,120.149,21.2674,103.049,-10.7165,48.5804,-126.027,-22.2995,-45.3422,-85.1443,-129.3,-282.183,176.96,249.492,100.052,-159.059,-153.693,95.4838,-173.77,95.0735,18.6014,107.156,-136.077,119.487,-23.8463,4.22884,
	layer
		node -19.608,-219.432,277.623,-62.727,16.0898,142.431,
endPlayer
