// Player14
stat 6
	layer
		node -176.186,201.203,148.378,-70.1919,-32.9429,-128.237,-35.1271,-243.079,76.6228,30.9836,-243.009,-80.5425,297.154,32.2907,27.2976,-171.69,-7.57792,104.488,-28.3332,39.843,66.3032,-149.036,-153.91,-11.873,64.0696,71.2067,
		node -150.525,-83.6512,-62.4718,-17.5646,56.476,-196.945,-81.2406,-53.0872,-55.1283,-50.7018,53.1349,-14.7189,48.9135,76.4907,-29.412,-26.4312,-120.7,24.0911,-23.0174,152.757,36.1566,4.78477,109.511,-246.008,-62.8723,-5.39735,
		node -72.7223,5.738,-3.26674,220.617,156.772,263.206,72.6552,14.7009,24.5093,170.386,-95.9338,-52.8985,-69.1751,189.183,-30.7274,-6.39325,-167.864,-24.4954,-27.685,-123.89,-58.3794,115.279,0.963051,150.368,-21.3788,-125.343,
		node -152.964,-104.623,-32.1503,-100.487,90.6141,-224.484,43.0184,-34.8488,-223.699,2.40615,-155.016,-78.6937,-222.759,89.9357,117.34,-122.031,0.996934,-87.4819,40.5962,-192.093,29.6436,-278.911,104.1,-122.258,-113.165,146.23,
		node 106.394,78.7762,-182.239,127.643,214.943,40.4238,17.9824,114.943,-42.7373,-75.9734,-190.941,-102.998,44.8691,69.1804,-164.987,-44.6751,23.3418,-3.17563,212.539,45.1237,-24.8703,6.19013,-147.358,7.4414,55.4319,-88.8791,
		node -60.9738,146.236,-28.1163,-370.526,-135.634,-190.606,-49.9906,38.8798,-232.593,39.3755,46.9167,-188.258,27.3412,-25.1282,72.2173,346.058,80.3695,135.622,61.4336,177,-51.8022,-22.6658,-173.368,220.091,68.7215,-1.45647,
		node -60.1299,38.4899,-40.8831,-54.3758,-13.5973,-135.537,-0.824257,31.7194,-152.157,104.661,55.9196,-30.5476,-124.496,12.8119,-269.957,186.9,171.623,-134.793,72.0256,-1.52871,49.4754,-54.591,-175.066,-87.9193,-144.887,-181.713,
		node 145.137,-106.937,217.258,-64.1846,-30.6749,-54.1243,19.0994,-77.6516,-1.81194,214.184,-30.2943,-26.2939,-147.555,-13.7351,-79.9329,169.688,95.4915,-145.663,109.422,-2.53539,-91.2887,-307.827,-39.9589,119.797,113.541,-60.9714,
		node -105.355,-38.405,-44.6555,-115.886,133.276,-68.1487,-10.2992,12.47,-121.564,19.6785,81.1169,27.9143,174.495,29.3299,121.222,31.3624,46.5743,34.5928,-123.66,163.928,178.154,-64.8839,-66.0479,36.2505,27.4844,97.0356,
		node -146.024,-51.0795,-161.182,-199.894,-107.817,-190.979,-245.964,30.5452,33.8194,-223.74,-284.212,80.0497,186.106,22.6778,-36.9371,-184.872,12.1778,-87.8218,-121.037,-123.641,-66.5375,-249.983,71.9497,247.708,-10.3747,-189.909,
		node 41.0239,26.17,-72.7012,42.4935,85.4406,145.127,-4.45424,92.0908,-146.918,112.909,250.877,158.39,60.005,102.936,191.749,133.501,-236.015,-93.9688,20.5163,-116.717,-77.9118,139.117,36.0504,3.28051,101.256,-41.492,
		node 139.319,206.147,-172.687,-256.909,-32.1451,-142.868,188.771,22.0595,-24.6299,131.697,-336.2,-176.446,-87.908,-117.997,-18.656,135.453,70.7276,44.903,43.9201,-82.4982,72.3604,-97.4716,85.1061,136.332,-70.9285,-23.8221,
		node 55.9032,-36.1202,112.037,63.1725,-0.024014,-231.008,12.9319,-11.598,82.7858,-295.686,-82.7594,279.304,-234.086,108.591,54.478,-37.4467,-96.1447,44.056,-15.0375,31.4186,158.928,166.463,14.0983,-140.201,44.1446,-94.1108,
		node 235.124,-168.8,-100.74,-59.8847,0.769,-222.668,232.636,-250.828,224.346,207.713,-108.064,42.0576,-127.979,-128.739,-138.142,-72.3953,-93.3729,68.5035,21.1973,-16.8392,-77.5301,130.695,129.318,-170.625,-26.4093,-164.087,
		node -167.266,-13.5858,77.1625,-271.49,141.947,-78.9971,-10.4038,-93.5157,163.89,47.852,-112.814,143.161,119.466,-187.704,-126.641,-6.35806,-46.4684,276.265,50.9758,115.901,126.408,109.37,-44.3944,15.3121,68.6935,190.396,
		node 101.935,9.90286,154.99,-118.636,-39.5875,-61.9001,5.71231,-49.5736,-20.4146,-14.3195,-106.876,-11.2183,-162.471,123.295,-200.117,20.6407,66.0906,-34.8298,-212.453,-17.0156,-278.193,102.477,-164.442,-185.57,94.695,147.621,
		node -33.5364,136.856,82.2469,-36.0921,-10.3916,223.148,-193.662,-87.5744,-56.548,-95.0238,-237.473,-144.054,185.518,76.9378,35.9297,122.425,-61.7843,-47.8802,94.418,-259.307,11.1245,65.843,-190.384,148.901,237.955,81.4984,
		node 41.5996,43.2331,177.096,67.3534,-41.0561,-100.287,-34.577,25.0031,187.082,-65.2301,-40.8945,77.8598,117.652,-150.306,-230.485,78.2817,-71.463,-262.117,215.293,262.487,96.9325,52.4522,-191.567,89.0116,165.948,-15.9547,
		node -59.6337,-144.376,46.3145,98.6959,-106.437,-109.565,9.81021,-75.4026,55.6076,-164.802,-180.206,-185.752,277.009,109.72,-95.6854,-206.589,-116.511,70.94,89.2416,-18.5217,17.7965,31.6377,212.009,-138.276,140.919,-58.1329,
		node 35.8552,-326.755,7.70185,-5.19155,119.839,124.343,268.559,-14.026,-215.298,-60.6145,-71.4891,-84.4304,-230.489,135.724,-234.623,55.6539,35.7244,62.1126,113.233,62.0059,101.101,5.42661,-197.767,-82.7103,243.708,-61.7495,
		node -125.036,148.461,32.6781,190.379,-226.012,-95.6069,205.868,92.5224,11.3142,36.559,-67.0857,-57.7174,-102.882,-22.0196,155.468,41.2199,-16.4055,35.6486,5.12911,11.5613,-144.855,97.5847,138.186,76.626,-170.649,70.158,
		node -111.921,-38.4004,-113.914,-6.97444,65.184,-135.231,-111.853,191.396,52.2563,-138.248,-201.766,77.7055,-255.327,-28.0366,-85.9271,172.816,-98.4556,-305.051,-38.096,-12.632,-43.9476,-50.078,167.301,-10.9289,-98.8366,166.561,
		node -223.213,45.8455,-154.264,70.0279,12.128,-68.7674,159.542,-80.3308,-210.605,-6.67747,11.9264,32.3854,-80.8664,99.0221,-12.7432,-154.827,56.4588,18.1119,45.7689,-126.244,-72.7185,11.8627,-67.7618,-98.355,-64.9817,-76.3833,
		node -132.693,-92.8713,73.1053,-179.271,72.13,142.608,-81.9188,53.7877,-215.153,130.58,78.4384,-50.5725,-53.949,-66.8468,-164.372,-235.415,194.892,-41.6859,35.2687,68.6112,51.2274,-139.297,13.6777,-57.1445,-94.18,-133.472,
		node 221.188,-279.306,-4.82108,55.7572,-62.7373,117.592,-204.195,-226.262,8.42462,-100.57,83.072,69.3844,-255.533,-59.7968,104.916,154.141,-27.056,115.861,-29.1219,-64.1704,-168.315,-18.5538,-42.6118,56.0029,-78.082,-116.525,
	layer
		node 184.669,124.535,-145.971,-237.822,32.163,-86.0797,100.203,-16.4508,-42.2689,-0.264932,-35.0059,-117.526,172.295,-85.1711,-68.399,-13.2518,-85.7668,-55.9867,25.4855,106.737,102.003,1.62102,-57.2179,54.4007,26.0618,110.757,
		node -67.4029,-27.426,-68.0625,-71.0866,-45.8111,114.934,-107.067,41.6194,-33.2341,-107.556,194.332,168.221,27.2777,-193.935,-44.236,53.2664,126.449,-3.53433,-119.781,92.7257,-57.1599,-11.3662,106.621,-8.26883,22.9361,161.345,
		node -145.666,-182.275,-118.102,-29.7153,-36.4763,-171.344,-93.7819,116.377,-35.539,5.6536,-197.502,115.114,-5.53915,62.2269,-122.382,13.5194,-2.63096,169.218,-263.75,-2.71728,-59.2171,30.1858,158.534,-36.4344,-153.217,154.346,
		node -240.39,105.103,-62.7072,157.913,-12.9929,-70.5433,-13.8916,-125.113,-118.062,-128.047,-145.491,-114.939,51.7111,-7.99635,-134.146,17.9544,-41.2952,-178.868,37.5717,-110.57,211.123,-192.809,-166.977,-92.4934,125.088,-2.96965,
		node 9.15189,131.714,29.4572,106.293,-43.2902,73.375,-120.277,-25.9685,-48.3826,-145.142,-131.231,-73.5328,24.8648,262.972,16.6213,126.812,-137.619,122.231,-226.954,-43.7057,102.202,-84.6261,-131.191,116.529,-54.9758,273.199,
	layer
		node -18.5654,-223.616,-241.449,-94.9189,-89.2843,-76.8148,
endPlayer
