// Player18
stat 8
	layer
		node 3.41708,14.9131,41.1687,-82.9056,7.78091,30.3312,19.9092,41.2016,45.1613,-107.294,-34.3011,-14.4531,44.7623,11.9853,-96.5343,-4.97454,3.12909,12.1789,31.2618,-46.5758,33.0268,-4.61461,-17.8156,40.4452,38.3942,-45.2163,
		node 53.545,79.4645,-31.9825,16.1573,42.7212,23.9914,27.9301,55.9282,-37.6309,30.7639,-34.5553,-19.6473,48.1567,-9.92529,63.1828,39.9005,45.4076,-28.4914,39.2496,16.1938,79.2816,24.3991,-87.9113,19.2487,-25.3324,-5.20134,
		node 19.9131,-45.3371,-8.92702,41.7127,43.394,-60.854,-23.1748,36.364,59.9163,83.4577,43.4869,-9.70631,-14.4721,-46.548,38.9877,44.5759,3.68816,57.7423,43.4294,32.1801,60.4288,78.9746,-67.326,1.36765,-9.35617,106.707,
		node 59.9255,85.7878,-21.131,-20.5373,-27.5118,-15.3854,-51.1054,-53.7289,41.5805,114.737,-6.5565,-40.4553,43.7351,1.08409,11.1901,-6.91958,18.0178,54.2209,-60.9652,-4.02681,35.2165,-12.5213,6.05886,74.2239,86.2507,-45.2625,
		node 3.05888,-35.8381,-52.7672,-65.0907,-4.75833,-61.4439,46.0321,62.3423,32.9585,-11.7512,-6.37936,46.9248,53.4007,54.8072,3.8668,46.2872,-29.2253,-102.593,27.5788,45.6189,17.2191,-20.2332,11.4744,18.9973,-13.7945,10.8814,
		node 5.20637,-19.0247,-3.06279,4.53832,-34.2442,15.7026,-130.011,20.1601,-20.1417,108.246,52.24,41.4289,31.6129,-54.0611,96.5337,22.6437,54.949,-6.90089,45.3751,63.8643,99.8024,13.1814,2.67185,69.5353,-4.33948,-5.68302,
		node 32.4161,58.8983,13.5762,13.7954,40.4239,-63.0468,6.5594,57.0837,2.60849,105.432,31.6564,41.8744,-9.2066,-69.3584,24.9719,-48.6992,0.289451,-10.0873,58.8523,13.4779,-51.5931,-85.7598,44.6413,54.6272,-0.415063,58.4259,
		node -51.5484,19.2772,-22.3509,-16.1464,3.19542,-3.81805,6.0307,22.1553,17.0826,14.4622,-31.9693,-45.4981,-9.22165,-5.73689,94.3795,68.476,-85.072,7.89137,-69.2689,27.5991,21.2652,-96.8955,-42.8547,51.5263,14.1599,-34.6481,
		node -45.1246,26.5867,9.95171,42.7276,-37.3198,69.5791,-22.8445,-0.982106,68.2722,2.36935,0.71357,-36.8542,-35.457,-31.9875,-71.3954,39.1604,5.24668,-72.2796,8.02489,-3.19545,6.4224,56.5482,59.826,-22.3766,-54.452,62.4957,
		node 8.59722,-8.30717,-35.2962,-63.016,15.3076,-21.1073,-10.7104,50.3901,41.813,-21.2778,-4.8576,-80.6925,-32.9413,27.1343,12.1503,-40.4785,13.8826,60.8897,6.60685,80.7148,-36.5794,-46.8695,-8.4074,44.8312,-11.9322,-35.8293,
	layer
		node -47.1112,-10.5867,-71.7657,73.6454,-63.7601,19.4788,-62.4316,36.461,55.0882,66.0005,18.4898,
		node -34.1682,-15.2307,-8.95712,10.1581,23.1567,10.4024,10.9844,81.5555,16.0103,-78.8335,-2.52113,
		node -3.52539,-31.206,24.5046,6.38916,-67.6282,60.6229,-3.60908,-19.0746,-24.7598,17.596,25.154,
		node 20.27,-53.471,-32.5029,-21.1856,36.131,-107.834,-29.0522,1.14199,-0.52234,20.8494,-17.9694,
		node -29.6676,-23.0498,59.7367,14.5732,30.5086,-2.60651,46.3594,1.58091,63.6513,97.4424,47.8495,
	layer
		node -48.5679,67.6834,69.6122,0.25654,62.8228,-1.50892,
endPlayer
