// Player35
stat 8
	layer
		node 66.7935,-9.59786,-124.171,65.7037,24.6236,53.6366,-46.822,-43.0375,-69.3728,-7.11885,93.7521,-35.0602,141.744,10.8832,109.116,61.1241,62.8466,156.035,-35.3375,-47.6182,21.7848,34.2069,87.2735,6.81591,29.0445,-6.71681,
		node 26.4896,110.699,-49.1314,124.099,-43.2221,-117.788,-55.6467,4.79272,-4.35868,58.4749,31.297,-97.5829,27.5048,-37.0748,-80.4467,8.39545,-25.9986,-107.809,-8.96111,92.8678,59.4147,-127.064,-56.2502,1.18335,-59.457,41.5313,
		node 44.2441,-101.765,-31.543,84.6728,9.29182,148.86,36.4744,-87.3676,-84.4248,53.6937,-2.88461,39.22,119.521,-11.9949,-76.327,81.7511,-33.8221,-11.8278,66.3736,-32.489,-61.5078,-15.9216,9.37323,-116.802,62.8079,5.47859,
		node -3.10209,-7.39071,27.9932,-42.6505,-38.09,-108.6,36.3583,5.33701,-9.72815,-66.3831,-81.7982,-100.156,12.7008,37.3323,107.936,-30.2003,-18.6863,130.777,39.4677,37.2942,30.7376,-53.8535,71.8024,122.797,3.33163,-2.51889,
		node -95.8501,-48.7137,-1.89438,-100.104,132.703,41.1332,-40.8336,126.61,-20.3107,132.164,22.612,42.4046,-4.94353,-74.3293,-89.2434,-4.65815,85.6143,-22.6649,68.8535,24.2414,100.241,59.8155,-44.3844,-145.052,59.3714,74.6616,
		node 143.584,121.302,71.2434,99.318,-2.79779,24.2247,17.5033,4.00261,49.1997,183.329,-19.5453,99.0977,88.979,107.511,108.547,-31.3273,-100.274,12.4946,-9.1427,-19.7099,78.1089,4.95608,-64.2454,-36.828,34.8723,-86.3457,
		node 42.2978,136.236,53.6089,-8.86153,14.4719,7.46675,-35.2924,17.1544,-62.1174,-23.9865,27.6397,-57.6481,82.454,-9.00316,45.9453,81.8286,9.48284,63.7496,88.5458,35.8334,13.4402,60.3552,41.088,-20.5073,126,-64.2191,
		node -26.5653,20.4609,-126.62,29.8936,78.5508,45.3954,-9.27796,-121.729,26.1169,99.3031,-15.3461,95.6554,-96.8377,6.34251,19.4569,47.615,10.2432,9.10477,-2.11457,61.8606,-14.8371,-77.1294,4.43363,-43.5898,24.0236,35.2884,
		node -100.023,59.7921,-6.64995,28.0949,-11.0673,-36.5835,8.65912,77.567,17.2975,53.8661,-76.6673,69.0214,5.98359,6.46288,-24.6128,-3.21958,-72.3015,6.92709,-62.7324,-51.576,-51.0908,-115.992,-46.3367,91.9071,-37.4933,3.20921,
		node -146.721,6.45932,85.1597,-97.1472,33.0678,-126.849,-37.8261,0.913362,-120.231,-181.168,-36.7024,29.8892,-111.283,20.9381,128.722,105.413,-95.7917,-7.11176,65.4156,-39.679,-54.0699,31.3308,13.4599,-112.971,-81.1114,-71.9351,
		node -106.997,-20.5908,-117.925,-48.9539,66.687,4.5329,53.3984,-86.3013,4.76415,31.9694,32.5067,136.885,-80.6934,-5.21526,-46.5522,-93.9819,139.273,-64.0652,-23.9416,118.125,-76.5812,125.101,-32.7358,105.825,-23.8841,139.528,
		node -7.68289,11.1324,-111.518,6.40717,-189.388,39.2925,-42.3115,-113.93,-97.6097,46.9068,18.0793,47.5144,27.1761,123.416,-46.6112,-86.2479,-138.554,25.8899,-34.7052,93.0127,-47.7231,-46.6784,-48.4272,37.3804,39.244,-39.4208,
		node -72.0275,-83.3929,67.3057,71.0587,22.2785,33.5346,-147.698,-48.7425,-133.134,-120.946,-13.9237,-86.0314,-0.958417,-113.619,-26.5467,3.84751,-48.4321,0.517527,33.7577,1.87191,25.3527,-110.2,27.3171,-7.58513,-60.0612,6.77603,
		node 3.62965,-3.46987,-51.9934,-112.44,-40.5618,-56.2331,-20.9203,-32.6085,33.1776,-46.951,-15.1344,-14.5017,65.4266,111.038,23.6245,-38.1798,-53.1627,-23.45,-16.3827,154.539,30.3754,53.3826,-25.9431,-153.525,56.7418,47.9175,
		node -115.729,-28.2071,-53.7211,2.47461,-33.7655,41.3757,12.891,-19.1731,-129.347,78.194,-68.9408,-35.2051,50.1331,117.532,-20.9529,95.7309,5.20367,-72.3226,114.474,91.9347,-2.05224,18.9512,32.9238,-40.6314,103.521,-45.8124,
		node -33.4525,40.022,79.74,167.657,-103.247,-144.008,50.4308,36.7224,-1.38409,-62.5426,-49.6395,53.8966,29.2025,23.6573,-19.7379,-94.6854,7.72204,-13.5676,-19.9842,101.803,-43.4956,7.10851,10.3077,-13.7068,-62.6801,-23.3106,
		node 89.4993,44.7438,-1.10096,134.391,3.91764,83.8711,-88.5126,12.8717,-120.991,1.95279,46.7354,73.5179,-10.6562,-75.9838,24.9176,83.6518,29.5164,-20.6643,-9.07098,150.464,35.7496,-42.6364,60.5497,-36.045,3.28599,-16.498,
		node 43.5008,133.933,-52.1303,43.2059,-52.1077,-26.2963,-76.6881,-11.1938,-9.37157,-72.1877,91.1125,23.5336,-34.888,142.929,48.3662,-49.9109,-18.2402,46.5104,25.2484,-139.798,35.4202,-27.3158,-64.1413,51.2326,79.4334,-140.983,
		node 41.4127,-1.60257,41.8248,-79.5231,-35.9189,-21.5729,-38.7821,37.6709,-6.17521,80.8771,-29.2385,-55.8289,27.157,-70.8697,-70.3981,-6.02815,-97.743,-55.449,27.5645,-23.7686,-75.3269,1.61736,-26.1327,53.7943,-53.5007,18.8304,
		node 29.5822,128.401,-32.3406,114.856,45.8392,-64.9774,56.965,45.2113,29.547,-30.6634,65.4969,-11.5011,54.7945,-28.1298,48.6822,-125.836,-150.124,51.0766,65.1262,-32.8968,-4.81819,99.6868,23.399,-50.2042,15.9368,11.3046,
		node -25.901,126.554,-27.6173,-51.7491,-67.0722,-0.16869,-123.155,-0.38194,38.6865,61.1516,-40.3231,23.034,-24.6174,65.0431,-30.4542,72.627,78.6003,-39.6913,-136.307,-17.2323,-60.4077,159.757,34.5939,5.32608,-118.531,48.8191,
		node -56.6534,42.6776,-56.0994,-41.1212,-17.8285,62.3558,-83.6908,22.6694,-103.485,-7.85459,61.2978,-17.3378,-31.7519,-43.1733,-83.5445,-46.7634,-119.312,-30.3317,108.165,59.8223,4.8058,-106.996,12.6137,21.9264,81.8385,41.41,
		node 13.1806,29.8937,107.652,188.548,-29.8933,-47.317,-29.7848,-59.6296,-11.7117,-25.6636,119.454,-83.7372,-40.2298,-100.386,62.4113,-2.28599,65.2787,74.8874,-56.0552,16.9404,28.5693,-38.1355,-88.9911,28.7177,-63.3601,105.669,
		node -21.7495,9.02047,120.11,-87.1289,113.887,-104.94,53.8456,-31.4078,-48.074,-7.46514,-51.6322,62.251,-74.3276,-36.9862,70.9098,-19.4633,31.0202,-24.5089,-13.6982,-43.9524,-8.7989,-38.8857,34.3559,1.85178,-70.7237,-10.7944,
		node -155.756,5.65702,-19.2057,4.98654,22.0381,24.4337,113.661,18.0348,-38.864,34.4532,-112.86,17.2823,-48.1729,15.3943,126.512,-10.8792,1.37861,54.3156,-116.489,29.0159,1.2987,15.623,-106.509,1.89595,54.2958,93.0751,
	layer
		node -20.9912,-104.696,135.119,59.1233,-11.1336,-44.2917,33.0474,11.1273,88.4705,55.7051,-82.6417,63.389,-27.3608,120.262,-1.95095,-71.3481,25.1743,134.279,9.48979,43.2847,1.0992,44.6579,15.522,-127.924,56.8745,37.9161,
		node 51.6286,120.211,-14.0739,-11.7726,-36.8441,-62.0442,-73.5114,-2.49937,64.3528,88.9618,-27.6156,37.3525,68.8246,-62.2527,56.7483,29.7642,113.945,27.6025,5.71168,-41.4434,107.481,77.4247,-32.279,-58.0291,-30.2673,64.4762,
		node 99.3932,-66.1143,-81.0934,31.9033,40.1681,-6.87338,37.3365,-87.9454,-0.784413,-90.8733,-55.4334,-21.0038,-164.743,76.5262,55.4196,31.1135,10.4266,-25.4036,-26.6335,-68.6267,-69.9851,74.4067,-33.2042,-30.0653,-95.8396,100.185,
		node 100.06,-111.004,-89.8321,-52.4963,-73.2441,-62.8121,-37.7767,50.706,-84.357,-94.6617,-44.9678,-65.7253,-45.0618,-6.94585,19.9492,-36.7876,-28.1428,83.9857,-39.553,106.575,59.8455,115.969,-16.6959,-74.0951,-77.1049,-64.5659,
		node -61.0293,51.7707,111.099,48.4587,65.1697,24.9612,5.32857,14.8037,-114.272,-69.3177,-31.0962,47.5917,-151.573,-158.105,113.813,-102.007,-11.8821,55.1355,-11.0369,7.02739,-75.9963,-59.9343,-0.930141,-117.103,-61.557,-2.61999,
	layer
		node -127.426,52.1723,15.968,39.0031,-22.771,-86.0265,
endPlayer
