// Player48
stat 4
	layer
		node 62.976,-106.795,-34.3389,52.294,23.3315,50.7089,-33.1316,-73.4571,-76.4909,-20.1705,-35.3488,-29.2296,2.88771,-21.6781,118.213,67.1859,57.5138,126.195,-36.1173,-51.8744,12.0655,42.9233,105.783,7.4558,-136.203,128.73,
		node 25.3491,121.205,-44.6701,128.023,-29.0339,-112.791,-49.5643,-26.7273,-6.85405,-11.1424,-138.825,-30.4292,17.9543,-22.3049,-95.2988,3.73757,-44.7574,98.3178,-13.2007,73.6952,-102.525,-123.433,-45.325,-0.366905,-63.578,49.1253,
		node 22.154,-119.53,-42.2079,89.6699,4.99973,131.125,13.9843,-65.2916,-114.431,49.721,-16.092,-94.4124,126.907,-35.3261,-70.3798,81.457,-26.077,-13.0615,87.8115,-37.0301,-30.0532,-15.3194,15.9244,-83.3098,192.481,-9.7876,
		node -19.0691,-3.5186,32.2467,-41.9092,-38.9643,-117.182,44.0117,5.78197,99.7386,-81.4647,-33.8146,-96.2565,13.8705,-8.16914,117.668,27.0575,11.9563,143.481,41.7316,47.932,21.1932,-3.34039,-0.699599,116.227,-1.0118,-6.44831,
		node -37.1867,-62.6843,-12.6959,-95.9694,120.139,36.6045,-44.9056,99.189,-25.9809,137.333,21.7443,9.08866,6.43753,-74.1916,-79.2145,7.36972,-151.299,-28.7436,-0.670219,24.6507,89.2934,61.8979,-52.1613,-51.5807,43.1796,40.9246,
		node 113.609,119.678,89.249,106.945,159.118,-8.64728,-56.6635,16.3252,61.2026,192.579,-22.877,88.5318,90.5533,89.1479,118.813,-26.5298,54.9641,12.892,-91.1474,-51.9574,41.4793,-27.837,90.0728,-26.7763,2.88647,-79.4534,
		node -1.6097,140.978,40.9241,10.1256,24.2984,-1.28409,81.1641,36.1989,-62.8733,-7.8748,36.36,-44.6253,8.74801,-17.21,35.0748,83.3217,-21.9059,62.0168,84.2028,29.6602,34.8253,64.3979,34.4513,1.70791,131.962,-61.6918,
		node -53.9053,81.2259,-144.95,22.3337,71.5204,49.1404,8.74154,-105.882,29.12,83.0581,-13.0792,75.7227,-110.441,30.77,13.9126,82.2444,-11.8817,-13.017,-3.89793,58.6173,-22.5753,-72.958,16.9187,-46.7762,24.09,26.8118,
		node -81.5322,60.8386,24.9377,32.1596,-135.123,-38.5813,-103.227,73.2339,-51.3035,-19.7119,-74.5206,67.3409,27.9194,26.1404,-81.8297,28.1552,-77.3252,-4.08365,-64.9333,-73.3903,-42.0189,-112.168,-44.5371,62.0625,-31.1302,26.1193,
		node -173.275,1.6777,84.6074,-77.0996,10.9584,-131.682,-36.9824,37.3569,-119.898,-171.852,-44.1197,20.8461,-114.272,22.0514,21.6792,120.533,-103.059,-9.91119,80.5656,-36.9086,122.968,9.84859,21.0785,-112.878,43.4112,-77.8863,
		node 49.963,-18.2756,-10.1063,-50.1058,63.0917,-8.00942,8.85188,-141.706,-13.9175,-5.01703,54.1904,138.783,-62.7301,-19.379,95.6737,-95.778,131.823,-61.341,-32.9953,84.8525,-38.9265,105.133,4.02601,98.6144,-102.543,148.173,
		node -17.7886,2.93211,-111.158,-30.1763,-182.328,37.2196,-39.6543,-96.6787,-90.4086,27.003,18.3083,55.9525,34.5014,131.052,-45.2859,34.645,-104.474,24.0856,-64.9918,75.0026,-40.2036,-44.3887,-48.9655,34.0421,42.1487,41.4135,
		node 10.4155,-85.2706,81.4721,-116.392,-1.15156,41.8136,-145.407,-53.8663,-110.885,-126.214,-10.0606,-83.5958,-3.36675,-113.854,52.2332,-6.35463,106.086,-2.95758,83.6412,-13.2361,-118.232,-110.188,28.121,11.9527,-51.0744,8.81888,
		node -19.4776,18.0705,-53.5605,-116.997,-39.3009,-95.4788,-32.8923,-32.9686,28.4842,8.90798,-16.8997,-21.2813,-6.70852,-125.757,21.9586,-31.8487,-46.3122,-67.0287,-14.6132,165.667,27.8945,51.4818,-12.7288,-137.692,54.7624,55.8264,
		node -81.6846,-67.1844,-43.4708,9.5065,-25.6606,27.6718,6.71692,-104.824,-5.16027,52.3392,32.9976,-32.0162,46.2163,116.462,-56.7612,108.251,4.50885,-55.3079,113.224,102.571,2.90716,22.2788,-87.3021,-54.6684,4.37287,41.6455,
		node -32.858,61.3498,84.5571,162.931,-106.582,-130.007,36.0163,57.6852,2.95868,-37.0082,-49.2183,36.0271,-26.2429,44.0103,-1.94369,-75.4993,15.6352,-13.1032,-26.1627,92.4481,20.5436,5.45278,16.126,-46.5057,-27.7041,-13.8201,
		node 37.2251,43.689,3.71543,108.955,17.3073,-38.9836,-12.8469,29.9121,-121.051,2.69677,48.0813,-102.36,1.67649,-70.0529,29.5449,100.186,21.4939,-22.5248,27.4973,156.722,8.98439,-59.4025,58.6965,-27.7484,-15.4221,-7.32723,
		node -19.3952,110.805,-53.5618,-13.6607,-42.6679,-13.7303,-73.6615,-25.3017,-20.0411,-68.9128,88.5659,12.5327,21.2415,132.578,45.2334,-12.2536,53.9886,55.1465,9.92918,-34.0197,35.9399,19.5783,-67.2117,56.0807,14.7825,-110.62,
		node -10.2471,-105.222,38.9472,-65.0167,-53.8517,-35.4982,-3.32712,39.4798,-6.50025,74.6659,0.263188,-71.6493,-59.6832,-56.3108,-43.6428,11.634,-101.025,-57.9111,15.5838,81.3936,0.927018,3.67649,-43.8939,35.1077,-42.6227,-97.8632,
		node -77.8997,129.768,-28.8932,120.153,46.6403,-57.264,55.4896,-15.2058,35.5077,-10.2952,79.0394,-24.0413,69.2835,-30.8265,40.2578,-146.475,-139.766,58.176,63.8922,-47.5411,-10.2101,81.0188,30.1908,46.1902,26.1423,16.2248,
		node -24.776,92.8495,-16.8154,-45.7653,-66.0576,90.5125,-106.686,0.724749,43.0211,84.1471,-42.9179,23.8104,-5.72816,62.4913,-74.5433,174.48,102.357,-41.4589,-135.647,-46.2072,-44.0432,137.356,31.1948,26.2969,23.8262,57.9767,
		node -53.805,49.8097,-43.8339,55.0077,-26.7169,64.69,-67.0736,1.31585,-27.2402,-1.5572,-22.7303,-19.5938,-27.4287,-43.636,-159.466,-48.7795,-81.4623,-18.4277,112.156,61.8587,-1.82746,-108.983,35.9602,17.4537,91.9884,44.6974,
		node 85.1228,23.4543,120.135,189.907,-24.1289,-50.1336,-31.2456,-107.042,-9.43143,-24.0293,116.308,-69.1528,-40.6968,-83.7922,68.3075,-0.190854,56.9598,-25.3494,-34.0308,27.9436,42.6701,-23.4881,128.887,4.57532,-70.9914,102.422,
		node -30.0971,12.3439,109.368,-78.9246,115.429,-96.8899,42.1892,13.0011,-46.6975,-4.86218,-74.6479,117.345,-78.2875,-34.7819,73.3953,-49.9065,34.0883,-28.5591,-15.9224,-43.3425,-20.9377,-38.6969,69.381,3.22234,-60.6359,-14.1727,
		node -147.957,-27.2451,83.0785,1.89377,-151.018,18.2417,106.51,36.4983,-44.0273,39.516,-103.128,21.8847,142.994,20.0781,-26.6827,-4.75349,-4.39409,7.76171,-113.549,1.02253,132.339,13.6081,-93.8282,4.58106,42.5768,117.978,
	layer
		node 80.347,-23.14,149.076,-133.463,-14.2136,-4.19906,21.9404,7.38838,87.4939,60.7842,14.8833,-126.672,-111.536,-80.4293,12.9909,93.669,29.0487,-0.639461,30.9937,76.3927,96.4605,43.274,-85.8428,-130.601,27.9004,33.0456,
		node 58.7526,-84.9683,17.8056,1.10981,-28.3074,53.1111,51.5044,-7.74759,58.9981,77.5294,-77.9418,-1.65926,69.5187,47.6094,45.6356,19.9924,-7.61318,121.636,12.2981,-48.5277,110.05,65.1988,43.8172,58.7243,98.5945,-49.2829,
		node 19.8949,-16.6855,-79.5818,-140.609,12.018,-7.87464,31.8709,61.6205,-54.1307,35.5505,3.34804,-23.1617,-29.5223,82.9578,59.5801,-9.93482,19.7605,-23.2552,64.0294,-75.3527,-22.5499,-114.355,9.41627,100.1,-16.4906,-15.0154,
		node 70.7494,135.783,-85.6699,-45.8193,-45.6323,-9.97394,-36.3584,56.8636,-100.119,3.54914,57.2896,-50.9317,-4.37612,-7.07784,9.12762,-35.6439,-16.8224,112.842,-33.4782,-9.34706,-34.1715,112.617,-172.938,-74.9342,135.933,66.1879,
		node -56.465,-104.116,45.7931,15.5897,64.103,1.83616,42.5166,-7.89283,-16.0845,9.59494,74.4954,63.4499,-9.25172,-5.94975,117.088,-90.4854,-2.17662,51.1339,-15.9147,11.5839,-87.9847,-31.4973,4.52817,-111.516,143.542,4.87426,
	layer
		node -84.092,-41.076,25.5868,101.284,-81.4955,29.6863,
endPlayer
