// Player26
stat 5
	layer
		node 7.49702,14.5727,89.5569,-29.6976,-31.5909,98.5465,-0.202251,113.252,4.91735,83.7941,43.3674,72.0986,-37.8239,-31.8599,-51.1535,-1.47847,-2.26572,-5.11272,41.012,-12.2593,-12.618,18.8846,-29.9148,-31.5666,-16.1238,-13.1037,
		node 63.0466,-9.63163,45.6975,74.5208,59.0687,94.8952,14.5404,-5.94747,14.1516,16.0262,-4.26594,-17.43,59.6529,-34.0735,-14.0996,33.8259,16.0393,31.7793,25.384,-37.3593,-21.1218,1.11932,-32.9416,-15.9398,-29.5483,36.0971,
		node -100.575,-39.939,-42.2008,52.5412,104.533,-26.6154,12.1784,-24.6205,-13.3846,26.5878,0.345252,40.8933,-18.7086,21.5216,46.5268,58.4066,27.2431,20.3034,12.8867,19.1451,-9.91332,-10.7682,20.3697,-44.739,21.6327,17.3798,
		node -7.79978,-16.1492,-26.7882,12.2477,72.6469,-6.39467,22.982,-42.1238,35.3883,-7.63545,-34.6193,-39.4245,-64.6294,38.2624,-38.3667,-32.7791,-57.5325,77.9071,15.9867,16.5766,-41.525,-26.7537,61.6024,26.0539,-24.3818,-30.0734,
		node -10.8741,39.262,76.5099,-67.9878,25.2314,-34.4259,-19.7262,57.1556,91.9389,-17.1236,-28.9411,16.3371,-9.99972,88.1719,-67.9836,67.6635,47.3665,-52.1451,37.3171,51.0164,1.99959,9.75456,-63.3029,-18.4483,-2.7374,-48.3915,
	layer
		node 28.0402,46.073,-33.77,-43.2739,-30.7308,12.6686,
endPlayer
