// Player19
stat 6
	layer
		node 128.464,287.974,8.12691,182.559,-36.4055,21.2881,10.3951,55.7954,211.633,-5.84803,286.654,15.5757,300.499,31.8685,-9.15661,157.921,-64.6635,-115.759,198.63,261.392,-44.2948,63.9542,267.976,-81.7664,16.3989,284.956,
		node -60.0853,15.8921,-41.6034,248.545,274.691,149.471,199.715,241.44,-33.2466,64.6849,-32.7153,136.027,206.246,128.814,169.241,-9.21884,25.4389,24.8557,-19.0038,144.34,-118.89,-74.3213,274.802,12.4804,39.607,-117.593,
		node -67.6224,-29.261,197.515,-52.6345,15.4873,137.556,222.541,279.059,-1.65438,-53.4485,-48.9353,32.1149,17.4601,47.3447,58.7948,0.723117,-22.3149,-70.4734,29.0427,279.849,44.2937,-162.144,105.597,-52.1465,13.0735,223.12,
		node -52.0119,-76.0399,-52.9523,-18.1872,211.958,-89.6722,148.945,107.426,-66.4428,10.7646,247.023,208.895,29.7896,-33.1159,57.8542,-68.1109,-60.4267,-6.36927,-98.0896,-34.2145,233.803,210.517,163.641,218.948,43.4706,18.5068,
		node 5.11349,-37.1735,13.1205,-94.0925,209.454,3.39232,229.804,256.622,-26.9375,-40.8208,-65.4465,75.55,-4.52967,6.98148,-25.5782,-97.2824,-13.473,-52.555,19.2764,-115.925,26.2144,-129.371,18.5971,-22.0762,-160.411,225.546,
	layer
		node 224.476,38.7241,-88.8466,-111.032,-89.0256,-15.2313,
endPlayer
