// Player40
stat 6
	layer
		node 66.7166,117.519,0.97162,167.614,-188.49,-57.8812,-205.789,-57.0379,97.7082,-209.557,-203.8,188.772,13.5783,-19.4685,127.615,39.837,114.042,-172.306,82.6932,-61.1975,60.8593,97.8306,-164.636,53.6015,32.0105,88.7016,
		node 117.444,41.5275,107.577,120.605,-154.826,-215.006,-143.381,70.8084,222.358,31.0363,71.5871,96.5435,115.133,15.9019,41.255,228.27,81.5357,-214.23,81.8253,269.988,45.9514,50.3464,-149.754,72.1931,-2.75752,62.6663,
		node -196.726,-172.787,-16.9781,97.1647,114.931,-44.8637,46.8976,-160.795,114.18,78.6897,127.043,237.043,-18.6581,179.804,229.747,94.7786,-195.459,67.463,49.0315,62.0646,-219.115,169.171,9.26242,123.207,50.0602,107.844,
		node -180.303,43.0848,-158.6,9.21754,188.905,-29.3307,93.2335,-7.45977,219.047,-86.2699,-153.211,82.9749,83.7628,-111.346,-11.8261,-151.79,-152.039,124.755,115.368,98.6046,-144.212,-167.641,254.227,44.2125,-182.672,77.5574,
		node 26.9882,-164.658,107.701,-20.0132,-207.21,80.5694,-153.143,172.783,49.4758,44.1875,73.317,0.414779,137.62,-9.74774,85.4886,91.617,-140.642,-197.306,2.58406,68.3625,-225.427,101.051,81.5307,23.2015,125.157,90.4022,
	layer
		node 71.6982,92.3646,-201.092,140.331,40.5488,73.9374,
endPlayer
