// Player27
stat 6
	layer
		node -15.8758,39.5617,-79.1971,-1.48257,60.6632,-71.4301,0.967251,-39.6011,-4.90124,-24.7102,42.8692,-38.2859,-186.478,125.394,5.44905,42.0542,-67.3688,-118.104,-83.3797,-118.508,-96.1971,36.2528,-64.0989,-77.0896,-13.4151,6.0945,
		node -31.8508,18.5665,-93.3581,91.8516,-143.367,-76.7531,-5.70742,-60.0776,-35.1941,-100.456,81.4653,-49.6799,49.3257,-58.4543,14.6204,-54.8375,-53.4841,-9.19851,29.8913,20.9452,14.6831,48.5252,109.365,35.6154,-56.5559,-92.0608,
		node -71.6264,-91.1263,-32.0757,20.3754,92.6996,21.7444,-32.3418,48.1181,-16.1508,25.5343,-59.5789,30.5683,21.7432,-15.4991,9.08453,-9.63797,-54.4231,-70.7714,88.7166,9.49866,-48.2326,-73.5085,-2.81083,-47.5927,-62.5621,-32.9929,
		node -68.4977,-6.74154,12.9297,-20.9729,18.057,-35.8654,24.5249,85.3378,-54.12,-57.306,-37.5685,-44.4545,13.7132,28.0542,-12.4446,-65.4364,85.8908,-16.2117,-97.4299,-21.0605,-38.0672,45.6298,45.5536,29.7969,100.245,-5.00051,
		node 3.24058,-132.588,-4.17862,-124.926,7.32986,23.1399,-75.7704,-30.181,3.82107,-78.7075,-67.5435,-37.2765,-5.8605,-89.1838,5.62007,-16.6139,-57.7544,42.3413,-16.5318,39.9331,7.72907,1.6852,52.5652,91.6583,41.5284,-46.2383,
		node -25.7019,-24.4089,-26.4403,8.99733,-65.2097,-15.6922,27.5266,-70.8298,-140.369,-125.212,-45.3675,88.0399,25.6062,-65.9697,-83.8675,-167.8,17.0409,63.9901,-68.5566,-55.2317,-114.747,65.664,38.0075,-32.5089,138.728,72.2239,
		node 88.9551,-71.6959,-55.1515,-16.9152,89.7335,-55.4298,-6.76893,33.9057,38.5506,70.6032,61.7828,142.833,-15.9271,-17.2762,56.7575,-50.3468,-44.2567,-146.198,38.7815,70.5946,9.99648,18.542,-101.525,13.3209,-53.7945,-8.36525,
		node -18.9959,-19.5884,67.5771,-8.9551,37.2285,-126.644,19.7231,54.764,79.2334,140.104,-98.7969,5.77088,110.503,-0.0191648,38.9831,15.1922,72.6327,105.552,-86.3938,-87.4263,6.30141,92.8817,-12.4388,146.796,5.47359,-120.113,
		node -96.2729,77.6163,-8.61152,52.4164,44.3976,-37.91,62.1138,-68.5993,-81.2271,-6.24439,-64.885,-3.06024,-117.699,-66.5175,5.51395,-20.3503,78.8285,-10.1584,-91.479,9.71106,-32.1361,-39.3951,-106.752,-61.0291,-28.5593,-27.6754,
		node -47.2563,-17.7847,58.2693,9.60561,21.7699,-188.221,-53.6382,75.4301,-108.847,-39.9523,45.8577,95.2252,7.62123,-0.151678,-52.1796,39.8862,-16.7978,-61.1203,-91.3873,56.0131,122.403,99.8517,51.5241,88.6618,-86.161,-98.4266,
	layer
		node -9.42166,-85.7855,97.1399,12.1558,-32.9436,9.66819,61.5265,8.51228,-9.67857,8.2873,45.1994,
		node -28.6662,57.8666,-81.0261,-4.75644,-0.0982298,79.0503,-26.2058,-32.4794,-67.447,-95.3864,-3.94008,
		node -16.1049,10.196,-105.105,-68.9987,-21.6293,-61.3717,-25.2576,22.0906,44.1205,44.7623,-11.1999,
		node -8.70537,50.3974,-69.9205,11.8925,-17.1692,-58.9665,-3.42682,-30.6026,-71.9529,-40.2626,-121.856,
		node -95.578,68.2912,2.80038,14.9708,-49.5549,-77.0425,27.8797,-69.5418,27.7729,27.3547,65.7639,
	layer
		node 75.683,44.5535,-34.6441,39.4916,239.507,-15.7535,
endPlayer
