// Player34
stat 4
	layer
		node 10.2872,-10.445,-3.67528,-200.729,44.3271,-9.19914,-55.841,-133.07,-136.627,-19.7057,-5.74298,-104.261,-99.8854,-65.5783,-85.8047,-3.57325,-69.1895,58.5807,-62.529,-194.269,-8.66733,23.1158,-29.0619,76.9752,-111.114,-81.1448,
		node -142.873,-164.232,-30.6785,-49.3438,4.07401,-42.084,-111.004,-31.7559,-130.535,-24.8048,-20.8702,-43.1068,-132.188,10.2287,11.2476,-31.1283,-50.1786,0.643401,62.937,-100.713,3.19529,-92.804,78.8106,0.338376,-87.8165,-3.70107,
		node -14.9654,-24.3242,-21.369,-60.5542,-107.352,6.86033,-107.351,-26.3605,-77.8974,-73.5192,-74.4218,-117.828,-88.7376,-121.566,6.83707,-47.0568,-103.886,32.1938,-3.93004,10.1084,-92.3936,32.8946,1.20753,-144.557,30.9472,-92.0108,
		node 16.7193,-124.355,-59.918,-24.3678,12.3776,12.7743,-35.5296,-12.1844,-96.755,-24.3722,-16.9276,3.43687,-146.737,-15.9007,-25.3975,-118.288,-66.0431,-108.616,-126.805,-100.239,9.92376,20.4075,-0.580539,-123.131,42.6561,-29.4141,
		node 120.442,-96.5151,4.03342,-74.1907,-158.642,-4.04483,17.3122,-86.8391,-70.7191,13.6332,-43.7657,35.0911,-9.91363,-29.4592,13.6263,-122.263,19.2091,-57.8605,18.7619,-75.3694,-30.791,15.4757,-75.0799,-64.9527,-20.3746,-107.091,
	layer
		node -111.241,-137.694,-25.9957,-121.976,45.9667,-72.6647,
endPlayer
