// Player7
stat 3
	layer
		node 46.1843,79.878,80.8459,88.4391,13.2632,121.159,-37.6508,93.658,55.7653,-15.1135,16.8831,76.2849,31.2973,62.4613,77.3373,44.2339,70.4826,-36.4246,80.4444,95.3653,5.81292,29.3817,33.0372,67.6506,49.5202,94.6986,
		node 0.0608968,44.5627,32.6077,19.2584,5.07792,23.8438,34.2746,11.2361,31.6914,94.5985,82.5505,73.0391,112.967,1.87729,25.3362,-133.597,157.733,9.22861,-1.17384,31.619,-34.4624,-85.4813,27.1954,15.5022,95.2876,134.289,
		node -63.7758,-77.3751,26.1029,23.1848,42.069,118.081,1.31485,41.464,69.4602,22.7825,-69.0703,-8.87145,-44.8684,-107.677,-37.5573,-51.4556,43.9358,54.4614,-87.2567,26.6421,70.0347,144.324,36.3223,43.1262,33.9169,-20.2359,
		node -9.71,-183.284,73.6421,74.9139,46.0017,83.2641,-63.3357,22.4964,34.6171,78.5801,156.071,107.823,80.78,39.041,103.03,-42.8396,123.153,77.3132,-35.6534,13.7425,118.206,10.101,-35.3391,139.087,61.4278,39.2461,
		node 34.684,10.2479,30.0925,-36.828,69.1553,1.19377,22.1804,44.0857,49.3691,60.0297,7.10237,25.3426,103.31,70.5186,-34.5754,46.4406,-46.47,109.622,47.3125,101.375,24.4792,129.942,-115.893,22.122,10.6814,102.257,
	layer
		node 2.56403,68.8111,-13.0786,13.8352,91.3792,18.0079,
endPlayer
