// Player31
stat 5
	layer
		node 22.8687,22.3976,119.381,84.0697,221.667,199.323,48.7756,81.5291,204.266,-88.6849,169.319,145.835,205.319,89.0736,205.176,120.357,-58.8329,171.122,45.6639,-78.1364,-79.9208,-31.6441,73.9952,55.7714,218.173,-79.361,
		node -75.5031,139.16,-92.9579,99.8916,-0.225839,-25.7595,-88,-46.4124,178.132,90.6382,109.019,56.5063,-78.8542,160.733,-87.2918,128.02,80.7845,-36.4604,98.1161,-50.9174,-66.0782,75.5638,-63.3714,31.0318,65.6687,145.395,
		node 113.582,179.404,240.306,219.148,97.4108,-88.3858,-60.8736,127.752,53.6253,2.12565,55.9782,0.523654,44.8555,100.962,213.044,148.953,-122.319,-115.473,43.6277,57.1099,95.6043,78.7943,70.0855,137.966,160.685,30.1374,
		node -8.36401,76.3768,46.319,188.503,88.6047,51.859,54.9751,141.098,171.074,35.5782,163.378,132.627,183.799,128.133,-80.301,-44.1658,103.13,155.069,-66.0064,84.6304,123.861,-88.2754,19.1469,127.355,161.001,131.94,
		node 6.50468,128.806,20.6397,153.984,117.411,60.0541,-63.5238,9.81996,215.075,-46.8761,173.202,-32.9501,-6.94254,60.8327,89.5608,20.2914,108.778,225.229,54.4373,-1.19945,-99.4376,-120.362,12.2701,130.516,85.8877,96.8351,
	layer
		node 77.8511,-20.1831,98.4985,191.528,136.808,196.126,
endPlayer
