// Player1
stat 7
	layer
		node 160.067,95.2244,117.198,90.923,224.733,198.545,-21.0816,-100.896,207.749,72.2041,192.491,40.5852,99.4014,95.8077,200.187,-39.8619,171.688,155.787,21.1896,227.803,80.5974,159.006,-93.7164,52.3172,179.036,-74.3841,
		node -64.0834,137.954,101.098,-62.0226,128.16,-23.4817,-8.12818,-45.494,173.037,112.137,120.44,56.9468,26.8995,156.621,36.4648,132.039,186.024,-28.1977,-3.63513,113.345,197.797,176.809,15.124,32.9462,129.092,152.457,
		node 127.192,180.511,-32.0433,218.715,109.885,-98.573,209.506,137.429,67.987,139.131,111.298,0.292344,70.8054,36.0376,3.03921,156.348,-123.616,174.369,-81.8947,51.965,104.768,165.655,76.521,109.837,77.8941,8.80059,
		node 136.366,18.4018,55.9016,198.878,6.8672,72.0214,62.3743,-64.197,50.8483,66.0759,178.602,132.513,94.1414,61.3524,-86.2781,-56.5325,143.549,-75.7449,93.8532,123.432,-88.4798,189.301,175.17,116.824,170.641,-57.8959,
		node 35.5817,135.468,42.5207,156.381,-99.0821,130.858,-92.7524,26.6006,80.1613,110.31,-57.8861,-31.2208,-13.6632,16.8104,75.906,96.1717,106.452,71.1938,57.5164,74.5976,-91.0282,-105.105,176.07,21.8661,40.8226,229.787,
	layer
		node 239.186,27.8853,-0.61132,-46.5713,78.3286,218.043,
endPlayer
