// Player30
stat 6
	layer
		node 18.9508,22.0654,117.951,93.5391,216.813,196.429,42.0789,136.09,208.327,-87.7149,173.949,67.4573,204.182,100.174,199.338,116.232,-50.8484,167.269,24.7691,-76.7041,-81.4024,118.271,64.8816,54.292,219.956,-77.5331,
		node 1.48773,101.787,-88.6242,-59.1788,119.865,-46.2543,-85.8737,-7.74581,180.282,83.9576,88.6075,-77.2493,30.3656,168.758,54.2447,57.7718,81.9037,-20.186,89.6713,111.169,-67.1986,174.581,-73.4182,28.6309,62.206,146.452,
		node 132.857,58.985,-29.9501,196.818,172.252,-92.9099,-69.5135,133.828,68.1499,136.337,58.2723,144.161,44.414,180.943,197.724,153.679,-121.578,162.013,39.1422,102.178,126.595,79.4024,76.8555,127.834,29.9832,28.7044,
		node -81.5998,-69.3657,102.982,173.821,95.284,70.2051,72.6103,-62.8392,140.834,36.6707,157.515,132.825,180.834,54.6621,-77.5036,-56.1264,139.593,-75.511,107.505,-72.2871,121.553,-90.8813,174.121,152.718,176.525,-65.5251,
		node 7.1232,128.849,102.163,153.587,-11.4396,129.364,-32.34,11.5488,214.636,-46.0345,79.005,70.1464,-11.2868,60.5965,70.0003,20.3649,174.742,51.96,53.4288,-0.611194,56.1324,-119.319,13.7802,136.481,83.2347,101.482,
	layer
		node 174.932,103.086,208.2,74.6235,134.996,132.001,
endPlayer
