// Player33
stat 6
	layer
		node -130.754,-118.056,97.2646,52.1076,69.4715,12.5423,-12.1236,10.6861,8.62837,-45.3835,-37.4293,94.2861,10.6739,205.013,85.9421,-101.993,-1.86447,78.7944,57.0697,-89.5324,-82.6106,-10.9772,30.4434,55.9154,77.5743,79.0287,
		node 52.2781,44.4716,-38.4661,-107.213,148.086,0.473322,103.213,-137.243,-149.064,201.122,-76.6559,48.9903,-246.539,11.8328,68.7783,215.496,-209.958,-180.458,21.6118,-8.45709,86.4777,39.9467,86.6191,171.758,-66.635,-206.005,
		node -64.2071,91.5166,-86.3785,-68.7645,-72.2873,-34.2807,121.211,60.7684,191.297,42.172,95.2325,-31.0718,58.5158,-42.6967,95.1387,-40.97,-264.907,7.27401,80.5099,-57.4952,-51.8322,-8.95463,154.36,-37.2028,-39.6528,-26.8023,
		node 41.1722,-304.778,-47.7843,116.829,14.844,5.67459,298.568,22.2303,101.349,-82.2503,-113.962,172.16,-32.3136,-49.5347,91.0222,68.1256,191.989,279.433,-4.87959,-79.7329,-7.64894,-133.061,3.06546,-41.653,-65.4575,-86.0442,
		node -129.58,-244.572,204.74,-87.3636,-170.988,53.1383,-28.2272,-47.8049,129.61,-125.583,-201.058,-80.7943,-92.4455,-114.569,148.309,2.79859,45.7048,81.052,77.6656,-4.51436,-135.612,215.703,105.481,28.7727,-52.2371,403.891,
	layer
		node -11.8289,-236.176,106.217,17.723,-191.892,403.153,
endPlayer
