// Player56
stat 5
	layer
		node -119.64,-138.616,93.1688,102.252,88.1294,38.8831,-0.468859,-1.87366,3.77171,-31.8155,-35.8639,91.3722,30.3049,250.021,82.0469,-106.75,3.63779,91.8646,78.1752,-108.996,-87.6667,6.59931,27.4364,59.4735,76.3052,71.6362,
		node 54.7561,51.487,-67.9391,-83.1434,124.408,-0.116634,94.1534,-119.685,-175.62,198.578,-59.2879,77.1282,-244.931,13.2068,49.8227,221.007,-204.239,-172.34,-17.826,10.5962,99.6742,47.2569,100.123,189.885,-52.1602,-203.784,
		node -87.688,87.846,-85.0128,-65.1419,-100.734,-35.1868,120.665,60.8363,214.451,32.4587,98.4464,-25.7393,34.8375,-39.9369,108.271,-37.2753,-249.602,-5.13585,70.4711,-76.7637,-2.06234,-57.0199,149.791,-32.4063,-14.6005,-0.00658552,
		node 52.5194,-275.372,-13.1173,107.949,-0.973883,14.4783,308.301,14.3915,124.585,-75.9551,-119.646,174.435,-38.8263,-59.5792,114.198,71.9024,188.308,278.497,-15.8549,-89.2201,-0.789328,-99.4904,2.35543,-39.6439,-37.1617,-95.1652,
		node -120.069,-254.21,204.492,-88.8305,-161.981,27.0233,-33.1976,-28.4267,122.236,-149.746,-205.401,-68.6025,-129.761,-105.651,144.417,-10.3573,46.7084,90.873,100.691,-24.3123,-124.566,225.159,106.109,19.8569,-63.7966,431.975,
	layer
		node -17.5447,-248.291,86.1355,33.4338,-187.615,407.318,
endPlayer
