// Player45
stat 6
	layer
		node 17.5536,-23.3384,-12.4269,-44.9134,-21.2331,-3.78234,-28.9596,-21.6905,-28.7571,-9.09741,-27.3784,-28.3787,-15.6114,-40.4666,20.4118,3.18807,-3.99861,1.11437,-20.6337,16.3073,5.89713,-27.5074,6.84129,7.47772,-27.1848,-10.6534,
		node 52.8251,-10.8162,-12.2816,4.96394,-45.4618,-1.60451,-25.6414,15.362,-13.3088,41.1849,-1.02022,-30.4473,64.029,12.8948,40.1617,-3.63431,-2.62244,-3.20117,-6.163,12.8485,-5.19764,-2.75754,39.5158,20.5233,-3.41509,2.96232,
		node 27.8186,-13.2683,-39.0498,-1.91939,-0.310249,47.7383,-1.1175,-45.1799,-25.3603,27.2867,47.0216,-0.375288,-14.428,-32.9422,21.8412,37.0296,20.6536,43.1934,65.9435,-1.89785,-17.8048,23.487,24.8598,17.7168,3.51853,12.9172,
		node 40.8341,-11.376,-33.5903,-21.5465,-10.4236,22.1444,6.0443,24.1069,49.3631,26.025,-21.7437,-5.28004,-12.8695,-11.9012,-26.4138,21.0033,-31.6581,-18.5258,15.9539,-20.7565,-39.9982,-24.2023,18.1806,3.60094,18.1815,-25.7678,
		node 23.5311,-5.48508,-66.5452,81.452,7.56119,6.75604,-10.026,9.80126,-5.48033,-50.382,12.6361,-15.3321,-23.5888,-71.1164,-42.1522,-58.7538,-23.8511,4.49119,-19.4485,3.25948,13.9485,2.56349,-17.8031,-17.756,57.6399,27.4557,
		node -13.4805,-46.0785,35.2957,-81.4557,22.6415,-23.0789,-50.5024,16.5459,2.8229,36.4605,48.3248,54.7602,-11.1891,-42.1859,-15.6143,50.5809,38.3032,-10.3213,19.6654,-28.3224,60.6104,-45.7774,-40.5944,-28.9678,15.54,5.31861,
		node -32.7926,16.7425,45.1016,46.8419,28.1795,-14.1602,-4.11115,-63.9148,-66.1108,-33.7951,1.98965,31.915,-21.9397,-6.41335,22.8852,22.374,34.4721,6.5446,2.82134,-38.3126,-73.3406,-4.45915,7.15414,-13.0342,-12.811,-12.4154,
		node 56.0542,-40.731,40.6619,28.9632,54.0615,1.51602,-48.112,12.9854,5.04552,14.1516,29.8057,-15.4026,-38.8299,77.2978,25.296,33.4392,-15.9261,35.0843,-4.28511,-13.0598,36.5827,11.767,-46.3485,-19.1606,-25.4791,3.69861,
		node -8.67859,6.16971,-29.2045,-14.7545,-14.3881,2.88336,39.4975,-26.6212,82.3958,49.9293,22.759,8.67132,-31.9926,45.9472,-4.15952,-14.9506,13.8614,-32.3965,-21.347,16.3152,-10.7115,3.63327,-34.8705,-5.91082,-20.6528,6.66816,
		node 38.6914,-1.35055,-14.2352,30.2921,58.6495,60.5821,-11.5131,55.2944,-9.04066,32.0957,-0.0542596,-42.1709,16.4339,36.9794,56.5446,49.0503,21.7417,2.68714,18.8379,-60.8649,4.79975,45.1624,36.6287,7.74047,70.1934,-68.8635,
	layer
		node -28.558,0.102285,-25.7312,-44.0948,33.8267,-29.2742,-17.7164,-31.1028,-52.1244,-1.89681,9.82244,
		node -47.9962,0.576988,39.4653,-25.9355,-12.7205,-53.4848,-3.1257,-30.0703,47.2146,-1.88511,-19.6575,
		node -26.9258,54.9386,33.4376,-22.5094,-28.9616,-69.646,-54.5005,-2.7445,-21.4913,28.817,-41.4898,
		node 32.1685,-23.2731,12.8747,-54.1438,40.907,-4.28178,-22.3042,-17.1703,-12.5266,37.1428,-33.3872,
		node 10.1568,7.50808,-37.1397,44.3075,6.88854,35.5677,-20.5469,8.45549,-2.83075,22.6859,-35.3062,
	layer
		node -4.50003,8.46492,24.5573,22.315,-6.65049,-4.92744,
endPlayer
