// Player37
stat 6
	layer
		node 25.6079,-15.2913,-23.0837,-32.149,-28.6969,29.2565,-29.4366,-30.5193,17.192,18.4782,-35.3483,-6.11952,-29.3492,-40.3456,20.8506,50.3598,-7.38977,-20.1521,-8.86986,17.1896,-10.6854,-29.9983,-13.8499,5.53151,-6.89225,-5.41892,
		node 60.1383,-9.33275,19.442,2.07208,-59.7792,-28.6961,-32.5012,-23.9539,-20.3835,35.6077,-17.5976,-33.1383,-58.224,13.6259,11.1351,-9.62182,6.2003,-33.8701,-5.40896,7.54814,-18.1395,22.9862,16.5131,21.2483,0.452902,32.7566,
		node 22.5045,-13.6739,26.5453,32.1956,3.0373,54.8304,-13.5686,-46.0532,-3.9886,23.9744,25.8354,21.124,-18.0854,-36.2468,-18.756,40.9639,17.2335,29.4492,68.1669,-0.317033,9.01126,-47.1727,19.7196,21.7348,2.24827,-16.2309,
		node 49.782,-16.2866,27.922,-20.7753,-9.42759,39.0786,0.89275,-63.6585,50.2336,-52.9835,-7.80132,-1.41968,-12.9411,-3.02305,11.0397,-13.3331,-29.3652,-6.26726,32.5412,6.13719,-19.2891,-30.037,16.5523,-19.6389,32.047,-4.66829,
		node 20.5145,38.8031,-66.7987,63.3349,-10.1027,-26.2093,22.5161,6.96242,-3.77104,-34.016,63.7259,-9.62492,-26.1585,20.2929,35.5088,-10.1873,-48.8229,3.14198,-21.9244,8.73474,19.6555,-4.81218,-16.861,11.4537,56.4315,26.0649,
		node 13.0739,-29.9677,-10.3518,42.846,14.3021,-23.5898,-47.1806,8.02867,-22.1473,29.4849,40.5494,46.4725,-28.2287,-34.6479,-13.8338,47.9987,37.5085,-13.7955,29.2365,-31.3862,-40.312,10.1727,14.9448,-5.08509,-7.49685,-22.549,
		node 15.5513,25.5768,44.5223,1.69169,29.1664,76.2003,-4.05518,-76.2035,-62.1455,2.62117,21.8013,44.3665,57.7058,-15.9019,66.3537,24.7437,44.8798,-27.8405,-6.88212,-37.5884,-64.2996,-36.0576,58.3415,-17.1984,-15.4444,-38.4437,
		node 52.9075,-21.4575,-64.3411,32.8922,45.9763,-2.96638,-59.0674,15.6787,8.37647,2.52675,32.8372,12.5061,4.60941,87.8425,-32.6792,32.0456,32.9251,-21.595,-2.70555,9.7536,-2.67286,-28.2704,-45.639,-18.479,15.3794,-3.04295,
		node 32.0923,5.28512,-42.4744,8.74682,-6.18829,5.02049,-33.2301,-1.19262,6.57487,35.9496,12.6875,-19.4467,-9.70646,51.4777,-19.2667,-12.7121,35.6929,38.0678,7.80259,-21.0131,-7.56979,-7.34546,-40.3839,4.4581,-26.0658,5.78422,
		node 49.3275,-2.7932,-14.1859,4.34752,-41.9381,68.0751,5.52596,1.55604,-10.802,35.418,-6.22479,-11.7547,14.8216,-20.4685,-4.20431,61.8823,13.5632,3.04618,17.5033,6.8499e-05,15.1007,-52.1517,12.2311,1.13538,-92.6997,-40.3242,
	layer
		node -28.5874,1.20345,-26.6823,-13.5991,34.2802,24.4474,-43.3863,-23.3213,-2.27603,-10.8406,5.94554,
		node -48.8856,-27.0379,18.6352,-31.4073,-41.5593,-30.1759,-2.87356,-60.2515,-44.0918,-19.562,-19.307,
		node -27.0676,-26.0224,-24.368,-23.0277,40.753,64.3406,48.4761,19,1.22844,29.8528,-40.6529,
		node 34.9904,-25.0985,-6.74289,21.4303,-2.1266,13.3417,-9.14451,-74.9259,-28.5024,32.2872,-38.3807,
		node 18.5412,-49.4942,-30.1636,-27.4449,45.5783,-7.12752,-8.30966,10.2234,33.6973,-51.9276,-6.09678,
	layer
		node -9.35694,16.672,0.265923,-0.91099,25.1901,-40.6601,
endPlayer
