// Player58
stat 3
	layer
		node 20.9042,-6.12031,-27.0857,-41.7425,-33.3565,0.646874,-26.2366,-24.2933,-23.5386,-11.5532,0.29946,-15.776,-13.9942,-30.4166,-11.5427,-2.46181,-9.18176,-7.45955,-14.6077,-10.3966,-24.0153,-18.7736,-16.0849,-31.6395,53.1128,-11.0577,
		node 61.9579,-4.59532,-47.6614,7.6363,-45.0029,-44.2169,-12.6334,4.06557,4.02603,40.2522,5.79558,-35.5268,-52.3271,10.4966,31.2266,-30.5713,7.31786,-5.59742,-20.8468,22.961,-21.5661,26.36,-12.6757,43.3045,2.06384,30.7536,
		node -25.5857,5.59091,-38.5583,26.6547,-12.5383,-53.6534,-13.2494,-47.5957,-15.062,41.717,22.0503,-3.87351,31.4128,-33.646,-19.7293,37.382,1.57396,-7.02557,64.1062,-40.0173,15.5355,-30.6045,26.2745,9.03805,13.4819,30.4317,
		node -9.05972,-17.1115,29.9462,-14.0019,-10.1434,3.62734,15.8993,28.1766,9.54875,-45.6545,27.4364,8.08674,-5.08963,-18.6099,8.39348,33.7609,10.9936,-12.1833,20.3443,-35.505,-29.3347,-43.22,-28.45,23.561,18.2936,0.0800572,
		node -9.93586,-1.56946,39.6161,67.9492,8.48641,-40.3063,8.7759,46.6009,16.6917,-49.637,60.816,35.1606,-36.9404,-67.186,-25.6534,0.164842,-51.9464,-40.7954,-3.77701,20.5862,21.7509,-3.7558,18.4932,-14.1584,50.4512,25.8629,
		node -6.51819,-24.2966,8.05627,-17.3247,12.6062,-21.0673,-44.1948,12.2128,-20.7757,-40.8446,34.7986,78.2324,-11.4737,-32.1107,7.4279,47.0037,37.209,29.3371,-11.9071,-32.9724,-15.6094,-49.8458,73.4364,-1.85146,39.5663,8.97305,
		node -30.6631,22.9551,-41.696,-3.61902,30.856,-21.7243,15.307,-78.0782,4.02116,-75.318,10.5242,46.872,80.2388,18.8361,62.6949,0.748726,-5.95588,-30.1414,-0.531482,-36.3672,-2.89039,-33.4173,0.683236,-45.4824,-44.212,-37.5065,
		node 56.949,-19.464,23.0744,0.32696,41.2092,2.19889,-57.4658,16.3057,-32.6102,22.1013,21.1335,-32.7427,-19.8568,-9.43095,16.7578,10.8404,17.0545,26.0917,79.5175,9.1813,2.69705,-30.9865,-51.6824,-7.53385,13.6275,-3.84224,
		node 37.5088,12.868,-50.7769,8.84261,-28.4098,5.9382,-43.3152,46.0145,7.06186,38.4957,31.8105,6.63623,-12.6249,46.7624,-4.69787,6.508,-24.1117,50.0614,11.238,-44.7521,-15.9794,4.13807,-41.3288,12.2071,-27.9654,-0.695236,
		node 54.3148,-39.3485,-12.0001,-12.6086,41.7097,83.5464,-2.48384,19.1853,-12.8918,26.6302,11.2933,-35.9738,15.5837,-27.0584,67.448,54.8824,-27.6533,-0.0542006,12.845,-62.1498,16.3425,30.8238,27.1166,-20.1064,-36.6632,-51.5855,
	layer
		node -22.0299,-24.6619,-35.1447,-10.7802,19.0262,46.5169,-52.794,-13.9328,-47.0909,-26.0793,23.9374,
		node 0.959677,24.8099,-19.9401,0.811909,-19.665,-30.3791,18.3693,-2.5727,-26.6773,-11.5691,-9.32886,
		node 6.63133,-25.3289,36.3212,5.49253,29.7397,-51.2006,-20.8228,-13.7476,-1.66832,18.8444,-50.0094,
		node -0.218611,-46.2172,-4.23658,-40.201,23.1251,1.802,-22.6393,-71.4655,-22.4656,-55.0114,1.38753,
		node 17.6225,9.56737,2.89039,34.0302,30.796,-4.64718,-10.0046,14.6847,0.902643,-41.3272,4.48325,
	layer
		node 28.9746,27.0874,-33.8217,-17.5782,-10.1664,-27.7769,
endPlayer
