// Player52
stat 6
	layer
		node 104.155,-33.7946,33.6539,-15.6111,66.283,-15.3013,-27.2341,-23.9152,-74.6419,-74.0491,-9.55459,77.1113,18.8688,46.6308,-11.8397,-95.7888,10.0312,-39.3757,21.6656,-33.7005,25.2558,37.1647,3.53446,19.2423,-52.8802,-96.5725,
		node -1.50473,-122.776,56.4875,-67.6223,48.6456,-51.0161,-31.7085,34.452,-113.156,-9.16688,-49.6312,66.4292,-53.9625,-41.0037,0.672499,-13.688,-29.7463,32.871,-28.6609,91.6857,27.5796,-18.5189,-90.5037,-6.02023,-105.539,30.7058,
		node -37.5153,-79.8787,-20.4196,-49.1317,14.2827,-38.7289,20.1553,-27.2819,-21.0421,65.721,-20.3134,-39.696,-38.9333,-63.371,-6.59392,-32.3472,-91.87,-47.3379,-55.7936,-47.7426,67.623,-18.3308,14.7846,-59.7869,-32.7847,-23.4979,
		node 87.5753,2.62577,50.1275,-41.0941,-1.70455,-46.2353,-1.9625,-50.2468,24.4463,-123.952,3.52437,15.2867,8.5675,-43.0401,-23.3536,19.2838,-80.2937,42.9841,-25.8875,34.0031,-19.5335,-71.2855,8.07641,65.1274,10.024,45.2523,
		node -51.1145,0.878684,-66.3833,121.522,-15.2407,-109.692,-29.5066,-68.6202,-11.1522,-81.2028,-28.8153,1.76741,-2.32345,-92.2543,3.83253,-70.9595,92.1249,-26.3017,-100.622,32.8153,-104.73,43.0073,38.8725,-68.4817,-39.7339,-24.5268,
	layer
		node -26.2326,-29.5796,2.90073,-8.06991,18.402,-17.6013,
endPlayer
