// Player10
stat 6
	layer
		node -83.4603,1.76725,-14.7939,-88.5263,-31.4404,-30.0321,26.0426,-100.265,31.1853,-66.9369,39.1533,-19.2051,112.188,101.285,57.0423,-70.8743,-42.7124,-95.8398,150.882,-81.5869,-134.267,52.0161,-0.3707,-96.9679,118.07,-60.3196,
		node 116.386,-16.9197,-60.8799,-4.37099,-31.9205,60.0474,-35.1506,-37.8314,-177.033,-99.4289,71.0958,18.568,77.3984,40.9141,73.4366,-11.1007,132.134,-49.1712,-48.229,54.7631,-5.1276,-0.422308,-63.5427,-6.22411,36.9378,38.5199,
		node 40.2833,-69.1566,38.1536,73.7511,-61.4483,32.0743,72.8601,49.7295,-68.6301,-3.25297,-55.0765,-3.80631,-171.52,21.3489,21.5577,39.6165,-65.1319,45.2129,56.6234,-44.1391,98.1564,-42.87,-86.7692,7.46751,-40.2009,-86.3036,
		node -63.4825,-43.8942,-18.0588,-74.9162,30.0825,-72.1785,-2.75433,75.0278,60.2661,1.886,-122.782,35.4714,-33.7492,72.482,145.382,121.033,48.9535,-72.1379,183.388,-0.886949,-78.2474,-20.0456,19.6708,-42.3034,66.8552,-65.7522,
		node 33.1779,-103.64,-63.2313,-29.7622,-58.0199,-51.1137,-77.2751,41.6299,-143.455,2.24456,38.2613,-37.1475,-88.0683,69.5394,-22.3961,-114.645,5.00835,161.732,92.5312,-36.4817,-27.4951,-129.743,39.4223,-74.5786,60.2804,-17.5387,
		node -49.1545,-73.4313,34.7008,-58.2625,-8.0711,-21.7721,-135.712,-98.5157,-46.7174,-94.3616,7.65614,-74.3074,25.8087,73.5705,66.3373,-47.4027,21.4834,-133.099,-28.9087,-49.4806,-114.117,-33.8798,30.25,-62.0417,59.7009,142.76,
		node 46.6752,125.78,-21.9028,9.17072,-72.5185,133.886,-3.59509,-22.7402,45.8507,98.8545,30.9239,0.29468,70.999,-41.7528,-106.837,48.7864,-1.7123,-85.035,-19.2212,58.3719,-75.2149,-27.7471,152.781,-93.1263,-23.5236,-2.88352,
		node 36.3143,86.3313,-134.935,56.2161,51.004,86.0201,-55.0092,-94.0815,-6.71921,14.3555,-71.4166,86.0602,-136.313,-103.786,-43.5671,60.4797,111.346,-7.26748,87.7511,-49.6394,-104.759,88.2694,24.8253,8.36719,20.6504,-107.884,
		node -63.6346,-83.5262,27.6663,-82.3353,-54.6554,49.5436,68.5372,100.308,-50.413,-32.6496,-37.0808,-19.11,-89.1942,16.7063,76.1867,30.9993,-35.5373,88.3265,101.706,118.035,25.5841,-132.853,-54.5878,-13.5981,87.3327,132.002,
		node 57.0474,85.9239,-13.9714,75.6971,-127.076,-6.24691,-72.5946,88.9516,-136.563,-13.2591,-36.597,125.058,205.946,-71.3379,107.12,16.4168,26.8289,-77.2751,46.2393,66.5724,-115.122,36.3521,113.847,-40.8732,-4.40868,41.7584,
	layer
		node -118.296,-91.1553,64.3053,45.5844,-101.075,-8.58946,4.28951,68.229,94.6625,-104.751,-101.896,
endPlayer
