// Player64
stat 4
	layer
		node -90.0738,7.31054,-21.5886,-85.9588,-43.8631,-29.1515,42.2864,-116.413,-30.8006,-69.8692,93.4812,-69.1686,62.315,84.238,50.7734,-61.6853,-49.254,-72.0661,-180.256,-56.3987,-148.085,64.6741,-61.8122,-128.961,50.321,-34.5012,
		node 111.706,-22.9941,-52.7293,-106.171,-60.8772,51.8391,208.171,-39.9176,-98.4177,-68.897,79.4188,10.4858,43.4972,45.7679,-18.0459,-6.97277,130.241,-59.8062,-43.2046,20.9232,69.2995,131.491,-51.6963,10.7938,23.2533,41.1602,
		node 33.842,-62.3464,31.1542,61.7654,-68.1534,12.485,61.517,48.2566,-64.6328,-5.59187,49.7358,-39.1945,-149.663,21.4994,29.6739,58.5421,-60.7031,-71.4134,56.8841,-65.2481,-46.1306,-32.8936,-88.3292,-2.27533,-26.9509,-69.2442,
		node 0.629834,-46.6183,-10.1695,-36.5525,28.7227,-69.8899,-103.144,76.0936,-14.0293,-5.33437,-138.769,34.7409,-34.0681,64.8802,140.489,103.379,-5.80583,-98.5918,55.171,-48.8663,-79.0629,-21.475,34.8901,-6.65668,81.723,-95.3279,
		node 29.7623,-99.5714,-64.6415,-3.28794,-66.5073,-29.0094,-63.5399,-123.03,-139.017,-12.7162,18.0499,-37.3278,-67.5924,72.0037,-36.5963,-106.277,-14.3439,143.89,75.2761,-40.8091,-23.1956,-118.188,-152.731,-45.0116,63.3126,-33.8743,
		node -25.3738,-74.3333,-92.0928,-73.4906,-26.0256,9.38098,-137.119,-92.8355,-40.6639,14.2242,23.4731,-80.8368,50.3788,85.9758,58.7805,-43.3659,27.3716,12.0779,-15.1546,-49.9019,-106.585,-32.6187,55.1066,-67.7831,83.4845,107.613,
		node 23.3861,45.3094,-113.99,-161.861,-68.5616,123.448,-11.6311,-11.5178,46.2123,54.9924,36.6185,-31.9535,18.1476,35.9372,-103.39,-66.2352,-3.09086,-78.7715,-25.6771,52.6563,-69.239,12.7075,155.242,25.5448,-21.2838,-0.646256,
		node 33.6127,87.454,-128.606,48.0168,48.4342,95.7065,-53.0752,-78.9146,-44.8186,40.038,-51.7449,36.5971,-115.293,-104.024,-52.5816,58.9103,112.809,-8.16468,85.9534,-34.2586,39.1199,95.1748,-33.937,59.1839,40.2807,-67.6576,
		node -62.4433,-78.5816,28.6326,-22.8426,-75.3824,36.1417,73.6217,89.1209,-71.2766,-18.367,-34.2807,-18.9664,-84.2293,44.8316,102.896,37.1317,-34.5651,100.758,-155.689,104.384,14.2394,-111.484,-60.5996,45.1562,-15.6861,137.905,
		node 62.0869,85.2372,-41.3732,80.7794,-127.99,15.2879,-69.6236,89.9486,-120.884,-17.5421,-41.6738,108.926,28.3561,-80.9449,109.624,61.3692,28.0718,-110.808,-80.3008,40.2342,-124.12,10.9302,142.88,-43.2215,-18.8429,35.1783,
	layer
		node -59.8062,-123.209,8.59302,52.145,152.254,-132.625,-76.842,-10.9378,-65.3829,-10.6464,55.68,
endPlayer
