// Player68
stat 7
	layer
		node -4.14694,2.44338,-55.1103,-87.812,-36.3204,2.14878,13.5508,-171.861,-27.7798,-66.1967,141.467,137.732,114.808,-47.3395,35.0912,-62.2138,-39.4475,28.2527,150.715,-78.3011,-133.756,48.7578,-6.58848,-100.5,112.592,-62.5813,
		node 127.212,-14.7319,-49.1119,-113.704,-68.2957,53.4165,-40.9028,116.224,-174.418,-79.9361,58.8124,5.22811,66.1304,57.7913,82.0274,122.536,-133.413,-54.6356,118.891,21.3406,-50.1292,-15.4296,-57.1952,2.52423,191.07,37.9164,
		node 35.2991,-69.9771,44.4201,89.5408,-69.648,14.8826,75.3436,56.267,-58.6957,-13.4534,161.922,-0.747694,-152.841,-9.12337,27.8911,45.8114,-73.7902,81.3497,73.6705,-66.4413,-35.2595,-43.7499,-71.8757,10.0328,-22.4162,-64.3373,
		node -11.4432,-33.8555,-14.5912,-80.2386,29.2933,5.975,-111.036,-40.124,48.0008,-2.34935,-123.928,57.7312,-23.5768,62.2068,125.499,119.852,6.14819,-120.943,59.2371,-4.47656,-63.1673,-18.0419,14.8905,91.1986,77.7214,-101.563,
		node 35.8523,-105.089,-55.858,-51.8623,-64.3651,-45.6353,-66.1731,24.7454,-122.583,-19.2233,13.2826,98.1454,-97.0454,56.5291,-27.998,-110.424,-6.54227,154.953,83.4814,-48.2293,29.69,-113.985,36.8544,-80.1373,-33.8512,29.6999,
		node -56.7712,-7.89948,39.0119,-44.8345,-20.7149,9.03303,-128.699,-87.8561,-47.2406,-161.19,15.9214,-76.0842,48.3706,-35.8462,66.4891,-43.2469,20.5808,-154.811,-29.9083,-37.2351,-104.082,-28.2614,41.0271,-65.1227,87.4076,-18.5788,
		node 46.777,114.924,6.31656,30.3213,-63.6193,97.5316,-10.6199,-18.8615,26.3732,86.1814,44.3986,19.4145,25.888,-44.7536,127.184,54.5579,-3.34556,-79.3523,22.0314,52.5128,-119.543,24.3139,42.7775,-82.514,-32.3292,-5.46889,
		node 22.0929,83.9491,-5.27145,49.9248,-1.56272,88.1437,-44.9093,-72.6999,105.861,21.6657,-79.4207,20.121,-133.855,-98.6106,-46.7312,52.9068,94.2216,-8.60879,80.9593,-35.8795,-56.9212,71.7191,28.6384,52.8417,-45.2792,-72.018,
		node -84.9841,-78.5769,44.4925,-19.2189,-54.6164,171.578,103.013,95.3102,-62.7947,-71.2477,-24.8032,-14.1672,-94.5846,50.903,100.827,38.8941,-36.9354,79.4959,-159.719,100.423,19.2465,-7.7042,-58.6682,-20.6679,90.1881,131.031,
		node 60.608,-88.3609,89.1966,73.3484,-132.046,21.4147,-75.1213,18.6653,-135.724,-25.8147,-79.2001,104.469,194.219,-65.8476,-36.4526,37.129,21.0648,-118.199,47.3138,25.2343,-94.6172,14.3376,140.304,-45.5792,-14.6653,29.9341,
	layer
		node -142.422,8.40496,-63.356,2.42825,-45.2792,-57.4856,-7.695,85.8032,102.476,-53.694,-23.0187,
endPlayer
