// Player24
stat 7
	layer
		node 8.30544,-43.9448,20.1005,-70.3632,28.0898,30.6162,36.8419,137.172,22.0023,-73.061,-9.30991,-56.4211,-8.76991,63.0317,-32.6658,112.302,-3.81652,59.006,6.7122,-131.959,99.3441,127.25,55.7191,17.7038,-63.2527,39.4481,
		node 84.2898,-43.8221,21.5134,51.0387,-127.187,18.2376,30.7645,-67.9633,12.4266,93.2436,37.6818,-91.8921,31.5943,67.7894,54.6996,52.7682,62.5466,44.522,-32.2445,-24.0414,5.81632,-45.2798,-26.3581,10.7253,-76.8693,51.439,
		node -76.0312,-14.5905,99.9538,-42.8351,0.780013,-35.3389,53.7649,-21.6336,56.8699,49.2789,14.3143,-80.5006,-17.6789,100.35,102.62,106.463,-26.9295,77.6534,96.4836,4.19631,-4.03827,70.4245,151.362,-8.86788,-66.1247,50.9099,
		node 57.8512,68.4877,-27.0039,15.6232,51.0418,-21.0922,-75.7419,52.7685,9.74915,44.508,8.46684,49.1968,-104.434,49.3249,50.5352,40.3376,127.634,-10.207,44.1398,110.749,119.545,44.2194,144.225,47.4365,144.831,-101.177,
		node -13.11,-19.6176,-24.9275,112.948,-22.9823,-24.0965,101.236,39.6298,58.7235,-74.5139,-11.3578,-124.117,23.8952,30.1887,80.8091,-59.437,-87.6803,39.1239,48.7258,6.41816,40.2575,130.316,20.642,138.854,126.113,-86.0743,
	layer
		node 99.6022,87.8148,53.9772,0.573955,-69.9711,24.569,
endPlayer
