// Player23
stat 5
	layer
		node 90.3453,-44.7841,-20.9271,-59.6494,96.5284,27.9666,33.7127,137.514,28.4538,-61.9813,-6.05333,49.1118,-14.1611,0.0201893,-32.062,49.3855,-5.04229,-28.6044,85.5587,46.0609,-28.7395,121.684,49.0622,19.1281,-61.6965,57.9023,
		node 58.1394,-22.7831,72.9266,50.5909,70.2946,13.9651,-44.7729,-43.9338,101.677,93.4568,-14.0848,90.0882,27.7422,-59.8591,52.8253,35.6474,56.5768,75.8671,-35.5238,14.0414,121.955,-35.8847,-28.2489,36.3175,-76.9316,50.92,
		node 58.5386,-15.1553,108.349,-43.9572,5.62332,142.905,54.1395,-4.74526,58.778,51.1019,55.0063,-81.9359,-63.1508,-48.2662,-102.288,119.87,-48.1164,20.0912,77.2615,4.07478,83.526,48.1267,37.7553,47.7198,-26.5985,47.0793,
		node 59.1205,61.5974,70.9239,22.6499,49.6325,75.7581,81.2863,11.8378,3.44932,-0.915428,11.8214,50.8027,-98.9695,51.2082,84.9298,38.643,122.029,-48.6472,45.0282,-15.2999,14.2844,42.4442,-65.8205,36.1888,68.5603,109.537,
		node -4.19967,-18.4368,40.3724,113.909,58.1536,-19.1495,74.0202,74.4691,58.9061,-31.199,129.246,-123.916,23.0298,28.9399,84.4764,31.8512,-52.8971,114.341,41.3491,5.92134,-86.0741,130.165,21.7509,124.806,73.0965,-22.7459,
	layer
		node 6.40331,11.3752,54.7315,8.90032,-64.1534,53.5021,
endPlayer
