// Player82
stat 4
	layer
		node -101.115,-81.2213,-180.883,-32.3996,-36.9489,-93.6712,-38.6959,-92.829,57.5894,94.8214,-150.529,-12.691,-22.5192,-38.3714,55.3101,-32.4634,16.9917,48.0381,-92.3253,-200.401,-63.7055,-5.23293,-99.6258,-78.2175,-71.2158,-134.099,
		node 0.270342,-1.88039,-170.355,124.178,59.4463,-177.911,27.5979,-112.456,-95.3598,122.827,-210.466,-110.686,-185.466,-125.907,131.831,99.2269,113.405,-85.4351,125.869,-19.1611,-40.4934,54.3684,-106.562,-10.7952,-201.812,-158.946,
		node 90.637,64.8542,-56.5918,-22.4154,-179.565,71.4704,9.85607,81.3063,-30.5983,-65.5204,21.9553,75.5252,-29.9759,-222.697,-150.607,23.2062,-113.616,-0.179091,128.665,-118.931,-37.6887,-193.577,-70.7594,-83.6443,-198.784,-74.3634,
		node -65.0857,-190.045,-163.627,-24.2794,-132.288,-35.2148,38.8831,-123.565,-191.682,-9.6345,-171.456,-16.4071,-100.398,95.4813,-57.3565,37.4114,-102.217,133.159,-143.054,-149.041,-188.109,-128.884,31.0579,54.3186,23.7505,-28.57,
		node -82.4286,-163.187,64.827,-45.9574,33.9941,-95.064,18.8684,58.0557,87.3901,-184.059,-91.945,41.625,-153.402,-132.332,-102.876,-200.043,186.986,-191.285,125.774,-57.5103,-95.168,-139.207,-37.3656,35.2148,170.21,76.7403,
	layer
		node -78.8013,-6.48823,-183.831,-141.357,-6.4989,-35.9374,
endPlayer
