// Player22
stat 5
	layer
		node -115.726,-177.892,153.29,-69.7639,-28.4718,-98.9443,48.4084,-158.938,92.7882,-13.8059,-100.33,2.22602,11.2209,9.424,-75.7272,-75.2474,-89.6885,77.6891,-39.0597,-92.2397,-22.1184,13.8585,-115.455,-85.0764,-66.6871,-23.3415,
		node -16.6586,-130.309,-168.551,-2.8622,-120.521,-116.876,52.0057,76.4106,38.1302,-213.248,65.1212,-13.3901,-194.667,-182.616,-142.383,-152.154,56.7629,135.665,35.1681,126.793,-40.3694,-92.2582,-108.592,10.4929,-210.885,-183.807,
		node -1.41523,77.6152,-38.0152,-115.441,-211.806,-151.078,141.375,78.4861,-19.6472,-155.895,67.9755,-105.585,48.7149,-229.282,-152.848,22.4563,-121.695,-89.8056,4.79644,133.307,83.7068,-245.71,-72.6204,19.7328,-92.5606,118.845,
		node -65.519,-34.8777,-170.592,29.0144,-88.5711,-26.3663,54.2636,-98.4905,-100.03,-258.675,-186.746,-161.439,109.881,83.8803,-52.8798,-122.307,-88.1299,64.349,-142.289,-162.926,122.546,53.6847,75.6774,-153.757,150.62,-185.419,
		node -105.509,-113.755,67.3515,84.8063,37.0299,-91.9651,10.0323,-162.548,129.52,-24.0679,65.5084,-119.2,75.6437,-125.769,69.933,-221.133,-163.07,-37.2785,-152.211,-89.4041,126.485,-142.894,-3.44339,-179.147,59.9994,-174.955,
	layer
		node 51.917,159.91,67.5525,-94.7486,-87.956,-11.7297,
endPlayer
