// Player31
stat 5
	layer
		node -14.5372,-6.16496,215.171,-59.5921,-232.909,106.832,-76.6708,185.853,-156.585,224.853,-134.296,-3.7779,38.2557,208.8,3.6075,-240.238,52.3491,61.7258,-243.596,-150.418,-118.728,51.3359,-68.1775,29.3772,32.5468,54.7192,
		node -93.5472,-134.248,-130.38,-61.352,-186.727,-323.832,-95.9641,-40.8176,-197.805,190.92,19.6317,-46.9519,237.988,77.8981,-175.748,69.0992,-188.104,-8.05849,-191.395,-8.24953,-76.515,-128.182,-10.6461,-135.294,49.235,-23.5006,
		node 225.593,64.1881,-126.463,51.337,-45.7355,-1.28212,84.9148,63.2205,44.8439,36.2291,-157.411,50.1444,-52.9948,-18.9397,82.1044,25.8733,-162.098,-104.495,56.8451,-212.509,278.67,-201.874,-336.6,40.951,-211.212,5.91242,
		node -93.7083,60.4576,-83.5361,8.64256,-207.872,-256.317,-119.683,21.0319,-121.337,-16.8347,-217.434,24.1153,28.6295,-0.263772,14.0634,23.0441,-9.42027,-10.8561,-53.1681,-12.9072,-200.848,-41.9158,24.1799,37.3365,30.2679,29.5642,
		node -122.928,-41.8993,-6.50088,-162.189,209.83,-141.582,-1.27857,57.3577,-341.654,-33.2758,-22.5003,84.7706,-78.3196,-171.711,-79.5167,-79.4872,-210.893,-174.225,-112.793,-57.2992,-90.0219,-216.173,-27.9583,16.7264,-134.621,93.401,
	layer
		node 17.6149,-93.8985,-362.134,55.6159,162.095,13.1171,
endPlayer
