// Player48
stat 7
	layer
		node -318.781,-121.994,89.5421,13.2134,-172.012,207.09,-199.582,-4.65669,-46.7429,222.773,-53.865,1.29552,-82.1068,-73.2196,-49.3886,-245.062,54.5508,47.8251,-46.6719,-157.453,82.2865,23.1619,-171.989,58.3351,-27.2875,68.2318,
		node -1.10957,-62.2899,-145.978,-33.6318,-99.414,-59.8477,-35.6112,68.1385,-58.033,-15.5781,20.88,-109.43,-12.8223,-69.8832,68.3424,65.1941,-182.787,-32.5177,182.551,-14.2449,-128.113,-109.674,-88.81,28.4486,58.1445,199.828,
		node 202.228,-60.8015,31.5962,-103.229,70.5198,25.5576,-153.543,72.1962,-38.6113,-91.0488,-144.974,-26.8391,29.1679,-181.356,-17.327,12.1825,-167.322,-117.671,-106.656,-52.0783,260.494,220.169,-353.344,40.206,5.14015,-81.1714,
		node 43.3237,54.6685,-382.097,-150.732,-197.393,50.9185,-122.668,-37.1784,34.2076,-77.8683,77.4298,-200.721,59.889,-6.23659,-173.343,-66.6265,-9.95229,-1.06725,3.88524,26.5307,-18.6677,-63.7652,14.6085,70.0482,5.53923,19.547,
		node -171.102,8.38025,-3.12519,-154.885,-128.719,-24.4501,76.981,7.3504,88.1267,-78.7022,49.5681,-212.476,-83.4327,-177.25,52.0369,-87.2012,-86.5396,-217.09,-343.061,24.9729,-186.591,75.6608,-55.9262,-25.7332,-231.45,79.0994,
	layer
		node -179.424,33.9036,-119.281,7.1742,-68.9544,208.475,
endPlayer
