// Player32
stat 6
	layer
		node -324.513,-135.868,213.01,-61.1599,55.1158,107.177,-207.176,-53.4575,-164.717,224.954,-55.8279,-0.692943,-100.919,-72.7791,0.859731,-238.858,25.7474,60.2199,-67.583,-174.165,84.5457,44.2006,-211.904,92.0598,49.9538,-13.4955,
		node -131.437,-131.143,38.4122,-48.2593,-56.6411,-250.801,-92.9573,-46.9851,94.3722,225.065,25.6741,-46.3542,215.986,82.6603,-176.276,-111.148,-187.07,-43.7378,-189.323,-181.252,-74.8972,-112.69,75.5078,-36.9723,-27.0033,-24.4531,
		node 223.635,34.6872,53.9082,67.1493,-57.4011,-174.308,81.6316,68.0126,37.3844,-48.9599,-159.498,35.9041,-51.7374,-150.092,84.1424,19.0442,-157.978,-105.792,32.1374,-199.837,-22.2917,-206.554,-338.997,36.4463,-211.279,5.64593,
		node 31.6936,-17.1153,-84.981,17.7606,-201.48,-253.473,-93.7849,-40.4518,-112.199,24.5814,-211.907,-114.352,29.7183,-1.62328,-83.6415,26.8338,-78.3691,34.289,-49.8855,67.0969,241.026,-323.986,36.1998,37.4118,-13.5757,-22.7245,
		node 42.2986,18.6152,18.0472,50.8661,214.619,-140.961,53.9492,43.1398,37.989,-81.9308,-26.0662,-60.4862,29.0755,-171.381,-78.4248,-80.3742,-168.681,-168.447,-117.198,-72.3116,-19.2768,-217.657,-27.8437,19.2405,-134.269,56.8988,
	layer
		node -43.9842,-363.305,-311.171,46.1941,-145.609,-44.8886,
endPlayer
