// Player89
stat 10
	layer
		node -267.073,-308.04,123.735,-242.748,103.987,108.047,-228.412,-200.606,-259.898,142.308,41.0087,-44.2582,-231.345,-90.2663,150.869,-49.7879,140.998,-255.141,124.384,19.2276,25.9443,-273.628,27.1682,-171.21,-81.4317,-181.167,
		node -314.419,-285.886,-71.8546,-276.936,70.1592,-199.272,-75.4971,-56.6758,-282.715,158.018,-307.418,87.5161,-122.809,-180.922,-78.306,-276.959,34.0194,-21.2866,-40.4891,87.1917,111.304,140.809,134.198,-105.288,-168.561,14.9256,
		node -198.69,80.9399,6.86952,8.48255,-82.7944,91.651,-61.051,-203.155,60.2804,-273.373,-67.182,-270.757,36.8827,88.0052,96.8585,-37.6408,51.0659,106.001,-110.723,-62.0657,-368.42,18.0551,-153.668,-215.42,35.8957,-74.7845,
		node 122.976,-49.6084,-25.5168,141.44,-300.834,36.8699,-297.733,-63.8915,91.4432,-188.624,-37.7568,110.901,-104.142,107.394,-252.323,-35.7679,99.3733,-264.225,-236.557,-268.127,30.144,140.75,-132.406,-255.057,69.5639,-251.607,
		node -256.076,86.5468,-291.035,-75.1024,-3.81636,-41.0337,93.9198,74.1852,-42.0509,-195.683,-247.627,72.138,126.744,-55.6499,-52.1431,103.35,-41.5377,57.1223,-193.571,116.778,-253.819,34.611,16.2085,-246.42,143.635,-45.3873,
	layer
		node -301.086,94.2817,-368.791,108.875,-294.372,93.7055,
endPlayer
