// Player6
stat 7
	layer
		node 32.1971,-99.1312,252.349,27.1184,130.664,-56.483,-85.868,94.485,287.12,-84.2598,-18.2317,-68.0445,302.325,122.826,-64.5218,-13.3862,180.984,-193.849,-111.298,-12.6837,-0.370114,114.761,125.905,-199.955,195.244,-119.804,
		node 4.59344,-105.895,8.08422,-1.64281,41.2336,10.0889,52.0544,-38.7687,23.3498,29.6327,-13.9818,-272.758,199.803,-108.073,-16.5109,209.945,204.948,146.446,-124.858,161.212,-235.619,-42.6046,291.577,35.1997,-168.286,119.293,
		node 141.486,131.923,260.049,299.91,116.895,181.769,-130.678,59.8544,-155.009,-161.272,4.55913,165.124,131.011,41.24,-25.5832,270.316,-91.4426,-209.847,283.606,175.314,8.69895,151.6,110.935,250.746,268.957,-110.027,
		node -186.31,100.277,125.988,186.609,-92.4147,38.7497,96.3367,-76.8605,-135.784,300.323,-115.394,18.9974,215.079,273.862,299.932,-117.996,163.26,217.035,224.946,11.2783,267.975,155.72,159.343,143.453,64.7544,-89.3227,
		node 15.8128,-10.2154,138.529,-67.8075,48.7212,-113.69,305.315,92.9108,21.1015,-0.959441,270.804,-106.978,183.909,-13.8724,294.639,57.4645,325.742,67.4657,-150.739,100.861,165.672,277.777,-17.2684,143.751,-42.6302,133.971,
	layer
		node 37.6653,275.084,-14.4144,113.058,-86.8906,13.9453,
endPlayer
