// Player16
stat 7
	layer
		node -228.283,-97.3278,173.844,47.0053,-146.72,-210.757,36.6832,96.2219,84.1021,282.789,165.331,-70.2977,-150.796,113.065,5.20196,-21.311,184.166,-187.164,-112.203,-10.0014,31.3523,39.5638,126.653,-196.892,-85.3722,122.943,
		node 16.1324,-118.429,81.4725,-8.60875,18.2773,11.4469,54.0986,-38.1341,-10.8237,59.1103,185.113,-273.849,288.377,195.983,-117.498,173.429,123.418,148.411,-127.819,163.111,39.4923,-61.4782,70.8736,-84.6179,-166.167,118.307,
		node 136.419,131.012,259.798,-171.824,151.448,-112.422,-134.658,133.991,76.9211,130.097,-21.1402,-87.7351,-191.22,224.23,-25.0752,26.786,-72.6686,-207.812,153.175,-159.988,114.827,72.0843,114.53,74.2628,185.544,59.8435,
		node -188.363,98.8159,119.204,186.947,-68.1529,223.887,105.366,-76.1177,-128.769,27.9384,-116.307,28.6314,-6.87348,230.573,291.018,-111.767,163.545,2.89635,-135.402,176.887,82.2603,162.251,152.109,-19.6087,64.5291,-64.0281,
		node 14.5473,-9.88457,137.794,-99.8534,5.47405,-112.856,303.607,-11.3649,40.6666,10.5887,147.369,-107.297,189.93,-15.6418,293.343,299.92,-178.808,67.0297,-152.139,100.457,167.897,5.67011,-18.0134,36.2582,296.805,161.235,
	layer
		node 36.221,-55.7147,100.172,19.7239,-13.0195,-132.697,
endPlayer
