// Player29
stat 5
	layer
		node -11.6945,-151.436,-168.855,-168.06,-157.647,-101.993,9.62224,67.8759,11.9437,60.8817,31.0708,-13.867,20.6764,-8.41068,-63.6777,-4.02914,-52.5789,-21.942,0.190587,137.566,-177.738,43.6192,104.17,-132.353,-39.6194,17.4223,
		node -138.303,-26.8101,100.427,60.1306,22.7063,134.704,-0.798672,10.6301,-28.7286,-98.5434,6.27494,108.873,-154.729,-45.2801,-141.636,31.3574,-67.7495,35.3344,98.5409,-18.2618,-23.8671,64.6717,-145.315,9.29529,88.0756,20.8972,
		node 72.3129,138.29,29.3223,77.762,52.5771,4.95605,67.5854,-60.9255,35.5911,-80.0219,-170.185,24.5856,15.0925,78.3432,-142.451,115.843,-11.7774,27.6499,-92.9786,113.529,21.1546,82.0374,28.6421,8.33173,-187.24,-93.9557,
		node 13.6363,-76.2796,71.7495,-8.22842,5.72858,66.1696,-77.8761,-92.6826,65.4066,57.7936,68.7552,-81.4965,68.1693,-157.136,9.76247,-18.4686,-200.403,59.5324,-29.2183,1.03784,104.453,22.8265,-28.592,-87.3497,102.808,11.7651,
		node 50.0022,-178.027,-10.2702,5.69389,-4.79948,-5.70544,9.00069,-18.3714,-12.7133,-12.2404,-92.4731,-13.5596,150.013,12.2837,-153.374,69.4864,-12.5635,29.0194,7.72946,-32.3398,-26.0664,-101.516,-24.5267,20.3489,-12.729,-25.7303,
	layer
		node 21.6915,80.9791,-18.0285,31.1375,60.6263,98.5129,
endPlayer
