// Player76
stat 9
	layer
		node -96.8186,10.3964,-20.4507,15.7173,17.9427,1.05714,8.10154,-9.11817,65.2421,54.4649,38.9651,-32.1288,-4.87844,-15.2631,132.999,-104.604,-57.3925,15.8901,15.1014,125.077,4.65933,-73.4704,-17.1945,16.0002,-56.3381,5.86219,
		node -42.6546,2.26327,-178.398,129.16,12.0236,-13.8204,-100.669,27.6888,-25.841,51.7777,5.8767,-102.634,39.2334,-145.335,-149.787,28.2135,-33.1097,-130.733,82.0901,98.0956,-33.0878,-131.869,-59.6334,1.47718,86.4275,22.8027,
		node -68.7906,-8.54722,-167.784,102.215,-88.4619,-88.4736,-152.671,-34.2619,71.2527,-75.3815,5.02294,-165.751,-164.895,-149.892,-43.267,103.912,97.3999,25.2562,12.5363,115.617,-148.869,55.4131,-10.3628,-103.609,19.6899,-93.2935,
		node 2.66434,-28.1106,27.4862,-155.964,-142.322,143.58,-77.3054,-101.849,6.66118,34.877,-87.0953,-100.775,61.4319,98.8896,30.425,-149.608,-50.5011,95.4752,18.6524,141.049,153.619,-41.6553,108.394,-93.2628,-24.0392,179.311,
		node -159.373,-173.127,-19.9034,-140.263,140.305,-14.5282,139.093,-40.7673,-27.8832,-14.4652,6.66232,-91.9053,31.4191,3.4445,13.5347,67.5224,-148.832,1.30292,3.16641,104.951,-21.5469,-102.582,108.47,15.1085,26.5009,-15.1124,
	layer
		node 11.7925,25.806,76.334,-137.936,108.171,146.705,
endPlayer
