// Player59
stat 4
	layer
		node 122.747,59.6084,4.04449,-175.978,280.405,165.864,-16.8071,-153.934,123.402,61.4899,142.626,50.8673,57.7196,-93.7007,103.298,79.0171,34.554,16.5528,35.4234,-90.1565,-84.2762,-132.711,-38.2178,-119.161,100.048,175.595,
		node -119.876,-90.7586,168.383,218.798,-84.0146,-62.7729,38.877,76.302,-56.6533,-127.593,-230.132,166.351,-202.861,130.551,67.0926,-171.928,16.0829,-67.2024,-22.704,-152.941,74.4195,-151.389,-169.105,29.9748,26.3412,5.95042,
		node -205.178,-79.5254,-12.6774,60.7436,13.8551,107.619,219.369,121.332,-117.766,26.0365,-256.133,-148.933,-165.121,19.0923,45.2936,110.55,-85.1883,-43.325,236.945,185.461,91.166,-38.8717,-78.6593,-91.8189,-184.112,64.2858,
		node -90.1215,-97.7308,-3.66063,-54.3955,138.697,-7.4619,-78.2729,78.5244,124.577,239.103,-26.0626,-71.0671,199.322,58.2617,-161.333,11.61,-67.3286,26.2761,-147.973,-117.979,-7.71422,8.13698,-174.849,80.293,-89.0128,-88.2662,
		node 69.2342,-175.711,-67.8765,-124.266,116.98,159.151,-156.011,59.9076,23.6052,-65.765,-62.2552,115.618,25.2388,93.1339,-76.1704,-134.257,-115.614,71.8946,104.72,92.0109,73.5613,95.9345,227.163,-122.771,129.598,-12.9882,
		node 23.7346,-29.9753,106.315,-152.952,-55.222,232.216,-37.7484,-150.005,166.319,216.255,-70.5015,-76.453,-126.954,-189.313,86.6297,-43.2164,-41.6944,23.6517,75.6442,-167.073,-0.995002,-137.909,-4.66495,80.7102,-167.894,-116.683,
		node -37.7911,-154.246,242.945,-59.0664,-163.61,-194.49,261.421,-59.1359,-95.4296,-82.8929,82.6507,6.15929,-103.629,-174.448,18.3146,11.6308,158.366,123.902,93.8384,-110.053,-96.5558,-4.8981,-107.493,-172.082,108.847,258.033,
		node -161.168,-202.381,30.6578,4.33203,231.04,235.267,-147.413,-137.285,91.1544,-226.626,98.0287,-101.741,-143.136,185.316,21.1353,-212.384,201.524,95.8912,6.92997,5.89128,159.86,-22.0333,204.55,-223.646,105.839,-109.204,
		node 245.774,48.733,-93.4172,-38.7085,-122.74,-122.895,225.895,-96.2677,7.07816,18.0012,128.585,4.93153,192.651,-239.172,-94.2292,212.297,158.392,29.8448,-95.0624,1.68769,-41.5879,1.88816,61.4256,84.8327,105.687,-61.8465,
		node 89.3994,17.9662,25.6954,96.8941,-43.2255,43.4128,20.7994,-34.7914,51.9675,-83.4441,208.703,239.024,119.919,-166.974,-71.7806,-79.3253,113.902,-121.584,-24.9118,5.12346,-25.0001,-122.543,-145.929,-18.6625,234.486,35.1413,
	layer
		node -107.329,-54.0779,131.36,220.229,122.418,165.482,-78.6914,170.067,104.213,15.1397,-8.08375,
endPlayer
