// Player21
stat 2
	layer
		node -36.9298,-71.5461,39.0188,-190.147,109.791,104.845,-12.9492,213.373,-157.53,63.2427,144.527,91.1873,66.9074,-46.817,14.7222,40.1036,30.1869,21.704,202.617,150.38,231.618,207.22,-35.2909,-131.829,-140.94,173.806,
		node -105.435,-102.565,-112.181,-129.774,76.6984,-61.4851,237.534,79.1068,50.3502,-142.511,-157.814,155.843,16.6393,57.0854,104.652,114.133,14.5431,-77.3588,120.564,79.2896,-162.094,-161.208,-171.74,13.0052,25.5555,17.6161,
		node -202.382,-11.2449,-22.8401,-157.124,14.1928,110.13,223.229,119.614,-132.76,27.4374,-269.825,-162.738,56.9775,6.37191,45.2414,-33.0902,-158.465,252.031,-187.719,-76.6609,144.078,146.78,40.6245,88.0529,-188.502,99.1363,
		node -111.363,16.9793,47.1224,34.1113,-176.467,-104.02,27.4998,79.1452,132.562,46.9529,-24.2722,81.5161,196.619,66.7054,-57.8974,13.5068,-54.9864,-103.102,2.22816,49.1136,-8.57475,0.953319,-194.81,70.8464,-102.84,-17.0063,
		node 68.8545,-171.013,-17.594,-9.53854,105.33,152.288,215.44,-51.8623,-280.578,170.101,276.872,-78.9635,-82.4003,90.8613,-47.9068,-109.953,-44.2328,102.34,-50.3799,96.4568,55.7375,74.5085,209.516,-121.197,131.455,-3.62242,
		node -130.476,-19.4013,9.43211,-82.0105,55.162,-243.79,96.1033,35.5584,162.35,241.456,-71.4431,-64.0087,59.8384,-206.764,86.9561,-41.3517,-37.5101,23.7554,26.2915,-191.83,3.66461,52.8854,7.25614,15.2991,-37.8719,-125.331,
		node -34.524,-90.3226,115.336,-8.76612,-160.887,202.63,267.057,-163.867,-102.299,-95.5974,140.909,-1.86981,36.1089,-23.9026,20.1778,21.0757,130.352,-15.7627,65.7154,-115.331,-87.9988,-88.761,30.125,-174.216,88.8364,52.7709,
		node -3.42278,23.4587,-11.8603,2.1379,-153.634,220.01,-2.79357,125.113,-97.9106,-8.12004,68.2274,198.509,149.269,-118.777,-41.4799,-222.718,93.5246,95.0531,-66.8087,11.2923,-204.195,-16.6974,76.1443,-106.164,34.2238,-133.274,
		node 94.239,47.3088,55.7108,5.20681,-125.597,118.992,65.389,-33.8943,-171.24,58.2955,100.458,238.524,-139.112,-159.271,-60.6688,204.228,171.034,29.1529,-68.2091,12.1378,-62.4762,77.9266,61.5709,49.1773,105.859,3.6038,
		node 99.0396,-164.548,28.1693,-124.665,85.1635,10.9192,100.112,-24.0785,52.7455,18.7453,210.152,-78.2654,122.19,130.78,51.3899,16.3494,197.371,-121.348,28.0075,-28.6759,-91.8756,-88.5289,-142.034,-17.1576,179.482,-101.535,
	layer
		node 18.2621,-59.22,-145.647,3.05946,-160.56,39.7957,-79.5093,110.403,280.935,45.1573,-72.2684,
endPlayer
