// Player44
stat 11
	layer
		node 140.631,-15.7904,18.5615,-66.5251,44.1438,55.5684,-82.6035,13.1623,26.4022,-48.1787,13.69,23.4049,16.3698,21.3111,116.981,-21.9742,105.199,-116.494,-8.76959,17.6709,-57.539,-18.6385,-42.422,20.8792,39.962,88.8114,
		node -68.1218,69.1426,64.5616,-134.774,74.9909,108.072,-77.1665,177.105,-33.012,82.8138,130.899,-45.3782,-126.469,50.887,110.217,-25.4911,-39.2841,83.3251,9.31933,-25.1389,18.4729,-21.4096,-44.8489,-46.9831,-32.6987,75.971,
		node 58.0475,54.9461,-25.5806,71.3258,18.9353,-18.1997,29.2686,124.948,43.8981,27.6488,-36.6486,5.26938,52.2876,-67.7221,-30.1003,73.1054,-113.81,-2.07557,36.3162,-5.45349,-44.4019,-20.5205,-50.128,-60.8607,129.5,-55.21,
		node 81.3629,41.9571,-57.0484,127.246,11.9269,-82.4368,175.961,70.0034,37.0157,42.4877,3.41064,140.04,-75.6007,83.3902,45.5958,37.5772,60.8918,-25.8469,-85.2733,-15.852,25.0733,22.3465,-74.364,102.202,-4.46335,63.3715,
		node 35.2829,-57.2404,-113.451,89.5184,96.7737,-79.7063,1.32295,95.4281,167.239,29.9264,78.1879,-25.0366,21.6947,-4.71597,7.77908,-2.70514,-20.0078,-66.7202,0.618232,41.8064,101.83,23.8787,152.056,68.388,89.0472,90.1406,
	layer
		node -56.3954,28.7419,150.191,-93.4153,135.125,-84.5899,
endPlayer
