// Player1
stat 8
	layer
		node -26.9996,159.986,48.5919,-85.8134,10.2074,37.0064,22.0982,12.9608,90.2092,83.1642,61.2438,15.2245,-143.875,-121.868,122.967,29.8221,19.959,-41.236,-97.3319,24.7388,-46.7287,141.761,-41.9618,60.474,49.8789,71.3821,
		node -71.5066,122.705,69.9343,-67.7401,92.7888,105.207,131.89,60.1572,-41.726,72.7236,134.371,-47.6541,-72.4466,51.4263,20.2179,74.2475,8.16211,74.1377,-13.0059,-32.3605,20.1303,-99.3172,-65.2804,-54.8786,14.6402,31.0934,
		node 53.1464,54.8247,150.055,-99.7754,-75.574,-21.5164,23.4821,137.122,47.0684,89.1127,-76.7325,-145.449,-58.0153,-73.865,-33.0584,64.2921,68.1563,-5.50064,22.2197,37.7326,4.9701,93.3591,-59.3038,37.1095,82.6347,82.1246,
		node -52.4627,-32.2722,83.589,143.507,-20.1354,20.8657,171.219,23.2376,35.2954,50.1905,30.5384,47.1246,-43.4268,68.7781,-42.6683,11.6398,-21.074,11.3744,-90.0775,-56.5971,-15.5628,137.561,21.883,99.9393,-43.4341,44.8292,
		node -23.7987,-52.072,-5.5181,-92.7876,-44.7894,18.839,2.98559,17.3083,152.267,20.2908,87.7668,-55.0481,45.206,105.878,-4.09512,-7.99485,-138.696,19.0055,-12.0637,122.192,92.664,-12.2742,13.1435,74.972,96.9531,-24.7289,
	layer
		node 91.3691,97.3664,142.584,-32.2664,118.248,9.87762,
endPlayer
