// Player94
stat 8
	layer
		node 2.79295,-35.0823,12.9582,-32.9516,67.5419,6.27543,-67.6304,-43.3675,50.7828,-2.85702,-117.752,28.9958,-35.8561,-66.9897,171.907,-71.035,-4.74139,-40.6167,-49.0587,-51.6723,-133.321,68.4796,-42.0454,-35.6642,11.7343,-0.594592,
		node -67.0071,-100.782,96.3913,57.3752,54.6414,-83.0517,44.3546,8.9155,89.4825,96.2086,-6.25834,-16.362,-34.2299,-50.1595,120.566,-91.4831,138.549,-82.3842,29.0242,49.6951,18.2269,63.4393,-132.088,47.7575,52.1741,42.6742,
		node -47.3587,91.2414,63.7571,27.903,47.084,48.739,-46.3589,51.4537,22.5944,-2.22452,-21.0749,21.1165,65.5213,-110.628,6.26516,76.2384,52.1752,-43.129,17.1683,-34.5024,14.9627,-59.8053,-57.9051,27.8639,55.0251,-57.4151,
		node 65.7606,25.9235,51.1268,84.823,12.5744,-35.1692,-37.965,-101.769,-130.365,-123.263,-97.1083,21.7926,-0.0354878,-40.2685,18.1587,-161.56,-58.4644,75.5694,32.173,0.653042,42.5159,-64.1822,58.5091,45.6187,68.8068,29.3866,
		node 39.5774,19.1395,-25.9839,-23.7355,51.3824,0.588206,-27.6938,-25.8546,-28.5555,-80.4628,-142.843,-8.56788,34.0482,-2.39954,5.92503,4.67199,5.44839,60.5079,30.5414,4.15823,-17.2152,11.5308,105.65,-41.7256,-39.7006,32.7557,
		node 94.9003,30.0479,-40.5043,-47.4406,14.9283,54.8309,6.86415,43.332,-44.9257,84.8342,-89.9606,-53.8326,-86.7628,30.5924,41.0767,-72.8483,22.7376,-14.9199,-6.06656,-64.2201,26.0753,51.1338,24.7163,67.6395,-12.4211,-116.387,
		node 71.9228,-12.5531,-22.9648,-63.5959,3.83491,133.442,-5.67379,72.4989,15.0703,131.133,-26.0236,-61.642,42.6733,34.1459,-100.256,33.3563,-46.4073,-36.9921,-25.9186,-45.6964,-46.4923,-48.1208,-72.8905,111.849,61.4618,-14.5223,
		node -27.1191,66.4416,-44.7888,9.22581,-7.02958,-46.1471,-89.4601,94.3862,-58.4392,-15.9844,-43.291,-4.86757,-37.6935,20.4031,-37.4184,-33.9756,-51.523,36.121,25.5917,61.3514,-79.7903,-4.9105,7.90311,121.896,-35.2266,-59.137,
		node 15.7675,34.7138,35.9367,7.9122,108.183,-131.157,96.5021,-1.04011,-16.5502,-40.5279,89.7309,26.1264,85.1518,26.0537,-77.7953,43.3752,-38.0698,40.6177,56.298,123.974,-40.1755,86.8633,107.468,-26.944,-92.5132,-111.056,
		node -61.7766,55.898,192.549,13.5183,-115.824,-136.448,32.3325,-1.18755,54.3587,-48.5594,-41.4051,-64.8513,1.37528,-185.027,-27.016,61.7453,30.2981,37.711,39.5538,54.4488,-87.2535,-2.91635,22.5788,-10.3595,-64.3824,-53.8993,
	layer
		node -95.5311,31.6865,116.294,-30.9764,152.919,-53.6834,39.2587,-22.2567,10.08,-27.2798,-137.276,
		node -24.2071,65.6803,-100.537,94.5222,-103.039,-67.6843,-4.94387,-47.3386,-90.7751,-26.5032,45.1709,
		node 114.383,53.1634,77.1792,46.1237,57.4536,45.754,-97.0061,9.63616,-28.7022,-87.0069,15.8711,
		node -103.351,97.228,7.23146,54.3107,-109.299,51.6545,-43.9146,-105.037,92.6276,153.049,-3.37265,
		node 64.7385,13.6053,-138.366,41.298,13.1449,-134.595,-113.444,35.5323,-2.34303,-14.7205,-34.215,
	layer
		node 41.3427,-81.0083,15.7753,-54.4553,-3.13487,40.4731,
endPlayer
