// Player36
stat 6
	layer
		node 3.90614,0.874832,-6.00723,-48.833,74.876,4.39436,32.8393,-32.462,26.0466,-1.50305,-66.1755,63.2844,77.6324,-71.3463,-15.3949,-67.8881,-63.9093,-92.358,-6.54792,-87.347,-116.307,70.3846,-22.3088,-43.5315,-89.8117,-7.572,
		node -103.762,-95.371,-115.521,61.4758,-19.2017,-92.6146,55.4524,24.8243,-24.4996,-102.41,13.8971,-16.1967,-50.9687,-56.3636,-57.5413,8.09842,156.801,-59.6247,36.322,83.2875,28.0996,-45.9835,-122.589,20.352,49.4272,50.4896,
		node -56.0615,35.328,-40.8207,-37.7762,-29.4419,99.1434,-55.2486,2.2397,6.46532,47.487,126.425,12.9649,63.946,-117.528,-84.211,77.5742,28.9659,19.518,16.1309,168.368,24.1095,-65.2949,11.9307,-24.1303,63.5102,-52.3327,
		node 58.7629,43.8791,-43.1089,88.8135,-46.4802,-44.9766,-40.1596,-91.211,4.46681,-129.551,136.225,19.3855,-7.54287,-108.245,37.4963,48.3608,-42.8276,70.8624,24.5025,-5.83701,-22.7587,71.5185,60.4404,29.5955,57.1225,41.8771,
		node 27.6514,9.4206,-77.8371,1.30363,-5.04099,-19.7042,-31.8054,-26.2331,61.9977,-92.5462,104.995,-30.839,69.3754,-91.6644,48.7559,-2.06922,6.04323,59.0524,18.6782,-16.2341,-10.3947,1.79387,99.7437,-33.8273,31.3249,44.3715,
		node 93.2985,-64.8357,62.1272,-52.2686,-57.4135,72.8763,22.9232,65.6357,14.0157,72.3618,-65.7328,-50.6223,-62.331,19.0348,-48.6959,-74.3534,63.4797,45.9764,-47.6198,-61.2167,19.4019,27.5335,18.4514,55.2953,-85.8001,30.6837,
		node 29.147,-26.6392,-35.0019,54.0497,97.1932,170.984,-6.50397,72.5276,43.1701,-11.7136,-21.4959,-65.6677,50.5669,38.7679,-96.423,-29.1538,-8.80533,-74.7004,-2.37036,71.963,42.6952,-54.3174,-44.7669,123.102,75.1735,-4.48793,
		node 40.7709,-89.7798,-4.87761,-124.386,119.391,-65.4634,-98.7275,95.7519,-44.9047,-13.548,90.9956,26.21,-42.6512,-137.807,27.7672,-33.2592,50.1064,-21.963,-99.582,60.8874,-68.73,43.6962,9.68067,88.6619,-26.0204,-12.4455,
		node 1.36014,-116.152,6.24118,164.374,-123.186,-52.2107,55.7594,57.3321,-14.351,118.621,-65.9874,45.1707,-108.027,1.01973,-69.8221,68.0964,69.8667,25.6595,23.4068,119.77,-4.2085,83.591,95.0954,-18.3245,11.381,19.1138,
		node 29.6735,49.118,4.70651,-1.9466,110.11,-106.008,40.6405,-17.5479,50.1152,-50.5789,-65.8836,-52.7818,-83.9852,-176.905,-32.6133,51.4753,-62.6517,26.0143,18.1592,55.2416,-88.0341,-96.912,27.5318,-11.4523,24.5784,-13.687,
	layer
		node -43.7362,77.2704,-91.5229,24.3019,50.5633,48.5075,-25.1675,84.9262,40.5859,-94.4988,-43.6394,
		node -34.48,80.951,-126.518,-121.316,-0.231288,45.4945,30.8034,-59.46,-32.8877,-18.6281,-54.2965,
		node -39.793,53.6806,-104.98,-68.3948,-15.6363,-49.8869,-36.5093,6.12366,-50.8255,-102.274,-63.0787,
		node 14.7452,95.9132,-51.521,44.7159,-120.105,-138.232,107.107,-43.4216,83.1604,151.486,27.3338,
		node -50.5567,-21.6519,-33.5397,39.3556,-67.6453,-38.3144,100.157,-30.2765,0.490648,-15.784,-13.0201,
	layer
		node 57.868,-42.7502,-122.201,-89.874,-55.7194,-93.097,
endPlayer
