// Player75
stat 8
	layer
		node -11.2699,-5.02478,-9.84869,-55.3461,72.7228,113.792,-2.27275,-2.17674,-11.9945,-240.298,-120.628,-63.9527,62.6615,22.0211,10.0249,-133.175,-21.9339,98.8934,6.9455,63.1173,-28.174,-42.3856,39.8752,38.9562,66.1471,-33.7487,
		node -31.8384,-83.0329,112.495,17.4331,9.92165,-84.9541,50.7967,12.4766,-36.17,-63.8599,64.8024,115.062,-35.8946,22.7775,55.8671,-33.6426,-62.0678,13.755,7.0869,14.5971,-1.45432,-20.1422,-41.8973,-104.603,-16.468,-28.9465,
		node -27.7932,-89.1428,23.3259,37.6634,-210.702,18.6158,120.517,31.7592,-81.3657,-5.69168,-16.2553,112.102,2.99341,30.8239,-95.2796,-82.777,-38.9001,-40.3064,19.2678,-15.7483,-24.5457,20.3702,-5.78432,85.0615,-8.28279,69.6607,
		node -4.28896,80.8314,-43.9287,50.6733,45.6971,-48.6491,-13.9772,61.559,19.7973,-41.5924,-7.72827,-9.44925,43.5714,-15.6022,-93.0874,-18.9715,-47.7167,6.21709,18.6417,36.3397,-127.641,-4.88037,-53.4945,34.3394,-208.025,-102.228,
		node 134.406,28.7001,18.1363,-236.032,-153.874,-141.97,69.3568,-251.236,26.9806,-20.5072,-64.8268,95.8621,3.75114,-119.03,10.6499,-100.267,-91.6567,-41.7489,-38.8055,-82.4874,36.222,-92.2142,-109.543,-140.156,72.1663,-95.2379,
	layer
		node -235.953,-10.9239,169.289,-90.5781,54.1017,-26.7306,
endPlayer
