// Player30
stat 7
	layer
		node 277.859,-169.958,106.774,276.707,46.3135,161.996,-167.032,169.844,273.36,159.415,-131.215,135.375,315.666,151.315,52.4371,214.66,108.576,98.3057,110.597,13.4084,-115.461,95.5438,155.564,178.245,-129.067,116.478,
		node 95.9844,-32.2482,306.252,-8.26645,202.646,-122.81,15.6186,108.425,-165.813,-17.9588,46.2913,39.8341,142.958,265.902,208.717,-190.815,-60.0616,-31.5883,93.4518,176.448,73.3521,6.21891,109.631,-213.007,87.5986,137.286,
		node 268.212,294.568,135.006,113.574,224.017,208.128,315.683,107.736,258.727,85.088,94.6061,28.2322,176.032,28.2602,-122.295,141.44,118.43,71.258,104.392,-151.24,-144.025,-14.1201,61.7531,109.321,-180.238,145.401,
		node -55.8232,265.726,68.3255,-153.456,217.483,171.144,-2.52046,-122.318,-44.3525,110.796,168.054,220.294,91.3166,125.932,88.7824,161.683,174.035,120.362,112.223,-45.1995,218.029,116.374,-42.3907,110.166,129.927,-133.332,
		node 285.854,93.5078,119.507,95.5514,67.2249,103.682,68.9534,77.3289,144.081,145.934,191.13,136.557,203.948,128.998,91.6997,13.6805,150.507,262.232,-140.331,160.111,105.866,317.534,173.142,277.45,184.408,-16.3806,
	layer
		node 93.3406,170.055,135.043,291.105,31.5013,-9.08215,
endPlayer
