// Player34
stat 6
	layer
		node 43.5745,77.4526,225.688,275.178,120.419,-190.53,-130.299,161.125,105.33,107.462,102.708,115.804,138.693,-41.571,36.3121,321.486,-148.241,100.26,-104.154,147.03,49.3942,114.768,-109.11,181.252,-115.67,17.744,
		node 128.952,115.406,22.6975,173.211,265.371,-56.0447,258.842,144.139,54.8686,-200.162,32.0955,223.58,132.814,181.648,266.036,-168.842,-56.2796,269.43,25.772,194.467,114.816,-88.5677,-111.706,-25.9086,91.1267,110.185,
		node 161.098,121.406,146.158,183.458,86.6105,-158.103,90.5058,57.9761,262.298,-67.761,157.255,35.1329,22.4203,102.019,9.74708,-187.489,17.559,280.816,-113.071,247.641,-184.606,-14.0881,-177.489,132.204,150.066,129.297,
		node 183.958,116.976,21.6969,89.1852,216.542,172.624,-190.199,-126.77,46.1638,108.113,131.074,224.198,-101.249,141.005,28.201,-100.732,176.908,128.596,108.536,-82.4196,224.694,114.699,-48.6064,299.201,-36.987,-130.449,
		node -179.821,-131.451,117.937,112.954,60.2174,99.9798,249.035,66.9217,142.34,257.238,192.246,23.0138,202.952,-240.428,313.249,26.8676,131.947,-26.9128,71.4139,102.692,93.316,118.766,179.438,256.28,185.764,-29.4993,
	layer
		node -131.808,-20.2392,145.717,128.367,29.3789,305.358,
endPlayer
