// Player54
stat 4
	layer
		node 39.4159,-161.545,221.812,280.166,72.6012,114.111,161.75,86.6114,105.552,148.607,97.6189,167.694,211.08,-54.27,-184.737,206.51,29.2393,94.2112,-105.166,-170.883,41.6888,92.5331,106.605,179.223,-112.97,117.943,
		node 119.029,-35.09,95.7963,-9.34289,-112.773,282.597,0.573201,175.551,-155.202,92.2084,33.2175,29.9092,131.005,167.309,264.446,263.474,128.677,268.398,59.2415,-10.7211,114.266,3.04558,65.8046,-25.356,95.0759,147.244,
		node 153.688,101.425,53.4363,119.773,57.0771,212.915,104.414,266.369,-110.353,148.955,53.0046,38.5578,175.258,104.161,84.9503,-94.5658,18.2978,-121.307,-114.029,119.032,-195.312,-12.4869,-174.701,212.89,173.811,47.8098,
		node 189.442,104.037,316.51,-154.3,-18.0375,-75.3544,-192.528,-127.759,20.3631,117.494,170.926,226.06,-101.911,96.7052,99.4631,-106.254,174.052,130.003,108.593,-74.2653,214.47,168.998,31.6192,209.296,15.3894,99.6632,
		node -182.531,-148.702,54.2806,178.937,56.5917,144.85,74.214,-221.792,137.089,154.892,196.183,94.4449,205.7,-230.702,-46.1368,17.2963,75.3422,-80.5302,144.232,103.833,275.319,72.3967,-4.19338,304.794,176.847,-26.6882,
	layer
		node 225.017,76.6009,152.953,90.6023,147.23,88.9595,
endPlayer
