// Player44
stat 8
	layer
		node 88.3037,-1.82081,-133.78,-113.092,146.434,-66.0342,-124.45,186.575,-118.259,-3.46995,122.231,-91.9931,5.13037,-23.6689,-57.1205,-82.7698,-10.0412,-96.5269,17.1433,7.85672,12.4581,82.1837,8.22729,34.7025,-42.9968,-102.208,
		node -95.6403,33.71,248.629,71.9033,-55.6365,-65.7221,-133.843,-140.848,62.9842,-160.318,37.7729,83.7437,25.7827,-102.581,-153.988,81.8986,67.2379,-49.3052,13.7449,-57.6319,23.0486,69.396,18.2377,44.1764,149.721,137.912,
		node 34.3978,-146.946,-5.53494,-89.1615,167.644,-98.1109,74.7999,110.678,59.9564,-123.432,165.183,-75.6132,124.705,77.2545,-120.047,-117.418,45.3239,99.8404,14.9918,-158.734,13.7739,-154.035,54.3031,35.1919,48.7336,-77.744,
		node -120.953,85.0282,216.299,-140.301,-87.915,-121.278,-2.95088,16.5123,26.1657,62.3945,8.04867,-139.774,-51.4959,127.938,-108.151,163.322,94.2781,-39.4351,84.4549,159.578,-71.9101,80.7839,67.8454,18.6395,-115.941,93.7181,
		node 23.0646,-155.262,100.057,-46.572,-169.347,110.293,39.0461,-1.62627,-143.014,-117.556,40.3075,-100.964,51.8001,-152.983,160.616,64.909,-109.562,11.8858,-54.5088,92.7463,-99.362,83.0454,9.74937,199.591,156.389,-61.5478,
	layer
		node -109.703,-46.5957,-125.67,60.6113,-170.149,29.9903,
endPlayer
