// Player41
stat 2
	layer
		node 96.9267,189.212,-204.614,-203.695,-71.2156,-282.843,-263.263,156.795,105.722,152.904,-35.7045,43.5183,50.2136,126.678,-205.696,135.132,-33.3743,-179.75,64.925,38.1437,48.072,-168.979,-181.661,-115.652,-153.972,65.1627,
		node 177.174,63.5877,60.3122,35.0453,-119.523,141.67,-226.447,-115.556,-100.877,-161.017,-122.416,131.58,171.474,-140.426,-174.672,109.022,-163.197,-257.827,-118.016,47.2547,-229.825,12.7628,108.88,156.905,146.964,-285.295,
		node -213.748,-16.7374,-175.34,-44.0398,-61.6763,97.6184,-185.766,-19.5692,-128.299,103.761,-269.453,168.066,-3.48334,140.746,-144.351,-65.4268,-110.823,-134.504,-208.591,130.446,-153.392,-130.108,-166.869,-10.7823,-39.7948,77.3787,
		node 170.253,-244.246,153.29,-142.016,52.9394,-109.976,202.678,-32.5441,4.07826,67.6254,124.969,-135.81,65.6958,94.1929,90.0755,146.851,33.7983,-185.093,-122.022,96.712,-25.1017,-78.502,-122.761,-164.921,80.9559,81.9801,
		node 107.715,-39.6215,-156.129,69.4106,-170.558,-5.03563,-294.937,-229.593,219.117,-145.894,165.269,146.231,158.891,161.26,-4.1601,156.445,159.061,-129.242,121.952,112.878,-117.738,159.767,-235.169,212.33,-72.1151,7.04609,
	layer
		node -266.986,26.997,-127.329,-184.377,81.4529,-201.318,
endPlayer
