// Player48
stat 5
	layer
		node 75.1495,60.4608,94.595,-45.319,-63.9657,190.357,-59.3456,-135.794,132.828,148.684,-12.8927,34.2765,-23.089,139.797,-197.394,130.704,153.271,-137.806,47.0414,-35.3778,55.56,-145.844,-191.326,121.312,106.106,-173.402,
		node -164.199,71.1948,-46.1539,-131.785,-110.247,142.84,-218.772,-86.5406,-104.462,-197.604,-120.794,-152.192,174.026,-105.776,-162.323,-209.542,-151.282,-261.632,-131.588,-131.688,-222.978,-126.009,-170.391,159.081,141.049,-279.341,
		node -214.231,-111.735,-48.4841,-45.7985,-66.6559,110.613,-50.7111,-77.512,-117.401,16.9643,-268.224,25.3644,-24.2917,131.974,-156.271,-276,89.4491,45.8623,-159.134,95.5342,-161.462,-134.003,-169.44,-13.8009,-40.6167,84.0431,
		node 179.769,-238.756,178.503,-36.9568,45.4211,-104.574,205.475,-30.6413,-69.04,107.757,119.109,-152.639,74.2832,96.6433,94.6614,145.33,-143.47,108.559,164.612,161.251,-167.873,101.622,-136.494,-158.696,78.2316,33.8396,
		node -221.47,91.4632,-179.575,39.6029,-171.729,-13.6935,-278.889,-221.949,213.923,159.234,155.652,-139.017,88.6706,195.487,177.031,156.878,115.026,158.709,160.565,132.539,-98.2176,172.534,-222.057,212.687,-100.007,-173.685,
	layer
		node -10.2863,103.833,-129.517,211.474,194.88,96.9587,
endPlayer
