// Player70
stat 4
	layer
		node 66.3196,65.5125,64.316,-52.29,-55.9256,-249.888,-160.957,153.497,142.379,165.971,-214.916,39.0616,-147.117,142.872,-145.016,-111.159,-139.237,-133.778,57.6323,-160.37,-130.839,196.357,-271.576,-119.043,111.545,67.7683,
		node -174.735,-186.047,60.2899,-126.639,-117.108,137.003,43.331,-54.2497,173.454,-263.313,-123.605,147.919,176.476,-130.393,-174.83,89.8351,-150.028,-49.365,-153.895,29.219,154.042,14.3168,107.04,159.879,111.927,-129.908,
		node -210.332,-102.221,-53.2128,-39.3257,-27.8203,-251.298,-190.416,-108.539,-272.607,-1.75735,-149.729,-165.67,22.4504,149.673,-134.921,99.7651,-167.285,-150.002,91.431,119.939,-162.039,-129.647,-279.618,-4.47868,-41.6777,116.933,
		node 176.532,-199.388,150.507,-141.869,35.1606,-123.965,209.908,154.32,-73.9706,69.1622,-231.862,-143.607,43.0436,107.461,92.7207,-259.473,-258.607,102.102,-121.303,214.116,-24.7524,-55.7481,-133.628,-209.05,84.1019,80.1342,
		node 105.827,178.678,-155.611,-3.31568,-176.473,-165.183,-294.708,-226.611,205.802,99.6141,29.0126,167.328,149.329,157.49,-7.46863,149.06,130.304,-133.997,165.26,-201.321,-115.193,-153.06,-235.687,118.896,140.044,-181.696,
	layer
		node 74.94,106.362,137.873,-21.8991,98.1999,-206.972,
endPlayer
