// Player97
stat 5
	layer
		node -13.1013,136.152,63.0863,1.30021,-0.25036,69.6796,-11.2132,95.0644,-69.8944,-52.17,68.616,33.2017,26.4227,112.302,14.4386,-59.7915,95.7307,-100.887,122.436,-22.7318,-105.876,99.4825,7.7841,24.4771,98.6902,35.1839,
		node 44.264,27.156,40.4743,-41.0116,81.3719,-104.983,-53.4742,52.9155,23.4174,66.4361,42.1659,81.8957,99.4699,52.4727,138.582,81.7947,36.1899,80.5543,-94.6173,42.9011,113.546,-112.704,115.586,-61.5498,-55.7354,68.6799,
		node 47.6662,-104.249,26.5414,9.77592,51.4733,-47.4475,34.88,28.2037,105.364,-10.5863,70.6069,28.6782,-51.7785,144.358,-1.69563,-75.8932,61.8979,50.4126,-158.879,-48.9898,-162.177,52.3412,-37.2254,-57.2016,16.5211,45.9019,
		node -5.83691,-88.4237,-91.5588,2.10899,14.3011,-83.4987,55.1464,92.5375,9.48295,75.6702,109.256,-101.336,67.0629,136.431,35.4587,47.3543,-87.2536,-39.9131,-1.52861,-115.355,27.5694,-23.9568,59.5097,48.5773,-110.847,-91.0588,
		node -117.816,112.483,-107.473,74.0043,57.3693,-22.5508,38.0139,92.8625,59.018,-7.20893,49.4012,-70.1308,25.2147,-72.738,34.4033,131.817,27.612,29.7307,118.617,98.8216,38.8981,-139.293,82.5013,115.347,38.8121,13.4482,
	layer
		node 99.1524,9.59949,2.02265,105.156,71.0424,98.3879,
endPlayer
