// Player71
stat 6
	layer
		node -49.0266,-23.1398,65.3232,9.05198,-53.2463,-115.208,11.4772,134.394,-64.5609,50.4388,63.5504,41.1744,25.0206,112.34,75.9505,-68.2569,57.9737,85.7929,87.9516,-28.2289,88.2994,-38.3162,67.2944,20.8093,36.7961,43.7936,
		node 94.5433,59.8678,35.6058,20.5949,-8.58108,-105.012,13.3684,9.50227,71.72,76.943,30.9991,109.147,100.457,60.2319,146.476,85.4934,48.017,92.5818,27.6202,143.202,113.684,-81.5908,80.9988,43.7601,115.537,-96.6246,
		node 102.23,147.787,76.646,7.35723,87.3197,-48.3895,46.6885,4.76774,-43.5692,-11.3688,90.2097,26.6006,66.2055,72.3014,-136.039,36.0166,64.6453,58.8189,-55.3946,64.8416,25.3573,64.5226,-40.699,63.0255,30.5157,46.8307,
		node -94.1654,129.516,-100.903,95.8702,-62.515,113.338,-85.8937,94.4946,71.273,77.3971,38.0885,100.945,-12.0436,34.482,124.929,48.5564,-87.1419,16.9722,57.9432,-66.6321,48.4031,-25.5582,33.6828,-89.8125,66.6159,57.9544,
		node 69.8751,74.6906,-104.979,75.3387,2.12589,27.9067,70.7852,-5.42971,41.9272,3.43676,92.401,-82.5628,15.7357,-74.5222,41.7371,130.252,28.4078,37.6202,22.2082,37.8661,59.2649,47.6359,-60.3514,118.849,13.2359,-26.9915,
	layer
		node 34.7035,37.2011,6.51725,34.2182,76.1434,129.169,
endPlayer
