// Player87
stat 8
	layer
		node 64.9227,9.9347,-58.7894,45.9228,85.023,-52.115,8.70857,96.8632,-72.3985,62.6147,15.6529,53.8354,-31.7723,110.544,11.626,22.1158,94.0025,-109.064,120.586,131.858,-179.037,101.072,40.3129,30.4989,-129.329,39.3501,
		node 52.4118,23.789,45.2085,-39.9706,104.331,-99.9168,-49.7758,54.2566,-40.086,-116.003,24.6405,31.4137,101.891,37.9926,45.1536,94.5719,60.5454,112.283,-2.47212,-9.34024,101.973,-115.122,56.6183,-12.6546,-54.5319,-105.985,
		node 18.0926,-53.5061,27.7658,4.84816,46.3708,-46.5332,38.1481,29.9271,102.707,-120.593,90.7015,39.0209,-49.8584,-113.933,4.47946,-76.4103,25.3062,23.4885,-158.122,-27.1741,39.0747,54.2438,42.6087,-56.8018,91.3728,72.557,
		node -100.265,-95.5207,39.1692,2.83957,-38.8309,-83.0863,12.4154,93.3366,106.807,80.4463,-37.8127,-37.968,40.8882,-5.22696,124.971,48.5139,-86.6305,-39.5826,-91.7973,-124.924,32.0435,-29.4952,60.8084,11.693,-109.677,38.2494,
		node 84.0318,69.6459,-101.337,75.1952,44.6461,-22.6029,41.4892,94.8384,44.266,26.3586,96.3413,-70.5978,-61.702,-77.0997,34.2775,125.051,-5.45768,28.7247,-56.8671,47.7812,42.2553,52.7695,80.7744,117.498,8.15474,-35.5065,
	layer
		node 98.7204,72.5509,62.3142,58.4878,39.9722,94.1859,
endPlayer
