// Player58
stat 7
	layer
		node 102.489,9.76528,95.8401,59.265,-49.8733,-139.686,-11.0314,45.1731,-71.8304,45.7689,29.9496,39.9175,42.5679,107.053,86.3681,81.0008,59.4387,-99.0186,121.105,111.665,-167.824,-25.5997,61.7345,32.2374,-136.921,-10.0891,
		node 108.33,-103.167,-92.3711,-45.906,79.2064,85.6547,-45.9942,117.291,-38.8537,-124.288,37.4855,107.788,86.6965,38.5068,43.8185,84.9194,64.0408,109.469,-108.899,-98.5586,112.349,-41.7098,56.1751,58.4293,-114.71,41.0697,
		node 47.7713,142.706,69.8073,5.72722,141.527,-64.5477,29.4067,7.03153,111.398,5.61888,88.0222,67.3161,-52.9283,32.6452,5.23629,82.5055,69.4438,60.6584,4.04581,51.0804,20.4675,85.3919,-42.2762,-63.6416,98.2424,58.2283,
		node 60.6363,-86.7827,118.626,-74.7799,17.4432,-47.2437,-96.5247,89.6088,-86.7178,82.4777,127.393,43.4517,-74.1618,-43.5338,84.484,40.6581,-98.5859,-42.756,-102.506,78.5862,30.9412,-41.5696,39.1368,6.1571,41.9611,38.6527,
		node -110.394,89.489,88.0608,-83.9334,61.4226,46.6323,51.4537,-132.742,-116.86,-15.0625,89.888,-8.57057,-5.71642,-71.632,38.3678,138.225,-17.731,37.8801,79.9424,40.2244,38.4354,49.3717,72.1179,116.369,101.476,-118.795,
	layer
		node -145.021,85.2208,53.9774,61.1217,-104.635,28.2027,
endPlayer
