// Player18
stat 5
	layer
		node 66.8307,119.804,90.4151,-142.955,-48.2191,-115.481,-13.2431,-28.3021,96.9152,61.6981,-108.487,21.8165,9.21958,-102.081,-41.9278,-44.4342,55.0045,-105.571,82.2145,126.017,-104.563,-69.4147,57.3803,53.9333,54.3931,79.7408,
		node -9.12933,29.4071,34.1673,73.1489,-99.9755,22.4183,49.3658,134.933,-47.6091,72.8932,26.7304,72.2631,85.456,57.1992,-114.655,-65.0956,31.2397,83.7981,-103.299,107.953,108.364,83.7629,-56.9921,-8.37964,-117.754,-81.5541,
		node -100.851,2.46383,61.6542,8.26652,83.9874,-114.854,97.6661,6.68314,55.9851,-61.6906,85.1177,-85.5218,67.9967,96.5349,-133.199,-51.2986,109.695,57.1931,-154.685,47.9409,69.5032,83.3567,-40.678,-43.2707,21.3537,6.45151,
		node -11.5572,31.1403,-98.489,32.197,-101.19,46.5689,143.028,68.2911,-86.2303,74.7359,112.59,90.8504,29.6928,42.859,26.591,42.9908,-89.7241,10.6301,60.1511,-115.072,36.1541,-46.9304,46.1719,21.2935,95.4813,48.5323,
		node 30.4929,60.4829,-101.911,-7.27607,39.6717,26.7868,-98.5581,49.706,85.6465,-4.84276,54.118,-69.525,1.04676,43.7014,117.257,139.096,-39.7641,112.745,115.04,40.0735,38.508,-59.0289,-111.264,124.538,116.365,-117.958,
	layer
		node -99.3579,116.527,68.4885,21.7413,-97.4226,-28.2846,
endPlayer
