// Player86
stat 2
	layer
		node 63.5331,9.95735,101.188,46.3307,-0.0849279,-50.7724,-13.3658,94.1844,-73.2383,61.0787,64.5298,50.7674,29.1906,107.323,-6.55298,16.6774,62.2831,-108.291,118.953,130.816,-178.251,46.722,5.28129,69.239,119.486,38.1117,
		node 41.1093,65.1513,43.0223,110.018,-60.1442,-105.61,-86.9936,54.8806,20.6742,-120.079,35.0347,38.1338,84.9359,37.7955,94.2814,51.7977,59.4425,47.9207,-95.4799,-11.2297,106.45,-113.878,56.6232,-62.7743,114.069,-108.67,
		node -41.7152,-53.781,26.2321,7.2753,43.8308,-55.0656,44.8283,29.5924,58.7082,-54.1305,66.5781,36.0118,65.3881,-113.627,1.08938,37.6774,26.5926,68.2785,-52.6655,32.333,44.8715,39.2914,44.0517,-55.3033,95.307,75.367,
		node 56.0607,69.3446,61.4461,0.285827,-39.2055,-64.6796,145.279,91.0291,-89.4021,81.101,36.6191,41.0541,39.6748,135.267,106.92,42.1543,-87.1471,-45.981,-93.297,-121.89,29.2163,-29.182,115.897,-9.23706,72.5738,41.6716,
		node 57.0898,88.3738,103.498,-79.9724,55.369,37.2605,41.2775,-83.2775,-122.545,43.3824,100.179,21.9526,-6.91576,-74.2097,-85.6482,124.48,29.7994,37.7185,37.0198,50.1553,38.5772,37.1004,-114.59,55.5362,10.4529,-35.4183,
	layer
		node -137.244,-38.8258,-66.2399,61.0421,12.8825,37.7294,
endPlayer
