// Player24
stat 6
	layer
		node 79.2321,-18.4545,-63.7767,-88.4623,50.4899,-117.1,40.5061,-81.3196,92.5463,52.9413,18.8317,41.2326,21.8494,-104.319,42.8552,-32.1291,-88.0198,-95.654,64.1695,130.982,-176.568,-30.3989,57.9703,73.8556,59.303,22.8778,
		node 27.8642,20.8184,33.0198,76.3084,105.249,-92.4314,8.75633,-2.8977,-42.246,75.8632,120.201,26.7453,29.1201,-120.301,-19.9751,88.6229,52.3525,-110.499,21.2062,-89.8202,-178.863,-42.4103,17.4052,44.6213,104.218,62.105,
		node -46.5247,48.2077,28.1972,9.148,50.7151,84.4489,40.0095,87.8815,-39.4303,-113.122,84.6645,-13.8573,-46.6427,98.1648,-135.277,-12.4416,61.6085,14.84,133.145,63.5556,68.8479,71.3171,-57.9377,-29.0418,89.8506,64.5677,
		node -11.791,67.6103,23.1412,-71.6622,84.4041,49.7274,137.723,72.6738,-93.726,-166.586,108.374,88.3863,-11.0447,-8.65924,-14.5118,48.2245,-78.3452,-43.033,-87.4083,-5.39295,64.18,-21.7058,69.9129,-92.24,104.018,-4.67431,
		node 64.7923,38.8517,-99.4789,74.119,57.7841,-62.3283,67.1882,97.8812,48.5925,4.14108,105.286,25.241,53.2737,49.0592,29.3325,109.647,-15.4065,-48.0121,38.6616,29.0597,47.6345,71.7779,1.65678,-43.9207,115.068,-12.905,
	layer
		node 64.2244,-12.4689,51.6466,93.7843,-47.8069,-50.0703,
endPlayer
