// Player13
stat 8
	layer
		node 99.2879,-120.142,-105.255,-110.513,141.512,86.8961,-98.2155,291.588,-55.081,56.7393,-56.0335,90.3743,34.3773,103.738,-30.937,65.6339,152.549,-103.255,-146.406,157.775,10.0431,-100.203,-175.53,13.135,38.9573,-125.762,
		node -9.82002,-10.9341,-108.041,-133.005,12.2458,69.4593,289.516,159.14,-137.08,128.723,20.9904,98.6615,-86.2554,-28.7014,12.931,95.2114,-116.6,-89.1315,-67.4847,36.0536,13.7509,-99.6225,-160.173,75.592,249.545,-15.7512,
		node -72.9179,15.8702,-115.983,56.1486,-38.9398,123.701,-131.104,66.9266,89.7352,12.7565,52.7182,284.827,120.704,131.595,-90.8551,115.523,117.004,46.0625,154.618,43.2203,92.8425,-40.6569,270.801,45.8157,-66.1313,-98.7752,
		node 21.7198,71.3808,-37.4838,273.447,47.1059,3.90125,119.863,99.7478,-46.7985,193.239,-11.7832,20.4038,55.2447,70.0508,-79.4693,65.5173,45.5806,16.4401,73.2194,50.9791,71.5966,-22.9669,-20.6411,-24.5425,-82.0058,-50.8937,
		node -64.6445,271.758,-122.727,-27.7332,61.3761,39.1008,253.987,-60.2686,86.0031,45.2485,43.5935,132.735,-52.7376,47.4545,67.3007,30.2371,78.9648,-117.771,-141.737,44.0261,-104.593,44.147,200.856,-11.3308,104.259,-126.801,
	layer
		node 58.2079,87.7111,-105.328,-125.727,63.1154,-130.808,
endPlayer
