// Player54
stat 6
	layer
		node -50.1401,-83.6305,-105.229,-167.602,99.6573,155.008,79.1285,21.955,23.5452,-61.6855,-78.4144,-93.8423,53.5489,6.713,27.3049,23.2258,-115.328,-22.988,-44.5609,-97.8082,-17.1704,-24.5172,106.476,-100.545,-109.962,2.52323,
		node 77.5598,-32.7164,-44.5995,-119.346,-124.44,-88.921,24.4006,-189.94,-159.88,7.0232,69.0554,-69.8384,30.2673,-49.1192,-99.3911,-27.8639,224.247,50.7884,81.5023,-1.65952,-126.194,101.343,87.7172,7.68249,-102.482,-86.6278,
		node -56.5524,-95.3272,-57.7395,-39.4867,-83.2588,58.183,-40.1794,-44.9604,139.447,-62.1108,-56.8528,-2.79302,-225.982,-122.535,-77.7203,-52.7733,36.3212,89.4489,-99.6909,85.3182,92.9619,-85.5453,-158.696,101.954,-180.14,-40.7511,
		node -71.2161,129.634,-56.5198,83.265,-95.16,15.3816,-115.47,-98.5788,50.5334,-42.6367,-38.7831,58.7349,-94.5001,168.575,105.753,-68.5962,-23.438,-161.585,-167.28,-95.1381,-8.18818,-37.092,-37.1334,-94.1098,-41.042,136.716,
		node -89.9002,34.3154,18.5546,53.748,-60.5387,-79.2003,47.7051,-3.43927,-174.409,-112.524,-81.0232,120.098,46.4956,-104.469,-29.8175,-77.7136,-41.6325,-75.4323,82.7218,52.2312,113.416,-66.717,54.9572,-62.7895,61.1084,-34.2237,
		node 94.797,-140.336,-150.039,190.27,-76.2617,-65.1258,46.8287,37.943,-35.1939,45.1253,92.3652,-89.6715,30.6946,-12.5773,87.538,-29.2949,-65.9052,-32.9752,-65.9685,-33.129,-163.147,-51.6922,50.2816,-109.023,104.908,-81.4885,
		node 2.47631,-20.5464,34.3753,-69.3297,19.7931,-90.0033,-23.7705,-60.7925,164.767,-33.6782,-3.59923,59.7952,-60.9855,41.2647,143.729,101.188,-23.5087,-36.513,26.4864,-9.55189,1.00353,-17.5638,-21.6542,83.7963,-125.087,42.0016,
		node 115.526,-29.321,24.7742,104.141,32.911,0.806526,26.5854,97.4801,-9.13981,-127.737,-103.843,-85.9933,-33.0106,-10.4509,-80.8606,37.3737,-33.4714,-71.2728,-20.9351,36.4031,110.338,43.7302,-7.22116,-45.8603,121.339,50.6682,
		node -62.7993,-42.9371,-48.989,-202.54,201.072,62.0842,-36.4381,207.35,-170.48,-33.5043,166.6,-14.2473,68.7306,-62.959,-30.4713,-130.139,114.152,-114.724,-27.9978,1.35082,-3.86086,80.1903,-69.5066,-5.83984,14.504,-55.1895,
		node -14.4485,-7.78802,-58.9176,-110.792,121.64,69.4806,-83.0717,-8.7523,-163.597,-21.6267,-181.048,-113.842,-21.8555,-57.1088,-43.7551,0.0208897,135.78,-54.5313,55.7301,-133.247,-82.2313,-58.7791,42.9871,-32.0347,20.4827,22.8111,
	layer
		node -60.3334,33.9478,-56.6244,-16.8842,-54.3875,-151.609,34.1874,44.2021,-35.6393,-113.315,-16.9231,
endPlayer
