// Player41
stat 7
	layer
		node -59.7793,-87.3712,-128.75,-184.178,97.0257,147.925,-62.6308,-62.5417,-26.2834,-0.908736,-115.511,-107.391,-76.1279,-44.2886,-58.0307,29.8955,-139.361,75.5166,-37.6202,-93.8384,-15.92,-47.2454,-49.3307,22.3191,49.0122,120.037,
		node 50.7403,-34.167,-49.0491,-75.3749,17.2721,-94.1452,-60.4364,-182.233,-145.041,-79.82,71.5405,-48.9281,20.2471,-41.7019,-97.2049,-57.2285,44.4038,28.9703,63.1427,15.9124,-15.4382,-73.3021,115.683,-8.31093,-114.076,100.981,
		node -53.8656,-105.241,-108.509,38.9617,-85.1106,-54.0838,-63.8832,-43.1663,-56.207,-96.1277,-68.4409,-44.0562,-209.239,-119.029,-28.004,-54.2293,148.987,70.1321,-27.2339,-33.5194,-105.328,-98.35,-158.939,57.5042,118.361,-48.4985,
		node -73.0662,-82.8283,-82.5193,-155.699,-21.3411,9.4821,-119.373,-95.3977,-60.8774,242.686,-13.5176,42.9555,-50.251,-21.9154,94.6221,-61.5961,125.286,-159.012,-42.6846,34.4969,123.876,-150.418,-37.4464,-94.5426,-54.13,-28.8088,
		node -71.5477,5.44968,-35.5111,53.8313,-51.6293,-50.0383,-21.9716,-0.180563,-153.378,-120.731,-75.4848,14.1312,15.1062,-70.972,-31.7835,-73.7379,-145.151,-1.21306,-145.133,-15.2603,108.749,68.0726,-99.7256,-80.1464,54.3035,19.2541,
		node -47.0257,13.7726,-61.2938,206.567,-79.8004,-28.9968,-59.5463,-27.6527,-116.955,35.6538,83.3638,-35.8331,34.3807,-113.995,-54.1159,-58.8597,-56.9623,0.503619,28.3672,-5.2378,-165.048,-48.6415,145.959,27.4397,-23.1185,-51.659,
		node -53.577,-51.1272,-2.76296,-73.6825,-83.8536,21.9091,31.6651,50.591,146.598,-82.3408,-17.6351,19.2186,-62.6284,50.9797,146.572,100.544,18.4313,-32.3901,29.4829,-52.9113,-103.42,-16.2208,122.79,-14.711,-56.2513,-86.3858,
		node -78.6912,-95.5268,19.7448,-104.756,-89.5387,68.6629,-29.2227,99.5524,30.2252,-133.317,44.0161,108.405,-0.37817,-72.6762,-11.6527,-10.8482,-53.7578,87.7669,-51.2297,-22.3696,131.996,40.8886,-10.9235,-15.4432,-128.6,44.687,
		node -55.3518,-46.6479,-60.021,-202.108,-146.465,-50.8852,15.4875,216.019,-173.048,-41.9698,-158.509,-41.1731,22.6784,-59.7245,-29.8427,-62.0334,-25.6676,-6.36563,126.222,-10.753,222.242,92.5493,87.4471,109.981,-12.8462,-84.7675,
		node -26.5491,-12.1739,-45.7705,48.7937,123.753,50.4474,2.57132,-78.3948,20.0579,-33.2847,-87.5588,56.0101,-1.07301,-80.836,135.914,-2.87894,-38.105,-68.9678,-50.8443,-123.779,-75.7163,-65.4086,37.9072,-21.0521,28.8086,-101.38,
	layer
		node 173.72,43.0155,-2.52257,-60.7214,-54.5687,-124.941,-75.5429,-26.4884,107.244,-19.9541,-65.6978,
endPlayer
