// Player34
stat 7
	layer
		node -56.3008,68.0961,-28.4455,81.6214,-95.4316,-15.9544,-33.9114,105.716,-35.8221,-10.6382,41.4188,22.1563,-41.2254,131.936,51.7257,57.6238,-97.4136,-92.9141,31.5456,-92.239,56.677,65.6408,38.6035,-27.051,76.815,66.1338,
		node 34.6281,90.4247,63.6611,37.3008,44.0083,-14.6462,40.0055,-20.7094,49.7781,-1.28796,-66.5175,5.08893,26.0965,4.27502,-3.05034,67.5123,20.7989,-142.831,57.3851,-110.221,111.704,8.42797,102.745,-13.2015,47.4579,26.8554,
		node 54.7591,131.139,-57.7401,-17.5449,11.4189,0.242749,9.10618,-89.5032,-5.60819,48.6005,-72.4169,-45.7028,80.3317,87.5908,6.74657,35.2976,15.373,-83.8486,-93.2652,-69.3555,38.2722,23.608,-21.5845,-1.34851,67.9518,24.9501,
		node -15.0351,22.211,57.1601,54.8878,34.1492,-29.5036,40.5282,84.0925,-79.3435,125.511,-84.6381,-17.1576,112.851,-22.4731,-66.6711,31.7343,3.78066,24.3128,-13.4032,46.6412,16.5434,-12.9859,4.85497,-52.9779,-55.9008,58.4366,
		node 3.48635,-89.4741,28.3631,27.2681,-32.3392,-83.8832,-24.1507,-55.2672,79.2221,147.873,34.3257,102.065,74.8451,41.941,4.34598,74.1853,-107.268,-39.7514,-29.9157,24.1653,97.6021,-18.8472,-66.8294,77.0474,37.1956,-90.6919,
		node -50.14,-109.461,-167.485,15.3647,-49.8958,8.23905,13.7378,52.5666,-27.8005,-41.5443,-60.6132,77.5822,5.79691,17.741,25.6211,42.7629,-45.2902,95.6103,-47.8018,-47.9256,26.9291,98.819,61.1699,-56.5949,-17.8743,-47.0902,
		node -37.8365,49.2014,-24.2209,-139.191,-88.3904,2.67577,-6.93801,3.96824,-14.5204,49.8275,-83.8605,-21.3552,88.7274,-55.6525,153.685,44.5354,-41.4618,31.0042,8.21108,97.3478,65.6925,-43.0921,96.4623,36.8155,29.5726,-21.2483,
		node 44.5422,-50.3604,2.03353,-10.8961,35.0182,134.879,-11.3357,-93.7367,-27.2682,19.1076,-165.709,91.2445,-45.7861,-31.8087,-40.8741,-16.2689,-22.2647,41.738,-30.8789,1.43771,44.3309,-31.7936,39.2314,101.319,-80.2868,41.974,
		node -15.4598,61.2117,98.0571,42.3766,18.3062,-41.0864,37.239,82.8531,-1.70792,-55.961,-52.1311,100.711,-58.0538,-43.6183,-19.4526,-6.9245,-135.435,22.1653,-4.95549,46.957,-77.1194,8.76254,11.3514,61.1438,-38.4818,-25.2199,
		node 8.96725,-12.0941,-65.0326,-76.3506,18.7282,132.063,109.29,-70.5515,24.496,30.5717,103.943,-13.7071,-155.118,-158.102,-2.74878,56.5947,57.4456,-26.8218,-5.92324,8.47163,-8.76113,138.808,-42.1057,-27.0753,27.2799,1.40871,
	layer
		node 16.3932,-5.65864,21.6527,68.6277,-162.312,96.2162,-83.7303,-135.835,24.6074,116.849,-30.0312,
		node 37.2233,-54.7337,64.3795,-73.6921,79.7014,5.91766,-13.6778,63.5631,101.721,-109.609,108.199,
		node -3.36408,19.2224,7.91419,61.4313,23.7007,47.5699,45.7788,-159.714,-41.37,-9.70105,-4.87901,
		node -42.3748,36.3655,-72.5937,-46.6494,150.753,-47.1038,36.8716,21.6815,-1.24683,-42.0489,-83.8456,
		node -63.8563,88.7021,-52.7286,-54.0374,30.262,-62.6406,-9.174,-61.2454,-40.4347,123.738,-41.3116,
	layer
		node -3.03467,-160.865,-37.2619,12.08,-37.2574,-172.984,
endPlayer
