// Player57
stat 5
	layer
		node -73.4834,13.8525,11.8144,-65.2805,-73.029,15.1465,-36.5712,-18.4006,82.1576,-47.2998,-5.35374,-69.2516,-38.246,115.58,55.2567,55.5662,-104.832,-65.5648,29.0136,-97.7606,59.986,-51.0112,-9.40449,20.3883,14.6361,59.0335,
		node 20.2883,77.7023,65.2002,67.86,37.6837,156.595,-79.2547,64.1551,52.8874,2.64283,-39.0294,0.433295,56.6152,-1.74848,0.458832,173.243,4.76152,-129.455,56.8511,25.4439,98.9025,-50.3085,20.7666,-167.182,35.2316,27.1987,
		node 42.5871,175.486,21.2145,2.18344,-35.7358,49.8062,37.4661,-133.342,-35.601,-13.9153,135.875,-1.49175,78.3036,79.2532,71.1425,-43.5155,33.8115,-62.6866,-37.2011,-53.5532,-74.4369,67.6697,-37.0455,20.2178,-13.5786,-68.103,
		node -14.4431,-0.766674,-127.127,53.9675,33.5028,-31.4162,43.6832,-43.3324,29.3219,118.088,-101.988,-64.1895,107.483,4.00618,2.16029,33.6335,-68.4206,-11.1592,-29.5548,42.943,-24.7172,-40.9615,3.44392,-72.494,22.863,73.8548,
		node -10.2844,-140.857,-30.8114,22.2693,77.9801,-10.2561,-48.5469,-47.8613,-28.8651,13.6428,-23.8609,-55.5195,72.6421,18.678,86.4306,97.9038,-31.3786,-33.0074,-34.1808,21.9087,90.874,-11.3191,-76.6047,-66.9408,11.4463,-93.4791,
		node 32.0901,-109.726,-100.54,-17.3682,10.6392,-140.189,17.247,42.2923,32.9182,-65.9895,-71.963,-76.0297,24.4177,24.7461,62.7837,75.8372,-17.4392,-36.3095,64.1686,-23.5614,29.6673,97.0978,40.0026,-64.7442,25.8532,-53.4627,
		node -2.91725,69.186,52.2582,-129.781,-101.662,-72.8533,-34.2294,-54.3856,-16.8108,8.43073,-84.6113,11.8243,-111.828,-67.4376,63.6012,-18.7787,-96.0675,17.019,1.67928,-43.7427,-129.208,-37.5581,-51.405,40.7252,18.5036,18.859,
		node 43.5644,70.7483,-65.0224,1.67941,18.5436,118.155,-20.269,-90.0476,58.3725,26.226,-2.61001,69.5157,-61.467,-43.0972,26.3363,-37.4243,0.535234,-17.8277,31.7247,-38.0956,-85.2687,37.5354,-48.6354,104.506,-47.859,48.5124,
		node 6.31416,41.097,-12.1645,55.3822,7.29219,-37.6873,19.6989,61.8151,-15.4478,-59.1359,-73.4713,87.0539,105.37,178.657,-6.68626,-16.6641,-128.748,6.36995,-17.0239,51.0716,-72.0539,-43.6307,105.264,-40.7564,-41.0129,-12.5086,
		node -20.3017,-59.4428,-49.6332,-80.4107,30.8616,40.4179,44.6603,0.532294,24.2428,-111.492,-32.6595,11.2253,-133.571,-80.573,21.9629,39.9338,-40.0244,-62.9065,5.84145,11.5209,-20.4336,151.332,-51.605,-30.5894,30.0612,29.1259,
	layer
		node -53.934,-77.1982,-14.2603,67.04,-140.535,5.38335,65.8868,-26.147,-65.865,44.6225,86.9233,
		node 97.8953,26.0741,47.4087,-50.8864,-71.9931,-51.2802,89.4958,64.4298,-74.4619,-51.8835,-135.874,
		node -89.3287,-71.5069,-28.3997,9.09527,-71.2186,16.6881,47.6081,-97.1907,125.876,-75.3742,-19.5008,
		node 51.299,27.6168,54.3326,-106.064,146.126,-59.7978,64.6513,-49.8154,-46.7411,-13.4905,-178.635,
		node -48.163,-49.1621,19.2212,-163.961,0.272256,-36.5034,-16.5981,-172.751,-39.7216,130.993,-51.3508,
	layer
		node 20.8967,22.1574,16.7285,-123.294,67.5578,80.2546,
endPlayer
