// Player20
stat 5
	layer
		node 60.5029,7.77119,22.1145,77.5784,-74.4144,11.7482,42.2053,-18.8,85.6357,-23.4201,-10.3414,-35.0927,-39.387,129.43,61.1784,46.8921,-103.212,35.1386,34.2917,-90.8171,51.3377,67.0713,29.285,20.6133,-78.9073,55.2125,
		node 24.994,80.0209,57.0114,-111.203,12.9424,-26.6829,161.658,59.4779,14.9716,14.6281,-66.9694,-3.03125,17.8659,-1.46156,17.9126,184.15,0.73785,-126.608,5.05922,-122.251,121.608,58.3255,33.9515,-169.311,23.8208,13.5061,
		node 58.3499,172.626,44.376,-4.68985,-23.0593,27.5856,16.7264,-93.5724,3.12022,12.7343,151.279,-9.0753,-37.0473,89.1024,25.6637,36.116,5.24115,-45.158,105.475,-68.1466,42.3571,-4.60761,-30.1446,2.09131,-13.0317,60.3776,
		node -32.3554,65.3708,-113.831,91.2671,29.3866,-33.5488,-38.0101,103.89,29.7323,140.65,-82.959,-54.5886,110.965,5.22696,-8.0452,41.0039,31.9323,31.4407,-7.71626,27.7716,-2.60496,87.7588,0.138458,-52.5196,-57.0437,71.3144,
		node -35.4638,-96.5049,-32.5984,26.0601,-10.5934,-26.2667,-55.9214,-66.0792,-32.6552,146.897,6.04007,-42.5858,57.9881,-10.7504,74.5671,56.4605,64.5097,-18.7072,-176.176,15.9575,97.1242,-25.0179,-104.899,-57.9435,16.2292,-68.3512,
		node -54.1457,-98.5226,-109.001,21.6688,51.1288,139.134,10.4748,132.815,5.33085,-51.5779,-71.2508,73.6618,15.9964,21.7699,64.6412,95.5877,-37.9988,88.1219,47.0875,8.7815,38.5236,135.149,80.0351,-38.6567,-167.383,-32.1094,
		node -33.5851,65.1413,118.192,37.0556,-14.7882,3.19369,-33.4353,-20.4388,-20.856,50.9619,-83.4781,78.9599,-105.098,-42.6635,43.5734,-24.0708,-83.6476,26.5113,14.3611,-44.2862,-124.559,-37.8415,-58.4371,47.4878,23.9594,4.13384,
		node 46.2566,-42.4233,-68.4155,9.26236,22.4706,127.143,-25.8927,-83.2433,65.3296,15.4757,31.1344,53.0855,-56.2352,-49.4017,37.5899,-22.5508,-10.2712,-25.6008,-60.2292,-37.8693,-49.0618,-41.6651,43.5789,46.4553,-63.4263,55.205,
		node 125.674,-27.9617,30.167,45.708,-120.77,-105.623,3.08054,-91.6851,37.982,-66.1478,-80.413,-12.0544,-60.9359,164.125,-10.1031,-20.7849,-128.843,31.2423,-19.1482,31.8019,-70.2625,-44.65,43.4937,56.9648,-36.267,-13.4443,
		node 6.30733,-81.7415,26.9275,70.2131,26.3846,46.1114,-28.9111,-12.0555,-76.8495,-108.276,96.2976,0.208293,-137.585,-148.49,137.444,71.5113,49.2636,-76.8496,-27.3496,-0.39421,-26.9672,129.142,-53.8936,-28.6168,36.2187,33.9246,
	layer
		node -43.2082,89.2244,-139.849,-14.139,-81.6991,57.0948,-83.6663,-32.6397,-89.6264,-66.189,98.2395,
		node 4.06294,81.2884,-16.3324,-69.0363,-78.2579,78.3345,-57.4169,76.855,-3.56606,-42.1052,7.29323,
		node -52.3555,12.5135,-21.0843,21.5205,-70.8116,-15.4318,44.9646,2.15368,42.8053,-79.0578,24.7412,
		node 51.0668,21.7698,-27.9383,-107.964,-162.494,81.3256,35.628,16.985,-15.5804,164.95,-168.206,
		node -28.6462,-66.3893,32.9997,-82.4018,-66.797,-40.9129,-53.3562,-164.725,48.254,98.3072,-31.6934,
	layer
		node 25.1445,44.2249,-63.2372,-155.872,83.8498,22.0974,
endPlayer
