// Player79
stat 5
	layer
		node 81.2677,-13.397,-154.616,103.964,-31.6372,22.3383,130.079,58.7674,-10.2859,4.79394,-8.6545,6.14998,-76.4872,-24.3105,77.8568,100.581,-16.2213,-151.982,-77.2361,-65.339,-98.5847,-38.8358,120.704,-15.237,230.411,-72.9421,
		node 114.32,-158.281,-98.5389,-44.328,-41.9281,-104.629,69.6383,65.479,27.1483,82.2044,7.85884,-43.2476,122.567,33.7892,59.6011,49.3791,-2.63602,-98.5389,3.92672,-98.7663,15.4231,-98.5538,-144.565,106.11,29.2878,-11.0453,
		node -25.9112,-29.5673,136.165,-80.7996,14.3021,-30.0936,59.1448,78.5786,118.142,-108.232,-110.139,92.3718,-133.209,2.19048,38.3302,5.60391,-11.8093,62.8759,5.71156,-32.3883,-47.7688,-99.1556,-55.1346,-24.5613,57.9003,-59.8962,
		node -21.012,-86.2947,-15.3176,10.4499,131.062,-20.775,-89.4282,-62.3053,-36.558,-10.148,-106.865,42.4149,-57.1264,39.5343,95.539,-26.8588,-44.7905,-88.5762,105.406,87.0827,-110.914,-212.211,32.6087,101.58,103.469,87.8905,
		node 112.379,80.4237,108.118,-82.6966,-35.7304,9.95467,-73.0654,72.8816,-48.0351,101.694,-251.115,26.6427,-73.9931,64.1099,-274.713,-52.0896,35.4058,-126.274,-45.2108,46.4389,-274.717,113.269,26.4157,118.963,40.8824,-63.441,
	layer
		node 125.037,-108.642,-65.2408,-80.7496,-98.5506,-28.0513,
endPlayer
