// Player70
stat 6
	layer
		node 70.3544,-9.10552,-146.309,104.229,-35.8518,33.5351,-86.6657,-254.215,-19.8926,-18.1699,4.86205,45.5077,-63.7146,-24.3662,74.8712,89.8737,-16.7515,-149.158,-70.788,28.6342,33.7925,91.3529,-179.749,25.603,231.055,90.1835,
		node 115.881,57.3683,36.8273,-46.4509,-46.1243,-88.3179,70.2921,-43.7781,48.8258,-64.4218,-50.14,-21.9463,118.673,39.0761,53.8172,16.5871,-7.92014,-296.589,4.44128,-18.3823,0.480987,-96.2599,-142.507,-69.7262,12.6709,-11.4194,
		node -35.0803,-32.0951,143.365,-83.5779,29.5793,41.1274,-8.79387,-58.918,23.0229,-65.041,-33.2296,-76.9882,-126.398,0.318724,30.2607,4.1861,-86.5231,-261.393,-76.9485,-33.992,-48.8855,-0.0642754,-63.6776,-22.7974,90.8321,-64.5922,
		node -18.2181,-95.3544,108.988,28.417,124.58,-16.0831,-88.7174,-51.405,69.2698,-5.38419,-81.3989,77.4126,-58.6425,30.6928,95.1956,-23.8651,-50.3954,98.9155,-143.714,79.7462,101.013,1.9781,65.3339,99.7097,-23.8681,95.1367,
		node 97.6514,-101.164,105.589,-86.1507,-47.3326,12.5954,-81.295,72.6605,-49.2663,-75.9942,-258.374,-74.0548,-70.3165,40.4125,-7.47146,-50.3236,26.4628,-122.4,-47.4544,47.026,126.813,54.9942,17.1845,110.516,40.082,49.2498,
	layer
		node 24.15,28.275,-26.1569,-26.1569,-97.883,-72.6863,
endPlayer
