// Player44
stat 5
	layer
		node 53.0435,-6.96448,24.9968,37.243,-89.0422,22.7396,-234.089,-228.398,-253.415,126.634,34.3212,-28.0448,106.453,18.09,-51.8999,-243.243,-150.325,57.4786,-209.544,134.781,82.4673,22.9394,162.697,-129.888,176.344,160.178,
		node 72.2598,23.8701,34.2906,-28.0009,-132.63,-62.6576,-23.9279,41.4712,-230.436,-10.2304,-27.8009,-8.37456,-58.7606,105.039,41.159,-154.664,-48.9424,-6.10331,8.68681,35.9963,-27.6158,-176.058,-190.347,-124.151,-23.7064,-104.492,
		node -60.3686,108.109,-11.7897,63.8798,-132.526,-12.8118,103.119,6.8375,-51.6054,-112.865,-123.089,84.9995,57.1441,-21.9913,-39.3337,-6.57955,20.1429,-128.979,125.372,11.4523,35.0254,118.953,-109.804,12.1208,3.64462,-66.6554,
		node -167.44,-13.8125,45.2638,47.4772,-151.825,67.1947,22.3087,46.7339,27.1417,-37.8574,-154.426,119.117,-109.298,9.04458,-25.1333,0.408177,191.547,-158.175,-10.2821,-42.3348,157.487,-121.978,-58.2927,143.065,98.3171,39.5509,
		node 29.0892,51.6727,-34.37,60.6822,152.879,-21.4067,-13.228,2.58378,6.60179,-40.6251,23.2042,-36.8895,-212.064,67.8836,-123.123,-221.503,6.24068,34.326,-147.413,-119.606,-21.2802,46.8663,9.82311,94.1059,115.541,154.965,
	layer
		node 122.864,40.9478,1.68391,57.6138,121.799,29.5779,
endPlayer
