// Player69
stat 7
	layer
		node 222.039,40.1296,118.474,-415.347,229.13,219.012,85.8041,23.4918,140.624,191.64,192.723,18.7535,119.225,211.052,133.223,97.2754,144.909,211.583,133.656,144.37,109.619,168.584,194.292,3.17002,-432.643,28.4026,
		node 223.686,-466.072,34.5047,27.2082,214.713,88.2137,-391.672,136.007,90.8265,188.064,176.086,-352.197,78.2785,180.955,254.646,213.065,21.183,147.538,-4.1887,197.569,93.1692,244.487,127.66,157.256,111.876,58.8277,
		node 240.073,-423.773,139.496,218.61,-370.49,73.5434,114.637,146.442,82.258,258.616,78.3144,130.545,291.02,174.382,83.9617,157.531,144.84,127.351,211.644,184.771,-397.467,136.839,283.458,120.682,-335.958,88.6164,
		node 183.029,265.897,174.9,141.562,129.747,39.6065,165.196,109.575,197.084,118.971,126.32,106.88,149.711,134.141,25.8229,160.375,214.561,117.498,159.225,233.654,38.9036,51.3551,53.8382,-342.852,29.719,259.493,
		node 253.827,-412.786,189.721,112.076,82.3118,138.55,192.662,52.9444,96.1044,71.5946,119.955,-272.762,153.555,324.29,181.855,156.986,87.5193,161.193,172.003,98.9318,29.108,238.182,86.7396,-443.817,172.297,263.579,
	layer
		node 155.995,225.366,34.8865,246.011,113.95,-407.281,
endPlayer
