// Player71
stat 6
	layer
		node 162.777,14.5658,119.84,-424.282,233.701,81.8297,101.057,13.7108,141.696,268.902,195.795,177.668,223.247,136.586,12.7725,247.449,165.556,141.406,120.357,65.3737,78.1247,142.572,204.833,14.7827,77.5213,113.771,
		node 178.939,25.595,182.091,154.823,155.061,95.2205,-394.944,218.309,21.2095,188.971,270.677,-357.563,58.6146,139.648,151.111,169.159,16.3942,142.511,116.376,163.482,120.236,253.557,113.251,139.487,263.549,67.8243,
		node 226.546,120.681,185.097,232.687,135.138,16.2442,230.91,129.682,187.178,252.709,52.6622,155.255,103.401,131.624,86.9023,116.911,143.179,153.849,87.41,183.712,-400.089,67.3822,31.2197,98.9574,5.03593,74.7692,
		node 122.02,30.1674,-515.024,292.245,58.4444,144.563,139.115,167.285,290.128,13.0896,75.2536,93.8817,83.0235,140.993,145.249,144.819,101.368,146.467,125.717,245.554,-372.285,186.478,140.26,-344.826,70.5504,103.896,
		node 227.641,57.6476,174.9,101.671,22.5132,153.69,185.548,261.389,206.128,57.1249,103.944,-265.793,76.1613,128.967,-455.979,123.775,83.2545,290.111,154.32,152.932,32.3501,68.2227,119.995,150.606,153.841,61.0663,
	layer
		node 183.053,216.634,62.189,157.031,224.253,49.1097,
endPlayer
