// Player88
stat 4
	layer
		node -165.563,-281.258,214.033,195.044,-145.048,44.6714,-137.803,-30.5722,44.8718,-30.8673,245.057,-111.124,20.5219,163.917,80.3765,-6.91392,99.7408,-26.7688,-16.093,33.9143,198.633,183.991,107.133,-3.32857,-36.2725,-2.31049,
		node -160.546,-14.996,38.5755,3.40915,107.547,-94.4257,-64.0624,-79.3058,139.652,122.427,65.7987,281.845,59.8043,-156.457,93.526,12.6087,-332.26,172.242,19.557,-64.3136,-40.967,-16.6689,58.5668,-238.269,-148.747,29.3131,
		node -129.639,95.7004,107.222,50.3384,49.9472,-73.9096,31.4271,-126.32,-8.34356,-150.481,-104.776,-39.86,42.0009,149.79,142.29,-313.194,172.923,-29.2315,83.4604,-135.19,29.7464,-43.9742,-51.4724,120.655,67.9888,-1.78571,
		node -3.11077,-332.485,38.6848,211.126,164.013,34.074,116.532,-32.4819,193.544,29.9378,61.3517,15.8164,-20.6434,-166.613,-162.411,248.444,-172.578,-178.817,56.3498,-271.598,-124.555,69.2248,30.7734,15.2004,-205.287,161.788,
		node -123.235,185.372,-236.417,-169.656,109.558,-104.386,42.6244,41.9779,19.0815,-31.9188,31.4088,10.4584,104.419,-87.5714,91.5474,-203.057,-159.04,-37.3703,-129.537,178.178,-93.0777,-124.037,248.673,91.2924,5.08243,109.739,
		node 131.039,97.9443,40.9123,-76.7664,11.4008,-4.507,83.4364,-126.888,-166.651,37.0681,180.542,-81.5477,-130.506,-232.785,55.6618,134.136,132.52,-130.495,216.285,57.7817,206.573,-51.5175,-135.896,35.1406,26.1296,113.937,
		node -36.1526,-14.4384,-254.688,98.7465,-21.2376,76.0098,-79.3207,121.964,-104.3,58.6667,32.6418,-16.8283,137.129,-191.226,-122.002,-318.53,-135.631,-226.628,12.7918,36.8683,50.1302,123.647,131.7,145.152,-64.4311,-266.167,
		node 44.3302,-62.9361,-256.836,159.452,16.1895,-0.24267,22.2752,29.5291,-29.1772,-314.904,-130.452,215.474,-126.331,-107.838,-196.106,34.2488,112.752,-164.569,159.649,-105.451,-141.194,132.041,-197.873,189.377,-30.0871,-210.653,
		node 52.5442,-138.699,37.0392,150.994,-210.9,91.3162,148.841,78.4351,234.56,-198.637,28.6372,-91.9194,22.492,207.11,42.6289,-212.137,-243.941,-197.851,57.6891,250.781,47.0973,-43.9407,59.8951,145.019,-63.0481,46.5529,
		node -112.488,34.5612,38.1762,257.928,-154.213,169.819,131.501,-124.408,125.575,-44.1778,57.4441,20.4082,144.792,-249.77,-2.67819,43.8698,97.6341,-2.76052,-52.5137,-60.929,-250.667,149.37,258.059,38.6515,34.8117,78.8558,
		node -162.911,-64.585,106.923,-134.046,-15.3174,76.4369,-142.814,48.6801,5.8176,-3.81616,-260.826,82.7188,-57.9971,-9.07738,-55.0844,194.537,-147.923,-117.943,45.6753,13.5925,155.763,-17.8851,62.8895,142.932,21.6736,110.123,
		node 12.1746,-32.2081,-121.47,-101.403,-6.36691,32.8832,16.2314,-10.0292,93.7923,166.342,141.375,59.0876,-111.712,-121.774,139.62,227.875,-105.32,-62.1467,114.673,-62.6278,-123.446,127.253,-41.2805,88.7895,199.771,113.538,
		node -9.8799,158.994,55.673,102.551,115.955,30.4997,285.847,87.2821,5.29474,-194.825,-69.7783,5.90988,102.673,38.6996,54.8936,-238.47,67.057,69.4681,6.88551,-167.553,75.9385,-69.4655,167.792,-37.1751,-8.10481,-9.60514,
		node 179.027,-60.8219,-184.091,-88.6649,159.46,-37.737,327.486,-35.6965,-169.868,0.918456,77.3786,49.2398,102.641,6.55278,-261.083,-26.062,18.6591,61.3229,111.581,-76.6196,88.5028,-23.2952,117.005,166.62,43.0219,-9.4512,
		node -90.3218,108.782,-193.038,127.267,17.5841,-40.0412,86.7387,-2.10441,-0.24501,-86.2732,18.5299,-115.193,17.6496,-134.326,73.0833,-227.871,-106.419,-52.2561,-64.2835,-54.2647,81.8975,81.0341,114.448,-5.14249,160.89,-28.4987,
		node 42.9072,-211.47,187.073,-152.831,-37.7226,0.277271,17.9081,31.7933,126.369,28.1457,225.101,-232.59,9.22546,-56.8078,-32.2573,108.12,23.9331,16.1573,-2.05346,-87.563,-136.961,38.6921,-55.767,186.233,134.839,-12.1713,
		node 41.3153,76.8512,-116.467,112.108,62.3762,-319.403,21.8009,93.0585,51.2233,140.273,-29.1039,-114.065,267.74,61.7375,-22.8719,99.101,84.9996,-189.158,-162.117,-92.1234,19.2552,-153.743,34.8522,-244.944,65.4225,-173.957,
		node 92.4078,-52.7834,-156.159,-35.4209,67.9496,251.588,151.151,-19.5279,15.2508,-188.028,82.0294,250.729,69.5027,-166.841,-42.986,159.031,91.451,92.1754,-78.615,229.755,-169.573,181.613,124.74,-28.6499,92.5527,1.2555,
		node -7.86113,-58.5196,-120.292,-117.816,-40.8061,2.85928,73.2056,122.51,192.19,259.4,37.6574,131.651,151.611,41.9936,102.739,178.288,145.728,-137.815,-36.5195,26.2832,36.1338,115.962,-124.087,-130.37,98.2577,32.8349,
		node -227.226,162.68,-71.7907,107.971,61.2357,185.973,11.8292,47.3314,47.5023,84.9063,106.274,248.04,-333.113,-79.0327,112.979,-120.154,-113.019,195.791,66.8029,164.305,-35.6555,103.874,62.8983,22.3968,-168.595,-33.0906,
		node 143.06,-305.007,67.8536,-66.3905,-345.723,-49.6951,-6.84391,45.5357,17.8674,-97.3974,31.741,-203.735,-158.904,46.3211,82.6958,84.9951,66.3063,23.0064,115.365,64.388,7.36727,-197.767,-42.0655,-123.811,31.8806,94.24,
		node 166.068,73.1475,81.8584,42.9005,229.226,141.769,69.0032,66.3891,-130.666,-311.398,-19.0527,132.747,154.229,-13.217,8.67194,70.909,48.6039,72.6156,10.9242,-49.7937,109.492,58.6879,-3.77386,-154.601,-54.5177,-223.039,
		node 39.106,164.155,-76.9039,-174.966,93.6474,118.783,-118.501,206.377,4.77257,62.9313,151.089,169.615,-159.782,-81.1912,177.319,12.2399,137.17,88.2284,101.099,-42.1061,330.294,67.2451,-32.0035,116.262,168.817,232.497,
		node 225.801,-164.934,260.056,-335.701,194.975,127.594,23.9756,-35.1572,-16.4878,-23.7352,49.0095,32.1643,84.0347,62.6462,-86.6323,-43.0557,-141.589,31.7034,179.667,121.358,82.8573,-148.978,26.9739,62.6102,-49.9417,-227.488,
		node -51.3797,-111.233,-121.104,20.3324,-147.989,132.372,-47.1374,-42.3593,60.9602,83.9407,132.482,-161.29,-228.333,-160.254,1.4911,40.4704,46.489,-16.719,-87.1395,-52.1557,-133.913,-305.75,-188.247,-130.223,-191.405,-187.473,
	layer
		node -48.9844,36.2912,-76.2003,160.111,-55.8305,87.5365,43.2993,144.828,30.8963,53.0597,190.24,95.932,17.9767,63.8774,135.616,88.4361,94.8609,188.376,-12.7726,-114.982,-24.8747,130.371,188.375,-49.9665,123.72,-64.763,
		node -174.299,-289.788,39.8687,-75.188,121.458,-132.656,128.282,9.47751,-42.2122,-199.437,113.698,154.761,36.2907,-201.462,161.963,108.276,-48.5867,-144.432,28.4065,159.082,187.076,-71.3949,-7.69889,-92.5374,152.124,15.212,
		node -236.5,-108.555,13.5933,-109.333,32.3782,51.7202,21.0268,74.9651,84.7795,-7.56453,-29.1596,31.7238,46.8584,-34.3687,52.2478,43.3663,-104.369,64.8424,228.798,-69.8337,230.974,-107.656,33.7516,152.64,18.7044,-85.0186,
		node 103.392,46.9574,27.974,137.529,76.0518,34.5011,17.8162,-17.1124,-88.8173,65.8723,-26.7924,-50.5356,37.8685,-44.9415,-34.3308,-60.1403,82.4934,136.423,-71.5111,94.5461,189.699,51.1691,2.90335,-14.4482,135.308,-40.6612,
		node 93.6637,50.9571,35.0754,170.941,-49.5898,70.8385,-1.57788,30.0705,-118.477,50.1403,102.86,114.621,77.8756,-38.7679,31.5743,37.8095,-71.8574,142.244,43.7086,-209.207,-60.9405,-15.1826,87.0449,-19.4394,28.0496,142.899,
	layer
		node 94.1354,-128.848,39.3704,116.47,96.9825,29.9459,
endPlayer
