// Player56
stat 7
	layer
		node -158.179,-290.757,244.25,-212.194,-135.034,20.0276,-129.731,-21.5155,47.8807,121.055,245.313,-86.1713,15.4777,154.103,124.78,-7.1012,90.1689,-30.5375,-3.40328,-267.094,-178.483,189.817,82.4124,-21.9143,-14.7296,-26.3682,
		node -157,-21.1186,43.9405,-1.00862,95.0441,17.1415,-60.2167,-70.2582,138.376,117.586,76.1864,265.197,67.6818,-140.963,82.4875,6.23951,-330.57,173.757,23.4837,-96.7715,-44.7577,62.7992,55.137,-236.36,188.611,31.5038,
		node -122.987,100.495,112.866,41.3569,48.6758,-81.0432,-27.7374,-153.724,65.5166,-168.425,-108.277,14.019,-257.801,149.488,146.644,-322.253,129.282,-35.4431,73.6484,-130.214,31.3617,-45.5505,-46.792,154.089,115.616,-7.00823,
		node -15.2914,-134.104,-143.77,-52.4088,188.667,35.92,110.47,-17.9132,175.913,32.2096,66.3693,23.1912,-74.1748,-171.735,-153.352,-45.1498,-166.586,-97.9278,-76.0467,-273.355,-113.841,100.475,-66.3008,15.334,-211.139,5.80658,
		node -146.896,185.997,-244.003,124.13,110.344,-102.457,20.1953,56.6985,18.2531,-44.7255,28.1945,13.2416,-146.302,-90.6246,99.3722,-194.935,94.0223,-53.0194,-119.376,179.04,-92.4204,-98.4881,243.244,80.4326,6.42201,85.7982,
		node 133.069,116.923,16.6955,-75.594,-227.125,-8.00613,87.3213,-201.025,26.024,38.1717,183.571,-102.58,-111.805,-225.378,31.9722,117.119,134.995,13.6812,215.493,67.9956,199.916,-49.2798,-79.5436,42.2162,24.322,88.9024,
		node -55.4762,-21.7669,-213.258,89.6861,-15.0998,69.8251,-71.8989,129.908,-95.8256,56.6364,31.5291,-34.4246,144.275,31.722,-119.906,-321.557,-270.491,-237.193,21.8759,28.5638,41.6515,120.828,105.233,152.311,-67.2399,-245.703,
		node 43.1957,-91.7457,-249.236,123.434,-157.021,4.11782,69.834,-49.3741,-20.785,-320.968,-122.795,199.446,-114.169,-90.9509,-196.069,22.1228,100.021,-162.445,168.224,-92.4717,-123.247,129.77,-213.143,184.943,-42.4102,-186.369,
		node 54.1871,-132.622,-5.48406,145.494,-241.928,-76.5677,-121.626,71.6827,233.088,-189.273,-211.998,-96.9077,16.0212,195.078,25.9377,-217.382,-240.955,-187.015,68.4174,76.4077,51.517,-59.7724,132.593,96.8821,28.9208,59.8147,
		node -115.907,60.5849,-40.492,33.8612,-174.887,-385.833,129.868,-134.767,119.514,-51.61,57.1147,-56.0894,134.289,-244.349,-104.747,149.891,77.34,-3.48937,-47.9533,-64.0217,10.7623,176.766,256.466,69.5774,17.064,57.4036,
		node -174.872,-63.7435,123.35,-121.699,-11.7846,70.1737,-193.941,137.885,13.111,-27.0115,-258.341,-11.8579,-61.0717,-18.8296,-55.7372,112.445,-159.111,-86.0917,65.1569,12.7658,152.609,-22.0114,49.6493,164.521,39.0332,98.0776,
		node 11.4697,-38.6116,-126.256,-91.017,-8.96189,125.761,6.83162,18.1763,68.2394,-54.7631,82.09,66.0017,-114.115,1.55872,133.811,-205.887,-102.318,-59.3659,107.926,-58.3293,23.1833,119.872,-37.3371,19.4644,126.561,112.912,
		node -5.54673,174.79,75.468,56.7778,-59.733,19.934,-56.1499,69.9025,7.8901,-199.85,-103.374,162.526,100.143,45.8361,49.9547,-236.403,66.5379,113.582,-197.356,-44.392,22.1143,-23.8846,177.85,-34.8465,64.0625,-10.4122,
		node 176.251,-51.8828,-141.141,-76.7158,86.5295,49.1204,326.882,-37.5759,-176.397,1.50391,74.6746,47.069,102.055,16.0378,-264.646,-19.6981,16.5919,85.1653,119.296,-82.6715,88.8468,39.8504,168.332,166.419,55.8811,-5.69662,
		node -112.06,117.043,-202.606,113.835,17.3951,50.6673,255.173,26.5187,0.110946,65.0381,-1.33466,-93.2813,-1.28438,-137.411,62.2671,-214.091,59.9436,-54.1601,-71.9942,-76.2819,106.809,100.033,108.841,-0.70141,163.788,-18.9095,
		node 43.0123,-246.618,42.064,-147.142,-28.7632,3.5476,18.4578,31.7569,122.681,-153.27,220.118,-44.5202,13.6312,-51.6606,-22.6259,98.5895,22.9113,13.275,13.8151,-100.679,-142.483,111.385,-53.5628,193.595,137.163,96.5121,
		node 66.9715,-77.3788,-126.628,28.1706,133.017,-304.414,32.1034,98.1401,17.571,145.89,-27.9786,-133.129,264.245,72.6154,-21.105,83.0591,77.5884,-187.591,-160.93,-106.571,15.3291,-172.236,35.6491,-235.856,-38.9313,-165.203,
		node 84.5629,146.922,-162.113,-53.8216,53.2942,255.32,148.074,-28.7235,4.94436,-181.283,87.4679,243.889,57.8251,-172.456,-51.0627,-220.429,81.7685,-145.886,-85.6901,232.127,-63.3576,178.388,-217.263,38.1063,57.9213,1.45114,
		node -14.2743,-63.5538,-105.481,-113.697,-42.054,-0.853169,63.823,139.493,186.592,-194.289,26.9838,138.996,164.938,43.7001,105.901,155.077,135.695,-169.572,-75.2033,32.0153,31.3986,87.4812,-118.987,-129.824,109.501,30.7665,
		node -222.401,163.805,-43.7827,133.283,27.6683,27.5411,12.4979,46.1015,-258.333,66.3901,241.312,275.671,-321.045,-57.2304,109.998,-75.4257,-138.348,194.941,-229.827,159.899,-39.6879,100.658,68.7919,6.43217,-170.355,-20.3302,
		node 147.264,-295.563,65.0155,171.788,-355.926,-67.9793,-144.648,91.6923,-28.1604,-97.6762,22.0625,-193.559,-157.143,53.296,71.9163,-116.56,80.7425,27.0197,120.542,216.063,0.657851,-219.751,-45.4551,-112.376,92.2296,63.4358,
		node 163.91,99.3139,28.359,60.384,230.957,134.95,56.196,64.6105,-118.882,-308.584,-13.372,95.7294,165.093,-15.5768,34.2984,93.6935,46.718,69.9083,158.855,-46.8754,82.4802,69.1759,33.4465,-154.149,14.5575,67.7728,
		node -259.416,161.58,-68.6515,-168.321,-112.112,129.812,-192.25,198.837,11.6971,66.4108,119.552,166.02,17.0385,88.5581,-23.2795,3.85036,-3.18666,-198.334,29.2831,-66.428,325.209,70.0209,-31.026,122.469,151.221,212.113,
		node 215.645,-171.957,262.102,-313.792,204.752,111.706,-117.032,-55.4949,-32.103,-7.01398,48.8585,36.8562,90.4774,42.0719,-81.8084,-51.1832,-142.643,-134.527,-66.945,95.2952,95.3617,-364.54,23.817,-69.6278,37.9265,32.2295,
		node 77.4946,-120.116,-112.609,29.3551,-146.948,149.49,-140.383,-44.4155,59.0555,84.1947,118.814,82.127,108.827,18.8742,-3.41136,92.6196,35.7113,-14.9145,-77.0619,-48.3853,-144.523,-318.975,-189.532,-127.782,-197.97,-180.688,
	layer
		node -48.8324,-26.3494,30.6136,145.851,-63.551,111.795,53.3039,8.58009,69.5614,-64.7,28.9088,8.6631,-101.181,72.4178,75.2162,-6.39301,243.589,189.593,-0.304917,52.0197,-193.41,-138.648,-131.374,-163.342,82.3217,-69.4822,
		node -167.575,94.5609,46.7333,-68.3068,100.129,-15.5005,-292.975,11.3586,-41.4186,107.141,47.1605,88.9978,19.9021,-13.3701,162.127,93.1774,77.8157,2.55014,24.8475,142.235,149.428,70.2252,13.0355,-317.458,157.891,21.8552,
		node -227.185,-109.296,14.6299,-112.234,36.7237,51.0148,72.1676,64.8849,85.3915,-3.95759,256.272,22.3372,29.2289,-31.4266,64.0985,3.65875,67.154,-0.369572,111.03,-93.4847,1.99024,-99.2494,22.0353,24.498,28.8455,-91.8303,
		node 82.9985,182.932,-48.7351,96.9323,51.4648,29.6741,215.206,-22.7932,-72.0431,95.5211,46.7238,-40.019,40.2425,-50.994,-53.9969,190.359,70.2769,133.456,209.573,26.8429,183.254,-102.085,67.6875,-1.53506,149.417,147.71,
		node 182.815,52.133,40.1009,156.886,-39.3346,77.2295,-7.22648,33.5072,30.6993,71.0657,-51.968,-231.797,68.5472,-127.368,33.8045,34.41,-202.694,135.346,44.3108,-28.4016,10.1108,41.3175,92.2628,-23.286,29.3686,-64.4633,
	layer
		node 14.6651,-76.7384,113.347,-173.486,101.854,229.089,
endPlayer
