// Player35
stat 6
	layer
		node -193.644,-278.932,234.72,-214.816,-128.494,20.6228,-125.021,-51.7286,62.6748,125.163,248.094,-89.1192,22.0894,149.348,90.7944,-60.6481,93.989,-29.4476,-14.3994,-257.837,-127.768,179.938,116.026,-9.83367,101.46,-7.1853,
		node -161.884,-22.1235,72.2136,-7.26515,104.507,21.6526,-46.3861,-76.6806,150.58,124.672,87.5697,293.647,69.6108,-155.872,48.3906,2.35906,-328.257,41.4022,153.323,-99.4431,-43.0116,36.4487,50.098,-222.277,184.684,27.5347,
		node -31.2429,108.483,133.432,86.7184,55.3695,-67.3409,38.426,-131.038,0.148113,-172.554,-102.187,14.7332,40.3766,168.196,133.968,-317.563,148.121,-8.76073,91.7845,254.758,33.7782,-23.2896,-41.3846,135.219,119.417,24.525,
		node -14.767,-139.108,39.8688,-53.1251,220.265,26.6304,11.397,-36.7116,185.647,37.146,-83.7983,-0.068399,-43.3734,-179.325,-149.236,227.096,-166.406,-149.737,-71.8608,-258.452,-127.51,75.4263,-65.9724,15.7004,-209.325,176.372,
		node -92.9489,61.7763,-217.115,108.962,28.925,-101.055,15.9687,53.3907,9.51173,-35.5652,25.3475,10.7769,-160.245,-94.5208,96.3008,-208.589,97.9577,-63.4892,-4.4772,186.152,-102.04,-97.4473,244.325,88.3758,8.10611,104.417,
		node 134.844,102.899,25.2946,-85.3843,0.36079,-24.6391,88.6887,-123.588,26.03,42.0282,197.041,113.404,21.6841,-176.284,59.7161,139.036,137.913,-121.284,219.813,64.1912,190.221,-24.7199,-126.144,48.7525,22.5136,81.1331,
		node -52.0729,-4.75469,-253.77,99.3528,66.6144,70.67,-70.5552,125.742,-97.5197,59.9429,275.806,-32.8461,130.882,-192.644,-112.11,-319.843,154.227,-229.093,-9.47425,34.8422,65.255,117.013,119.612,158.941,56.0365,-235.308,
		node 51.2635,-93.3714,-250.38,107.695,21.0133,-0.288882,26.339,-52.29,102.26,-312.299,-3.96656,221.115,-121.356,-88.8184,-195.175,30.8907,117.147,-164.294,162.309,-97.4131,-168.904,135.821,-199.977,191.309,23.1097,-180.452,
		node 31.3295,-156.323,2.2906,153.119,-255.356,104.803,80.3244,194.395,237.238,-191.302,20.4159,-96.7511,18.2016,199.505,49.4961,-209.166,-245.606,-182.911,69.9184,250.744,-93.8004,-50.3152,56.4975,98.5536,-51.1222,46.5577,
		node -119.248,63.3368,-50.1504,259.166,-147.859,-16.0648,101.083,-145.069,119.07,-58.0326,58.3177,-186.067,138.869,-245.776,85.4512,145.451,93.8625,1.55293,-50.19,-59.0653,-1.98655,161.085,111.63,41.5939,16.9122,64.6846,
		node -169.791,-68.0775,144.834,-145.232,-22.9056,86.5525,-180.019,137.475,6.77541,-6.19893,-242.955,-163.64,-64.0378,222.434,-47.2476,111.731,-155.465,-84.9027,53.1098,9.97072,162.368,-22.1706,64.1873,160.702,39.4164,93.959,
		node 3.74569,-45.0247,-125.897,-45.8256,-5.90012,17.0654,35.4984,23.2797,66.1257,-58.7456,146.589,64.3696,-91.3973,-118.343,139.777,228.743,162.285,-37.1783,120.443,-70.792,-126.418,121.653,-55.2652,88.0221,124.797,116.268,
		node 159.469,158.643,42.3709,112.17,-60.0833,24.0001,295.645,41.8158,7.78601,-76.701,74.4254,165.147,80.2324,44.8418,53.4802,-235.674,67.4851,115.297,-195.049,-44.8335,67.8096,-72.3995,162.871,-61.4075,1.3853,-20.8364,
		node 161.162,-61.9555,-125.553,-76.2876,73.8566,-45.6045,325.102,-29.6857,-158.548,4.46083,125.119,47.4466,76.4752,9.99839,-258.001,-34.6827,17.7043,-75.5616,122.579,-96.7834,96.3082,61.835,82.0291,166.68,27.8746,-13.1127,
		node -109.899,119.483,-178.686,110.747,16.1873,-47.2472,258.109,25.0255,-1.06077,-97.5942,-167.053,-106.591,-0.0326233,-122.594,91.7226,-219.572,64.6435,-53.7234,-221.402,-84.1943,108.944,108.553,105.296,-4.18656,162.942,-24.6707,
		node 166.299,-239.248,41.3716,-143.792,-30.6265,14.04,16.0222,35.8589,132.904,22.5803,224.064,-227.803,31.4832,-48.5897,-181.236,82.9535,22.0298,17.0232,-11.8755,-103.97,58.2441,116.406,-66.2832,195.214,133.529,-8.72081,
		node 92.6966,69.6401,-119.483,110.346,59.8629,-238.933,7.55054,81.6935,12.0636,149.815,-25.4981,-119.575,270.159,85.2205,-21.4636,85.2604,30.1619,-196.335,-144.539,-93.5715,13.9121,15.4015,30.5038,-245.426,68.8608,-172.611,
		node 87.5804,151.775,-143.866,-26.9871,62.4684,223.946,141.416,-14.2216,16.8439,-189.478,-214.484,241.033,55.0018,-184.511,-30.4554,-213.951,80.0224,71.2342,-88.2331,224.961,-72.2766,180.865,-196.442,-49.8787,24.7437,-4.90706,
		node -9.1372,-59.9476,-97.6315,-116.677,-130.62,7.02047,74.4022,141.517,178.497,-202.62,50.4006,122.936,139.606,45.888,106.039,153.38,153.222,99.2024,-28.5878,22.0269,34.3198,93.5713,-119.967,-116.399,100.488,25.7953,
		node -116.176,172.797,84.8835,112.684,80.2383,14.3116,-277.097,13.0967,45.7409,67.8124,104.774,257.739,-331.774,-67.1462,-63.1634,-63.2517,-114.76,52.8715,-228.152,162.434,-25.0349,116.175,65.3465,27.6054,-163.645,-24.996,
		node 141.759,-290.342,-137.32,-62.7393,79.7137,-68.1181,2.18066,91.2716,-16.6867,-92.5385,23.3645,-196.777,-122.433,39.4179,87.0496,96.6295,58.0301,20.6224,117.197,207.603,-1.74199,-207.906,240.953,-111.952,28.6868,85.2799,
		node 163.146,-275.086,70.4789,64.9306,227.84,130.552,53.0679,145.526,-125.15,-286.507,-13.7542,99.437,171.573,-71.5902,20.3995,83.4007,32.7683,70.0913,163.719,109.965,84.8624,77.8255,5.20079,-154.806,-51.5139,69.2537,
		node -259.383,157.335,-69.2379,-166.224,102.459,71.092,-106.342,211.518,5.42665,86.7226,122.316,153.779,13.878,82.8257,-34.2793,-22.2034,-2.83926,-193.446,23.3179,-68.7149,315.164,93.4799,-24.3578,115.866,158.472,224.391,
		node 217.403,-172.935,-13.3106,-350.281,201.77,89.2897,-70.7151,-58.0293,-23.1091,3.40029,62.9658,77.8135,75.3358,46.301,-81.9425,-31.6332,-156.704,-122.962,223.039,98.4162,100.238,-348.953,172.98,76.0045,-43.8469,45.8418,
		node -43.2076,67.7521,-40.2268,16.4238,-156.109,145.021,-54.8301,-56.4412,70.2919,84.831,111.447,-167.83,107.241,-162.874,17.5865,36.9914,37.0175,-7.22437,-72.6222,-100.884,-140.323,-3.47299,-186.426,-125.057,-185.822,-199.003,
	layer
		node 39.8592,34.2174,29.9814,155.124,175.518,125.123,47.6999,32.2469,26.0328,54.8219,80.1432,109.119,18.0382,72.6349,77.1084,95.4499,96.8121,37.1965,154.431,-110.988,-23.8201,146.118,-131.654,-168.465,74.3802,-173.212,
		node -168.584,86.199,38.7916,188.235,-140.892,15.7647,125.63,158.328,-26.568,114.518,105.89,-316.058,65.9321,-125.692,155.462,93.6027,-142.83,2.75116,16.0411,181.205,182.701,-78.6162,-76.3929,87.1787,125.279,-66.0182,
		node -240.307,-80.2928,-7.84576,-113.087,92.7133,-95.3358,32.8234,62.4074,51.7555,66.6277,258.176,121.897,39.9214,-44.1673,-184.539,13.9929,85.9548,-210.918,118.556,-71.4097,-8.81623,107.207,14.8909,13.7205,-55.2031,-84.5426,
		node 93.8083,-191.423,25.5052,-149.04,-178.444,27.5604,22.5632,-21.6929,-65.3965,98.5963,29.2305,-43.7544,33.4411,73.9512,166.329,-50.7099,72.9482,124.836,-86.5349,54.2694,135.174,-96.2987,68.1937,-7.56234,128.202,88.7071,
		node 90.9618,47.5117,-45.8373,152.448,8.86185,42.9506,162.079,34.5613,73.9565,111.394,79.8091,72.2598,58.636,-128.809,144.122,-195.006,-213.291,119.286,29.9876,-28.4941,-52.572,28.0162,-85.2637,-14.01,81.2001,-67.2979,
	layer
		node -177.511,2.35211,118.63,122.215,12.8121,132.337,
endPlayer
