// Player32
stat 8
	layer
		node -164.498,-275.748,247.322,188.467,-130.788,42.157,-139.302,-32.5132,42.1484,116.263,227.129,-113.201,24.0441,161.26,96.5561,-58.0002,118.072,-20.9865,-9.55158,47.7609,212.88,173.259,100.762,-5.33878,-33.6474,7.31736,
		node -160.614,-5.16116,65.822,5.09132,106.14,-68.1165,-65.3314,-89.0958,145.051,125.063,87.2897,277.959,69.4267,-138.954,73.5228,7.33653,-325.166,174.648,32.3882,26.6143,-34.0031,32.4963,61.4249,-231.836,186.977,30.6413,
		node -121.623,-6.07662,141.686,88.5781,61.7883,-77.5886,-3.15459,-117.401,-162.073,-149.992,25.7809,-41.1752,46.2645,168.648,144.724,-303.704,142.475,-29.5516,79.307,-115.313,39.999,-47.9143,-36.7109,126.908,140.1,42.2717,
		node -28.2615,-130.958,42.3805,206.515,207.676,34.5736,27.0249,-33.6256,177.075,28.2943,-77.665,0.38868,-24.2111,-194.165,-169.081,240.371,-150.929,51.7952,-73.6334,116.995,-117.228,85.7833,-176.259,15.4311,-10.1413,167.63,
		node -137.955,194.416,-224.408,97.6998,40.0139,-105.877,28.1645,58.3602,26.6457,-40.2283,2.8312,-20.0195,-135.255,-89.4902,107.235,-211.027,101.842,-43.0717,-126.966,165.054,-104.096,86.4195,250.682,84.4271,10.2146,101.094,
		node 138.767,103.937,11.223,-54.5471,12.6003,3.84187,78.0291,-123.141,-167.405,34.0892,185.536,109.682,8.50432,-224.855,61.7777,142.597,133.842,1.46124,226.801,68.999,196.664,-23.3387,-116.469,23.6825,29.9132,94.2151,
		node -42.9825,-16.7081,-245.84,88.0119,-22.1044,73.8162,-74.9516,123.769,-110.806,64.0274,31.7152,-20.2123,137.79,26.3993,-166.214,-317.147,162.989,-226.199,6.79715,24.4723,-195.449,125.054,106.298,157.945,-67.3306,-234.973,
		node 40.6082,-59.2217,-256.158,157.852,20.4353,-7.41532,19.8319,30.1248,-24.8778,-306.131,-2.33432,224.993,-122.962,-92.2697,-202.974,30.2837,122.131,-156.157,166.267,-112.143,-145.171,130.845,136.768,193.445,-56.8197,-195.146,
		node 59.7646,-140.434,28.3724,163.372,-215.667,102.703,92.9057,-205.02,245.088,-185.539,37.3948,-93.7272,11.3811,195.343,50.1142,-213.723,-240.064,-185.698,54.6966,76.8507,-137.228,-57.6068,61.6454,136.716,29.0921,59.4128,
		node -110.268,61.1734,37.88,257.031,100.327,-16.1789,116.322,-124.723,121.671,-39.9203,76.5539,18.0958,141.899,-245.221,-98.9057,64.4748,83.7613,5.77595,-54.5374,36.3914,4.14899,168.841,251.311,38.6914,-38.942,57.2448,
		node -192.232,-58.5995,148.49,-123.991,-14.5078,35.0572,-169.573,148.552,-1.83084,-24.7853,-249.155,-165.667,-63.9635,-19.9915,-54.8226,126.331,-163.19,-110.071,64.8463,15.5269,181.971,-19.2065,65.9594,151.409,36.3029,96.5917,
		node 25.4216,-33.6423,-126.784,-96.6105,3.07537,23.9623,27.9929,24.6807,61.0582,-81.906,68.1079,60.7253,-83.8519,41.4337,130.981,37.3386,-110.775,31.1649,110.683,-63.8928,-132.988,121.037,-44.6997,89.2998,129.016,166.801,
		node 139.372,166.885,48.0551,103.912,117.678,33.7349,-62.7989,41.0614,6.64133,-94.0577,-69.1827,162.278,104.472,39.8988,47.0873,-233.54,111.092,81.233,-199.616,-52.7982,67.1034,-74.9203,-184.983,-22.3975,51.3063,-28.0227,
		node 175.323,-68.3738,-133.706,-87.7171,90.9088,-5.73502,333.857,-27.4843,-168.438,11.0653,68.3641,51.608,46.1007,-5.86455,-255.733,-11.6881,9.04015,79.2452,121.265,-77.6496,82.7255,-26.7661,84.7025,156.428,56.0909,-8.31289,
		node -115.198,113.177,-192.891,125.858,-3.70384,126.025,257.968,19.9261,-8.08044,63.7631,-182.025,-80.9479,19.3826,-136.007,111.387,-211.288,66.9809,-62.8661,-215.668,-91.1965,89.2848,107.074,110.974,12.3038,160.883,-41.3135,
		node 30.6791,-207.046,192.823,-154.885,-30.0008,52.4336,16.2627,44.8025,124.347,32.1883,219.967,-188.843,8.28194,-45.4704,-32.1769,77.4646,21.3735,11.3651,111.415,223.898,-113.763,111.156,-64.4835,193.271,163,95.5849,
		node 63.5081,64.4567,-115.886,28.8552,106.642,-283.405,23.5201,79.8326,23.5066,148.33,51.4841,-117.784,280.57,58.5722,-25.4747,80.1355,75.7287,-191.674,-153.56,-103.714,19.5389,-168.418,22.0812,-241.71,-30.0703,-167.209,
		node 95.1072,150.29,-163.634,-42.9903,72.9757,217.77,147.159,-7.48823,7.60398,-203.54,77.6891,85.0272,28.642,-161.268,-54.8724,-210.73,82.0738,86.613,-92.0908,227.737,-70.2757,177.844,-202.341,-42.2754,95.698,-7.28208,
		node -8.35719,-53.7926,-103.675,-112.625,-30.7392,3.40787,74.5158,143.182,170.646,-203.268,39.9359,248.58,153.211,47.1921,111.808,154.488,146.152,103.616,-35.0621,23.0985,46.5072,120.313,-146.916,-117.248,103.23,25.3341,
		node -215.5,167.646,82.1966,115.21,81.2561,28.0722,-0.156541,75.8264,41.7137,69.4875,66.7061,250.018,-336.979,-80.8664,109.647,-65.1642,-126.139,183.327,-214.066,151.901,-14.1958,100.791,49.9054,22.482,-167.905,-27.5072,
		node 52.7657,-288.212,66.7286,-48.7301,86.7129,-84.0202,3.35433,97.1836,13.4784,-96.3421,25.5911,-185.217,91.8107,45.2729,83.7702,86.8877,60.4881,35.3901,96.6336,231.714,9.98825,-206.909,254.463,-108.421,29.5951,83.5684,
		node 160.349,35.1101,91.0268,31.8947,236.196,135.116,52.1183,149.3,-126.256,-298.532,-2.65129,93.3282,168.229,-0.785449,29.2833,62.8681,34.6717,66.8021,19.0223,-41.8292,105.493,69.1037,46.5144,-146.011,-49.5586,74.3273,
		node -253.58,171.517,-74.2964,46.1739,-62.6371,133.068,-187.509,217.057,14.2464,122.618,123.772,143.521,5.97521,80.6871,-28.7268,1.16358,5.97039,-190.572,25.3061,-68.7234,318.024,75.4071,-30.0117,112.459,151.093,213.469,
		node 226.838,-171.785,269.361,-311.723,206.113,106.106,-109.339,-18.9795,-50.0176,6.00267,61.5051,32.9746,126.744,49.1535,-74.0283,-39.8273,-131.381,23.9893,187.931,104.871,79.629,-351.678,21.0467,-349.078,1.38466,36.6499,
		node -41.5536,70.2428,-42.2813,15.5979,-137.767,155.982,-54.0211,-43.4389,55.5248,-246.847,129.866,76.4563,-222.991,16.5244,1.41424,38.0267,45.3156,-12.7247,-83.6215,-58.403,-145.867,-1.5312,169.638,108.019,-207.189,-187.247,
	layer
		node -8.2967,33.1189,-74.9447,148.409,-51.6437,77.9308,41.8281,140.984,25.2739,57.4342,41.4188,136.245,-92.7434,-102.503,69.6501,98.1496,95.3856,-284.132,-18.5646,51.1231,-24.7527,141.89,74.3243,-51.895,82.1862,-80.8832,
		node 71.1823,-288.587,38.9021,188.097,-136.785,-13.7273,26.0761,-5.94653,-29.4502,113.097,42.5812,61.7311,17.3368,-27.5794,160.249,87.7933,171.094,37.4663,54.9651,199.705,-133.989,65.2532,-82.55,88.1325,30.9692,-94.7258,
		node 30.415,-94.6994,12.4994,-111.401,14.2518,48.4383,155.242,68.36,-59.1614,65.0384,254.601,84.1387,49.7126,-46.2682,65.9197,-132.76,81.6392,-217.153,231.657,-85.1288,-2.10561,150.808,27.9124,147.834,-72.4616,-77.1555,
		node 83.9128,71.153,-55.6899,66.3819,39.9761,31.7948,12.145,64.1168,-345.814,64.2974,46.6151,-28.9729,36.6066,125.032,-32.8268,-117.814,81.8721,111.372,193.617,-142.705,10.7908,31.9171,-80.2907,-288.648,123.947,-214.162,
		node 119.454,-132.936,37.0522,170.87,-40.9755,63.3326,-184.627,36.9922,69.7853,83.0353,22.6345,113.531,71.5697,-129.735,44.8063,-212.473,-208.201,131.624,41.9009,70.977,-54.6657,-20.9839,32.1375,-21.6141,87.7968,-62.8477,
	layer
		node 18.7724,73.5474,30.1716,80.399,48.3441,-120.087,
endPlayer
