// Player82
stat 5
	layer
		node -182.755,-80.7204,229.461,185.306,-133.509,41.8073,-129.926,-49.8322,27.3291,109.785,232.504,-85.2383,30.2866,147.796,127.413,-62.0595,-127.369,-40.9331,-10.7386,-245.203,-183.157,186.178,100.629,-28.138,-34.3262,2.89393,
		node -162.271,-17.8438,42.5108,-1.1978,82.362,-68.0842,-77.6077,-84.4361,147.097,124.037,86.8738,293.787,58.3765,-139.1,95.3056,-6.54325,-321.8,32.4123,31.9377,-92.2131,-38.0244,-138.091,79.1803,-218.915,-141.386,51.9306,
		node -135.347,2.22531,113.618,84.3081,66.5342,-67.8036,-8.35283,-138.699,-168.018,-130.44,-85.3145,-39.82,-261.731,168.186,127.883,-313.21,140.103,-15.9005,81.6723,244.954,21.8679,-28.3459,-52.1949,131.649,68.9192,-14.2337,
		node -29.6679,-140.47,42.1637,213.63,188.871,24.0516,24.3771,-14.4401,194.801,16.1098,68.3603,82.3924,-52.1612,-201.636,-171.398,240.258,-166.974,-163.192,-77.6688,-250.547,-136.948,50.9168,59.675,17.7219,-198.288,180.13,
		node -129.842,179.426,-234.128,114.374,126.045,-99.0419,43.0332,59.4018,10.1883,-63.6111,19.4986,-8.89252,-161.963,-84.635,114.989,-204.218,226.486,-40.1616,-119.731,172.898,-85.8788,-162.381,249.966,58.9958,13.004,84.2304,
		node 141.407,99.4971,22.9451,-84.3566,22.6503,143.51,99.8484,-130.082,-159.474,26.5584,195.726,-113.975,-132.288,-230.439,45.0262,139.16,35.1313,26.8935,71.6408,63.3241,209.032,-14.9598,-138.437,35.5212,26.7591,95.6678,
		node -39.5684,-24.7485,-249.069,48.6761,-18.8656,72.7201,-75.6261,114.848,-89.1259,65.2289,276.028,-16.7937,130.487,37.4781,-165.643,-315.605,142.641,-232.058,8.07808,32.7362,49.9564,-87.3757,129.664,152.631,-56.4348,-244.921,
		node 51.5684,-71.8304,-241.66,90.765,-63.2325,-9.76048,31.8603,31.8314,-18.2634,-321.61,-21.0404,216.036,-101.605,-112.338,-188.889,40.4961,116.783,-162.237,157.319,-109.876,-164.517,117.41,-196.253,188.138,-70.2897,-195.649,
		node 59.8603,-139.266,41.031,150.94,-249.238,108.603,85.6822,-9.55012,232.61,-179.533,-210.093,-98.9013,16.9842,196.877,52.7328,-216.466,-238.11,-193.366,63.1492,70.5873,-88.0499,-52.6997,54.5297,144.351,5.39638,46.634,
		node -102.629,60.1622,41.6338,259.838,-175.199,-10.512,128.729,-129.157,99.6906,-46.8212,60.0946,-55.0872,139.352,-247.399,-114.029,58.7954,-235.175,-7.76319,-36.8694,-56.1516,13.8774,141.584,247.303,33.7061,32.7774,64.5141,
		node -172.793,-61.7247,57.7347,-139.093,-18.5309,0.925417,-178.416,133.388,10.2367,-12.7936,-242.929,-157.859,-51.9799,218.864,-54.1113,203.581,-153.725,-89.8096,61.8152,13.5787,157.794,-19.4353,54.2251,163.332,33.4917,72.297,
		node 10.9245,-31.5706,-135.246,-78.1214,32.063,25.049,10.856,30.0237,56.0658,-74.1386,54.8809,70.858,-111.541,-123.004,135.638,214.836,-114.612,-27.1678,119.077,-54.6984,-132.921,74.5809,-43.0726,27.1122,122.204,54.2933,
		node 173.161,172.277,68.8455,97.4566,-53.8919,25.304,-59.2263,81.726,14.0993,-198.483,-75.3849,157.542,100.201,29.5886,56.7157,-236.481,101.776,113.266,3.75643,-74.3526,73.6547,-65.2721,190.023,-27.7609,2.8033,-15.2061,
		node 166.14,-53.6081,-189.597,-91.2532,97.8833,47.9236,-314.302,-32.5271,-163.713,1.13494,128.357,47.4962,107.323,18.9881,-266.478,-21.4122,19.3277,84.2207,126.727,-81.1022,96.5446,33.8375,115.942,165.417,46.2593,-14.325,
		node -104.5,-55.7705,-212.411,121.766,28.9823,62.8709,244.538,6.69256,-10.0957,-94.1227,-177.358,-92.406,5.51472,-133.103,115.618,-219.993,-81.3914,123.424,-71.3943,-53.5468,92.4197,91.4051,119.232,-9.54242,164.031,-42.5855,
		node 169.441,-211.825,203.438,-150.821,-25.9182,59.4004,13.9022,41.4071,130.685,-156.167,207.252,-224.25,11.0974,29.8955,-26.9225,95.5216,18.686,-266.138,-4.47655,-106.776,-130.778,116.186,-77.1656,193.478,133.653,-11.0747,
		node 94.5277,74.8697,40.2687,15.1046,134.662,-294.326,19.9249,100.14,29.3689,149.117,-24.9675,-116.601,278.763,68.8742,-23.2189,55.5448,78.6459,-188.944,-151.929,-116.8,22.2921,-168.181,33.1509,-250.646,-36.6873,-21.7882,
		node 87.6262,146.77,-155.177,-22.9639,74.5416,215.71,137.013,-10.714,-1.3223,-182.784,57.4927,75.0753,56.1374,-174.382,-30.2248,13.4557,89.1544,101.014,42.6665,240.764,-59.6038,185.3,-219.112,-47.9795,97.8992,-1.04235,
		node -9.72619,53.0774,-103.7,-112.026,56.0151,12.4217,85.4818,134.895,175.107,-199.223,42.4935,79.549,154.706,38.4668,107.254,147.576,138.304,-136.659,-217.389,30.8463,-227.434,130.759,-121.808,-133.406,103.497,28.3058,
		node 82.9341,130.839,-60.6407,127.487,64.9989,176.977,5.14265,67.1764,-243.763,64.447,105.99,254.106,-326.103,-73.869,-57.9116,-68.2798,-102.336,50.1835,70.4355,154.628,-30.1449,105.666,52.1645,28.4681,-170.403,-30.6751,
		node 138.229,-290.825,60.21,49.6536,-347.202,-77.8755,-154.053,93.9991,10.2961,-87.4503,15.0403,-197.353,-124.266,41.0782,77.7289,97.0949,63.7474,67.059,129.945,207.826,9.21411,-199.957,-37.0187,-150.598,-133.346,95.2035,
		node 157.061,-279.065,84.8498,69.1525,229.648,140.135,78.5089,153.917,-116.97,-306.609,-15.4781,108.488,155.887,-20.9892,23.7265,89.2768,44.7905,71.9294,151.16,-30.4932,81.7198,68.1889,27.3132,-139.281,-48.4399,64.7153,
		node 58.8935,164.246,-77.3199,-166.515,-105.93,119.84,-195.982,210.939,1.81411,122.008,126.93,164.699,4.76788,100.033,-34.5947,-0.0939838,-1.44653,81.5314,-123.287,-68.9294,317.525,66.8827,-32.1677,117.071,161.108,232.413,
		node 233.555,-161.058,263.62,-325.099,211.175,111.019,-92.0281,-62.5659,-55.9914,-8.23523,51.6343,37.1591,79.4045,50.849,-86.4171,-45.6371,-137.027,27.3414,181.658,103.077,93.8027,-348.773,19.3012,64.6163,-40.5216,34.0525,
		node -38.0136,-117.359,-38.0566,12.6481,-137.351,161.551,-51.8164,-50.1196,-25.9981,-233.721,150.627,-162.178,112.729,11.6104,2.01214,93.1369,42.5214,-24.7551,-54.7412,-98.5483,-130.736,-260.143,-190.022,87.8331,-210.651,183.99,
	layer
		node 1.05375,35.3874,227.403,143.283,-55.9352,90.7583,55.4791,148.926,-73.5074,-210.66,69.4355,105.314,-97.7784,124.145,50.5864,88.7268,89.7916,75.8804,-13.669,62.2894,-201.921,134.157,-127.697,-44.7556,83.01,-182.127,
		node -166.535,-149.995,40.661,-37.3225,-235.771,-18.5425,123.142,71.407,-36.69,98.7278,-157.041,94.2659,167.465,214.579,158.807,84.4747,-150.402,79.6476,31.3037,136.935,190.025,18.5051,11.7333,-93.146,158.155,23.632,
		node -231.527,-79.2483,16.3681,-91.3823,-29.7738,39.6319,155.103,65.5301,74.688,0.426224,249.324,44.3636,38.1772,-147.462,56.576,51.4624,-96.7567,-103.51,157.103,-70.9807,86.6804,-101.44,-37.9115,183.401,-24.4937,-79.4495,
		node 99.5926,44.0988,-50.106,97.992,40.0509,34.4884,19.0444,125.725,107.894,92.3117,50.1995,-28.7114,36.4455,-53.7329,-53.8984,190.018,78.671,110.987,-0.950429,62.93,135.768,30.8602,93.9182,151.865,149.921,-72.3447,
		node 119.867,72.3336,-115.29,152.226,-0.0460101,67.6414,-193.299,38.8418,-39.3871,108.189,-83.3669,133.965,72.7742,91.266,145.249,44.3728,-217.81,144.051,46.5471,-13.9697,8.52519,-143.641,-96.5582,-185.488,36.5491,-65.0496,
	layer
		node -94.9798,-9.87337,21.5744,-50.3128,-308.259,33.4444,
endPlayer
