// Player69
stat 6
	layer
		node -183.629,-276.533,235.542,-214.767,-128.577,26.9882,-132.915,-32.8453,44.1932,120.764,246.973,-114.38,24.6657,155.069,93.7818,12.482,19.8307,-36.2602,-13.0997,45.7297,-189.219,182.791,117.556,-27.8721,99.3221,-1.00422,
		node 169.031,-15.6975,59.4306,-6.89051,107.136,-65.2132,-29.75,-88.2448,143.744,154.708,90.1992,262.789,69.7466,-144.403,81.414,-0.640887,-324.121,181.955,23.0008,-98.8084,-36.5794,-282.665,70.0746,-215.783,185.414,29.5901,
		node -126.927,5.77542,135.713,84.396,46.9113,-56.1445,12.2593,-151.894,-161.558,-169.663,49.307,-41.2683,-264.236,137.504,146.962,-300.922,-105.104,-30.1396,84.2781,-103.821,30.3697,-59.3194,-19.5684,122.694,55.4891,-1.46853,
		node -19.3086,-136.084,44.6863,209.022,221.522,18.2308,117.857,-16.5922,195.488,18.468,-72.1936,20.6685,-58.755,-202.448,-161.672,229.631,24.0726,-99.1476,61.806,-275.907,-132.187,107.864,-164.497,7.38692,-14.2173,161.461,
		node -88.5576,47.7477,-221.535,131.518,113.483,-108.306,43.5699,58.7853,3.90049,-32.7692,19.0076,15.6061,-142.834,-85.8439,99.9757,-197.714,-159.051,-40.9457,-124.329,173.191,-88.7933,-122.122,261.622,52.0757,7.07848,108.375,
		node 138.38,86.9669,6.46341,-55.5829,10.0672,148.52,-43.1463,-134.652,-161.107,29.052,181.844,70.4535,28.4411,-231.626,56.7328,134.756,134.743,-117.112,220.07,64.8855,203.602,-51.0335,-122.027,34.7921,23.9634,99.3256,
		node -30.9671,-16.0286,-223.297,89.6008,-15.7721,-94.9877,-71.2142,135.095,-90.7007,54.9594,36.5129,-26.8847,132.705,43.4714,-139.024,-117.363,159.195,-225.412,4.72426,24.1675,48.5005,121.988,108.874,163.234,-66.7059,-258.412,
		node 45.2855,-57.997,-247.199,110.769,25.0065,-11.7808,32.2229,29.9743,-18.5212,-146.209,47.0089,208.127,-114.004,-86.3654,-185.88,65.1402,118.97,-163.21,166.597,-107.457,-142.544,127.65,-200.003,177.233,-43.5283,-196.311,
		node 30.4238,-127.258,43.5997,143.019,-212.871,-74.2556,93.6644,193.728,238.923,-194.905,39.5342,-33.9358,12.7556,205.636,54.2058,-206.591,-238.717,-196.565,61.7854,251.244,-88.6242,-55.7018,52.2191,146.278,44.4001,46.3953,
		node -111.534,67.3876,39.2582,250.59,-181.739,171.778,87.9376,-139.526,116.119,-54.6906,66.5134,-58.8862,142.501,-245.158,-109.016,64.6714,108.87,4.8101,-46.7234,-73.5017,-17.7496,158.795,241.252,39.2953,-24.6457,80.0772,
		node -192.978,-71.0364,145.929,-142.093,-5.79595,31.3047,-194.03,138.134,5.68346,-6.91509,-261.686,-168.302,-53.4472,-106.153,-58.3937,198.6,-161.337,-127.292,74.6511,6.2915,156.932,100.793,63.8595,169.408,33.2788,103.383,
		node 10.605,-47.4244,-126.317,-105.002,-2.4711,26.5202,21.4209,-9.03222,66.2548,-67.6252,71.1052,63.6652,-112.592,-110.066,137.063,34.4208,-109.642,-24.6129,116.466,-41.3895,-131.34,123.686,-30.8327,19.72,133.905,113.413,
		node 143.405,163.773,74.4022,101.705,-65.8349,-7.79132,283.614,95.7476,4.61491,-102.395,-79.7044,161.169,108.889,39.2819,44.5301,-232.613,94.6542,112.031,-206.749,-45.5937,53.9633,-64.8109,-169.119,-36.673,59.3239,-6.88433,
		node 170.224,-49.6052,-129.382,-73.9686,77.4178,1.26207,318.25,-38.5216,-168.639,-3.71744,78.574,47.0542,88.4224,2.2646,-255.704,-0.548283,12.7618,86.2482,78.7382,-84.7822,99.3559,25.4741,93.315,164.131,38.504,1.22706,
		node -85.8113,114.095,-183.051,133.112,22.6084,57.1654,257.65,4.48957,-2.3818,-80.4412,31.9941,-89.7588,19.2121,-145.947,63.7411,-216.05,-111.586,128.474,-59.9355,-53.1292,110.388,106.476,155.666,-2.85849,157.103,-52.7289,
		node 161.062,-190.384,173.577,-138.504,-27.3592,6.21426,14.7084,32.898,126.364,33.3088,217,-230.199,22.9072,-44.2713,-17.9711,93.2573,21.5741,9.39317,2.75389,219.143,-130.401,119.023,-54.5913,187.162,135.476,95.058,
		node 90.3647,68.9779,-103.464,25.2461,128.607,-237.488,4.9816,94.4929,25.0604,138.523,-25.443,-121.547,317.352,69.7479,-8.45409,86.8667,81.5922,-201.012,-159.427,-92.9714,25.0475,21.3134,24.815,-246.126,65.8348,-168.723,
		node 102.566,-55.6333,-154.79,-53.4254,62.4536,216.661,150.886,-17.8327,5.32558,231.231,77.5665,76.1731,59.3091,-163.299,-52.4359,-210.108,80.3645,86.0616,-76.604,220.864,-78.1545,171.997,123.95,-35.3418,94.0016,-7.57198,
		node -5.39387,-58.4477,-96.3794,-19.2002,-26.2273,7.66421,69.8426,131.083,179.004,-197.826,50.2806,81.1807,153.886,37.4342,105.101,18.4761,150.837,-145.197,-28.329,36.7274,45.0102,86.4399,-144.168,-130.675,100.675,30.0894,
		node 72.6097,165.533,-71.5446,103.455,85.6631,25.0802,-275.777,71.7716,47.5287,71.3962,63.6089,279.108,-311.316,-75.9538,107.892,-73.6148,-115.42,179.42,-222.74,167.214,-34.1015,109.077,57.8776,21.535,-168.282,-25.7276,
		node 144.277,-288.823,66.432,174.581,-346.313,-70.7917,-10.3956,86.0739,-4.28723,-87.1254,20.3618,-188.694,-154.296,46.4881,83.6014,84.7396,83.1998,23.0568,98.9127,205.17,21.0136,230.179,-23.5147,-133.35,28.6863,85.0074,
		node 175.242,88.8689,83.1631,36.9889,227.848,129.43,44.8524,150.859,-108.018,-314.087,-14.5295,89.14,170.869,-23.4588,9.59591,84.4928,31.3815,73.7563,10.9892,108.406,101.244,65.5472,41.9246,-126.3,23.4757,60.4582,
		node 51.9307,165.008,-74.8418,-177.545,-107.868,118.904,-114.629,200.431,14.8498,129.107,115.37,179.553,6.36154,15.6832,174.08,2.59761,13.587,-74.3585,99.5637,-45.6905,314.187,86.653,-40.8455,-74.4859,157.808,226.193,
		node 230.535,-287.82,265.504,-334.526,210.14,105.739,21.5213,-35.542,-20.5108,-18.7696,56.2191,42.5856,104.666,42.2268,-72.937,-38.6826,-142.413,-128.179,180.227,51.2253,99.8155,-152.235,33.7111,-64.6412,12.0252,-225.685,
		node -48.6021,-123.501,-120.443,-15.483,-137.139,176.397,-45.9003,-48.3701,-22.2375,89.3253,120.797,-158.64,-229.089,14.9625,3.3487,42.5207,42.7126,-16.967,-88.8693,-54.216,-139.379,-286.274,169.773,-139.413,-200.819,-185.493,
	layer
		node 6.52461,35.0967,34.6331,158.454,-52.783,116.227,52.8718,10.421,46.732,61.2012,35.5055,98.2004,38.6922,58.9058,140.851,92.0098,-113.108,-37.0999,133.173,-106.506,-27.3009,-122.496,-26.4844,-57.5279,123.488,-70.8916,
		node 53.5597,-284.496,42.007,135,-139.001,37.7877,129.525,-4.54742,251.493,100.508,128.138,156.45,27.2934,-34.6575,149.685,88.3453,83.0398,-148.66,49.5661,161.857,187.899,77.9112,-8.75427,-9.95828,76.9471,25.0604,
		node -235.912,28.2115,16.448,-101.122,39.3311,-93.8281,22.9994,60.5358,-20.4505,133.081,-29.1046,40.6219,70.4627,-34.8788,65.8244,49.1641,-109.592,57.8644,238.981,-95.5702,230.398,-96.7076,31.2217,156.017,-67.7205,-77.5029,
		node -104.75,-188.045,16.2178,136.67,13.6409,25.3934,81.7965,126.373,35.5473,119.654,40.2453,-49.8631,32.8747,79.3773,-56.3524,-38.6816,83.1463,105.916,-73.8452,63.3225,189.849,54.5473,-76.4006,-44.082,120.851,-216.516,
		node 186.635,-119.251,36.7067,148.787,-94.8608,77.3311,-4.64547,21.531,-118.339,43.4656,-74.259,113.657,72.446,-124.731,31.491,74.2915,-67.6973,127.238,44.7196,-24.8947,-3.03764,47.5657,-82.8454,26.6377,31.0597,-65.488,
	layer
		node 45.2104,71.6601,-231.868,52.0811,-51.445,83.4933,
endPlayer
