// Player45
stat 5
	layer
		node -193.516,-280.738,238.307,200.7,-141.951,18.1347,-134.922,-52.1583,36.7232,125.67,229.573,-114.481,12.3737,147.88,73.1946,-63.4547,94.5819,-28.1468,-7.63687,-253.384,-181.09,193.173,104.313,-8.52535,-34.7448,-25.0254,
		node -163.443,-0.296594,63.4728,-20.8119,109.701,18.663,-61.9651,-75.916,152.375,133.751,90.3769,268.495,67.8516,-155.555,82.9631,4.75219,-337.758,40.588,25.4439,-68.6222,-38.811,-126.838,52.671,-236.428,-147.822,28.7235,
		node -28.0401,10.2671,111.122,55.4053,53.4787,-80.2426,-27.5336,-117.744,64.9463,-122.052,52.0044,13.9168,44.5245,168.943,147.008,-320.006,144.218,-7.92731,90.881,-116.747,38.4092,-40.124,-44.8756,116.185,76.1324,22.9373,
		node -29.309,0.458253,39.9911,198.611,201.312,24.052,12.1315,-17.1167,190.58,32.768,-78.6282,11.2613,-75.308,-172.87,-148.629,238.416,-167.9,-167.49,-205.825,-258.264,-124.831,104.431,-173.915,10.4311,-11.279,179.419,
		node -96.1132,62.3777,-215.014,124.731,30.9231,-99.9169,19.0809,68.8855,-0.0315781,-33.8143,0.293581,-22.279,-151.961,87.3449,98.7494,-200.437,204.23,-23.1007,-1.52333,170.033,-98.126,-99.0758,239.395,80.5371,5.95912,102.126,
		node 137.143,105.686,20.182,-64.3539,11.9119,149.268,86.6793,-177.706,22.6291,28.5348,187.148,-87.9895,-134.014,-224.655,68.4875,139.597,129.03,-2.06234,209.51,65.9194,188.257,-12.2346,-80.9956,42.3746,25.3967,78.6303,
		node -42.5292,-5.16436,-251.678,88.6602,66.6075,70.6715,-67.455,118.202,-91.83,68.6305,35.3972,-34.3884,136.307,30.584,-130.69,-109.063,-270.76,-225.168,47.2353,28.5208,66.6237,-89.6005,143.13,153.031,-71.6706,-247.313,
		node 39.8839,-94.2539,-249.827,109.598,20.3406,2.63753,24.9577,52.7222,-22.9936,-322.642,-123.333,204.262,-120.425,-85.2596,-189.933,38.3905,110.751,-172.027,163.69,-99.2142,-144.43,28.9961,-212.906,189.111,-28.7839,-186.435,
		node 60.4675,-131.769,2.50531,149.613,-238.509,104.465,-108.263,196.634,235.572,-181.716,-211.024,-97.294,16.2032,198.486,44.5734,-211.91,-235.963,-181.537,53.9542,253.945,-95.0759,-60.5998,62.0105,139.603,27.2555,-88.2138,
		node -117.447,29.5787,-40.4302,33.742,-143.987,-8.2551,94.5724,-125.449,126.876,-49.8474,60.7696,17.1255,131.422,-259.108,84.526,37.4224,96.6183,4.86398,-49.7666,-37.284,-261.36,98.3662,251.538,47.193,12.7787,66.4455,
		node -163.95,-65.6186,125.322,-143.514,-0.100317,79.0353,-179.163,47.2752,6.02317,-5.58395,-107.311,-162.425,-52.3258,-15.0399,-55.6705,197.226,-164.092,-85.9459,51.1943,11.2714,151.567,-41.5716,62.5039,160.863,14.0254,77.5496,
		node 14.6707,-52.2974,-138.076,-45.1565,-5.4039,13.4927,7.12351,-7.73113,64.0476,-55.9314,61.2229,64.6808,-114.129,1.88176,137.314,34.1855,164.571,-39.35,123.453,-48.7348,-126.372,122.694,-23.8344,88.3963,119.772,164.08,
		node 159.415,154.205,38.9776,97.7933,130.443,14.2369,281.967,68.377,14.554,-88.1641,-104.451,-7.22437,81.2763,46.5194,50.7764,-237.087,71.1601,117.386,-197.857,-45.8196,68.0888,-69.6375,175.695,-37.0226,67.2215,-4.66864,
		node 148.895,-50.908,-203.49,-91.6027,58.0675,53.3327,329.463,-29.1649,-183.477,1.341,72.2392,45.63,128.392,9.40036,-268.498,-21.8664,15.7524,-73.8987,119.256,-78.3393,88.2696,42.7757,111.352,161.699,31.4954,-12.1806,
		node -90.214,131.922,-194.211,115.571,16.32,58.8694,253.278,20.2015,-11.2831,-87.1811,25.3076,-87.9726,5.30993,-122.228,109.302,-215.585,72.1831,-53.2559,-72.2622,-87.8768,110.051,75.3798,113.269,17.3325,165.319,-42.4884,
		node 164.705,-205.878,198.62,-152.308,-49.9739,9.99805,41.2993,43.5892,120.828,-154.725,211.547,-46.1589,28.0918,19.2619,-21.4323,109.251,4.15712,-263.509,5.62119,227.753,-113.388,116.017,-45.7761,193.05,131.988,96.0393,
		node 47.8942,198.199,-111.101,105.545,59.4021,-287.823,4.63645,84.115,27.7985,141.869,-22.9911,-132.609,309.868,69.9034,-22.2867,84.2521,88.192,-193.028,-72.312,-120.904,23.853,-147.775,33.6418,-235.381,-34.6604,129.426,
		node 74.7873,148.672,-165.275,-53.2428,59.1981,224.032,129.402,-3.99271,5.84796,-187.487,89.0288,241.985,55.2572,-166.958,-48.5609,148.838,79.4926,96.6696,-86.2286,225.191,-67.869,181.006,122.988,-30.1448,84.161,-7.10022,
		node -6.23385,-66.0231,-93.9817,-118.529,-34.5364,-3.00156,60.6073,144.245,201.63,-194.053,33.2514,119.527,135.501,46.113,104.604,145.701,138.129,105.019,-58.134,31.4634,34.0325,85.4446,-119.099,-118.711,95.7348,28.4574,
		node -217.143,154.336,33.2769,112.319,87.4888,15.0583,-278.524,70.4201,-265.407,66.6538,62.6791,259.652,-318.912,-63.1335,111.947,-62.1714,-104.74,29.9509,-224.386,152.751,-11.4583,103.202,48.8185,12.9571,-165.971,-28.841,
		node 139.033,-292.245,-138.815,-62.5812,78.0277,-68.2877,-136.526,102.559,-23.5077,-88.644,24.0318,-189.416,-158.299,52.7491,74.6725,105.818,60.9505,28.2143,127.99,204.44,15.2389,-209.955,-26.5535,-112.341,-133.106,94.9721,
		node 175.617,-274.754,71.6228,42.471,229.674,130.311,73.4079,75.3635,-118.349,-318.335,-13.6561,100.822,165.318,-11.2993,21.588,52.0543,43.4654,77.1701,9.2931,111.185,84.4155,77.9681,32.3984,-152.741,154.705,75.9863,
		node -257.185,159.83,-69.8451,-167.185,-106.535,72.0939,-195.06,210.592,10.8872,120.041,116.994,167.182,-162.646,95.1969,-20.8405,9.80775,-3.94929,-72.9761,31.178,-74.553,318.708,80.0388,-27.8664,118.224,158.328,222.494,
		node 221.662,-173.977,254.731,-343.388,204.476,-37.9067,-66.0595,-60.1602,-27.3855,7.63355,50.5176,31.3584,90.0819,51.4493,-74.6057,-50.3812,-149.907,-130.829,167.724,104.089,94.6505,-349.379,27.2029,75.0235,39.6143,-219.105,
		node 78.8088,-116.747,-112.259,13.1299,-139.127,142.703,-49.8783,-45.0282,54.9799,-232.226,117.2,89.0522,108.365,13.5578,18.8317,91.4472,50.2793,-6.19763,-78.3425,-97.3096,-157.544,-318.956,-187.403,-124.783,-195.407,-180.65,
	layer
		node -55.2126,33.3037,-70.8731,142.058,-44.4133,113.778,43.3617,29.9198,24.7722,49.8153,191.129,146.806,-91.4502,63.5031,43.06,-5.69646,-106.464,9.65134,-7.10634,52.173,-192.357,133.009,-128.095,-169.368,-52.3368,77.5707,
		node -152.45,94.7791,39.2625,-70.6051,-143.228,-19.5298,25.7475,-203.762,-50.7299,106.577,-158.01,-316.693,21.5831,-34.8438,158.898,92.2666,-141.785,-143.318,-142.562,137.657,184.743,-45.3013,-76.9105,-318.078,124.097,-235.118,
		node 39.0718,13.3518,8.9963,-109.868,93.0482,-93.4822,25.1057,69.2425,78.6379,-2.65911,253.994,93.0359,77.7244,-43.3194,-183.314,38.0077,85.3836,-79.4036,229.306,-71.2304,219.021,113.216,15.667,151.865,-69.254,-89.6171,
		node 90.1526,44.7642,33.7099,98.4243,38.4015,23.7109,18.5631,-22.9931,-268,91.1264,26.5216,-41.313,40.4332,-50.1595,-54.1437,-202.907,66.666,139.664,211.014,26.1656,183.256,-94.6237,68.4849,-285.23,116.034,-225.824,
		node 94.9667,-130.372,107.855,-34.3523,-37.4176,54.7304,0.342704,138.664,-122.474,81.0597,-55.5054,68.3347,81.1872,-128.974,145.772,19.1948,-215.51,87.7481,39.7943,-196.131,-42.9279,24.7617,91.2004,-16.4287,76.9958,-67.7547,
	layer
		node 10.8566,80.9562,0.486415,40.1473,-49.0621,229.916,
endPlayer
