// Player30
stat 9
	layer
		node -162.389,-270.021,229.795,188.142,-132.229,27.0339,-120.859,-45.344,41.7835,91.3957,244.364,-114.195,20.6622,146.561,123.303,-53.4723,20.6538,-26.1717,-10.2626,-252.407,-180.346,172.298,108.25,-3.79458,53.4916,2.1245,
		node -151.544,-17.041,66.3316,99.0229,78.55,-62.6937,-56.9258,-82.551,140.205,121.461,94.5788,248.066,71.0539,-145.871,78.9709,-9.80185,-338.252,32.1691,34.5947,-99.6785,-45.1126,-130.141,68.8093,-230.124,182.562,28.7018,
		node -122.512,-13.4623,136.624,-46.7311,41.3443,-76.0106,-6.18053,-154.375,-161.125,-170.429,-110.177,-40.2067,45.261,134.286,147.064,-313.014,155.532,-14.2731,79.2249,-134.961,88.0133,-45.5771,-31.2624,124.914,59.1532,29.1306,
		node -28.7916,-133.025,-113.726,185.749,180.831,33.9023,13.2517,-19.5941,191.515,29.5129,-78.6782,26.9414,-31.3928,-198.121,-150.87,241.897,-162.578,-93.4928,56.3884,116.677,-116.006,52.0918,58.1526,29.3176,-200.14,166.294,
		node -151.266,190.628,-228.954,134.331,138.938,-102.498,17.0144,58.907,26.4703,-35.1366,18.3721,9.69332,74.5086,-92.1989,106.27,-192.519,200.312,-36.8617,-128.23,172.661,-97.4642,85.6677,235.136,52.4031,-2.89017,107.778,
		node 142.371,117.413,12.5199,-79.2551,-1.22041,145.822,81.851,-123.37,-155.871,22.7081,213.885,-222.066,9.68141,-224.297,60.0255,21.5385,133.956,-118.287,228.534,75.6335,211.348,-50.7165,-122.632,122.384,28.6887,92.009,
		node -39.8799,5.62744,69.9081,88.1738,46.2383,76.5134,-61.2739,124.285,-100.037,50.3172,30.9015,-8.88775,138.844,42.6839,-139.524,-320.278,139.162,-260.688,6.8626,28.1736,69.4798,123.888,110.464,164.629,63.4495,-254.451,
		node 41.8264,-68.2443,-261.709,105.412,25.7399,0.762212,25.3062,25.2201,103.639,-326.389,-128.348,201.15,-136.82,-92.7243,-194.693,25.5558,120.119,-52.1489,172.018,-102.101,-141.817,128.172,137.616,175.837,-31.0017,-189.093,
		node 51.7406,-130.186,24.5804,150.224,-229.213,90.271,146.955,-201.028,235.476,-186.455,29.4288,-90.4428,11.6158,199.225,56.0011,-204.442,-224.814,-181.531,52.9427,77.8169,-137.443,-59.7522,60.7045,132.334,21.6797,49.768,
		node -97.8736,65.8165,38.8811,244.838,-174.932,170.921,89.3583,-104.672,130.524,-54.9234,75.9969,-189.975,136.687,-249.609,-105.532,50.1902,98.6246,-0.298009,-52.8739,-71.4202,-257.12,152.455,119.748,51.4302,95.1585,82.8556,
		node -167.035,-60.0728,112.985,-140.366,-5.13055,92.9344,-185.215,49.6399,7.55774,-8.02692,118.44,-163.61,-48.5234,-19.8353,-54.1632,194.351,-157.217,-81.5223,65.5946,18.3716,170.677,-42.6353,63.1802,168.645,31.9531,95.4031,
		node 22.6535,-32.9467,-148.367,-105.229,-6.77428,44.2043,11.9316,-6.09183,60.5725,-62.877,70.1028,65.751,-113.515,-119.699,136.59,23.2086,168.685,25.4823,117.189,-49.1777,-135.779,87.7075,-29.6329,25.8057,133.752,164.455,
		node 134.611,167.806,47.0865,115.795,-54.461,25.7781,292.813,95.4655,6.60765,-80.8165,-69.6091,162.379,102.627,39.2112,44.5917,-250.854,115.444,111.272,-197.347,-49.5789,68.5015,-84.4877,180.233,-34.9758,61.7137,4.08913,
		node 170.072,-48.4688,-167.435,-54.6795,95.191,-4.46988,333.407,-38.2853,-160.157,-5.68086,131.078,47.9948,115.95,19.4767,-263.139,-1.14417,27.2002,75.6181,75.8429,-77.9568,87.5862,29.1688,118.304,163.558,56.3371,-8.27987,
		node -106.21,130.158,-197.182,119.11,6.5635,124.613,258.448,13.9769,0.778292,59.81,-187.737,-26.1362,7.37304,-126.654,124.18,-213.054,71.1885,-61.2444,-76.2805,-43.3555,106.186,107.905,112.545,5.38238,159.071,-9.12858,
		node 34.9226,-257.927,39.1665,-154.715,-17.5944,62.1988,17.4398,47.1646,124.803,-157.752,223.893,-233.511,26.6549,-42.5512,-40.0672,74.4142,21.4768,22.0935,113.207,220.002,-110.346,79.3406,-50.535,200.765,146.932,-2.9309,
		node 91.0327,75.808,-120.238,18.6115,119.832,-321.358,19.6082,97.4498,15.6622,142.707,-19.2274,221.841,266.228,88.3854,-140.267,86.2278,77.6038,-204.605,-137.561,-53.0052,42.5987,18.5248,37.093,-242.601,-34.5943,-169.848,
		node 76.7159,153.968,-151.666,-44.0075,44.2576,219.131,146.49,-10.9499,9.13071,-203.98,77.3806,85.8539,28.7988,-173.299,-58.4573,-217.392,77.2072,86.4493,38.8297,225.28,-51.1962,182.62,-203.339,-36.2295,95.0035,10.4719,
		node -181.509,160.035,-103.072,-114.158,-44.8278,7.5475,74.3374,137.426,170.472,-193.054,40.8791,141.604,168.411,42.5623,105.599,10.4056,145.796,-152.969,-41.0632,32.603,42.9924,124.776,119.905,-117.461,101.417,31.679,
		node 75.6269,165.363,-57.2626,181.369,75.962,27.3619,2.21762,49.5279,-261.261,81.9209,69.0131,-8.34063,-327.049,-65.9184,105.033,-75.8108,-131.083,45.5113,-229.135,154.263,-27.1108,103.564,60.2236,18.7046,-168.125,230.249,
		node 141.303,-302.309,-135.865,-42.4363,80.6432,-82.9164,-132.663,97.337,11.0881,-87.034,33.2586,-194.188,-156.142,48.7702,76.9329,89.0182,61.5568,21.4848,122.986,214.56,44.2308,-204.084,252.404,-123.592,-47.7442,91.5006,
		node 155.549,68.4781,87.7127,37.0413,234.798,133.457,70.5186,69.6381,-119.622,-299.747,-10.7201,99.2159,155.749,-14.6077,28.7504,65.0916,36.9363,70.3205,2.60503,-39.3468,99.4203,58.32,-13.0509,-144.652,-61.1632,76.1108,
		node 44.8453,166.291,-69.4418,-192.545,-104.292,131.002,-195.179,216.736,12.676,120.291,126.677,153.066,5.26462,87.7018,-32.0116,-1.71721,6.22698,-83.1818,103.144,-69.4542,321.48,76.9215,-34.7912,111.215,160.237,236.119,
		node 220.023,-142.382,265.073,-334.126,208.125,108.06,-93.0203,-65.0425,-30.1088,-0.45127,55.3953,31.9696,127.091,50.3534,-67.8859,-39.7217,-143.354,24.493,168.238,41.6266,93.1545,-364.875,36.8379,-333.669,43.9737,53.631,
		node 88.294,-106.739,-9.79153,26.7394,-135.311,149.497,-59.2134,-61.9568,70.2398,80.3675,132.189,82.0128,105.111,24.2295,-76.0895,38.5267,47.9794,-6.80884,-83.2212,-49.3436,-143.476,-263.001,-187.485,81.9336,-208.156,-187.726,
	layer
		node -10.9817,33.9958,34.2444,163.901,-47.2039,77.8581,52.0296,10.5584,20.541,54.0142,80.9151,136.77,-5.72715,65.0739,127.695,-23.7547,-99.2007,-3.62484,-16.0123,-108.439,-28.6777,142.007,246.906,-180.726,79.7907,-172.456,
		node 57.7704,-282.129,36.2557,137.576,179.413,16.0644,128.553,-6.24056,-148.05,118.257,118.403,88.0579,66.8075,97.5083,163.599,89.1932,168.503,67.9993,49.122,146.492,180.168,-74.6722,-82.1838,11.6722,159.042,-234.936,
		node -229.007,-103.916,11.5194,-112.281,35.2875,48.7924,27.468,63.4735,110.041,-131.704,249.074,228.542,79.9195,-46.0431,64.8215,34.1347,-108.102,-74.666,238.846,-82.2026,225.84,-102.794,31.0946,72.4926,35.3677,-83.459,
		node 94.05,193.186,13.9139,100.924,13.8871,37.6448,12.5546,66.1313,-81.2039,99.169,33.9967,-40.296,-56.8,-51.7502,-23.0282,-112.288,69.8269,82.3101,1.60384,69.5165,-109.031,54.015,93.6005,-288.506,-92.5467,-215.657,
		node 183.058,48.4978,36.6628,171.729,-42.6283,-163.723,-182.596,26.2215,75.6751,104.777,91.7943,111.553,69.6475,-125.934,136.861,38.092,-209.371,129.65,43.4085,75.9036,26.653,-22.3938,96.4858,-187.879,27.5932,-75.7756,
	layer
		node -44.0265,86.627,18.3299,-49.4915,-7.13043,-15.8002,
endPlayer
