// Player79
stat 9
	layer
		node 2.45001,-170.871,-155.939,106.273,-171.537,-96.4594,-17.304,30.0624,102.748,-56.2619,33.71,-151.178,55.021,79.0821,-163.737,4.75357,37.3536,12.7272,28.6084,22.852,62.2318,26.6193,-86.9536,78.6132,-32.49,-105.3,
		node 55.006,-129.871,-44.2911,-142.716,18.9827,-2.10517,44.9644,-12.2142,34.4414,34.4335,-207.079,-74.3315,-144.11,51.2451,-80.0188,-73.1754,-11.5533,136.09,-78.5978,-122.293,12.1077,-52.0924,-88.402,73.6352,-77.7452,-130.272,
		node 70.5984,-74.2282,-139.587,18.3701,-26.8928,27.5163,-83.9592,17.0543,-157.299,-88.9566,-182.43,14.0709,-51.014,17.8111,34.8468,-107.297,29.486,-127.147,-93.9041,-12.6871,-74.7375,4.22123,62.039,52.1293,33.0129,-125.589,
		node -40.4567,-163.646,92.2292,42.8558,-58.8328,-46.4939,-11.2046,-118.203,26.7995,-120.949,76.8253,4.75469,-143.479,-76.1355,70.4786,-98.2901,-36.4866,17.2604,-1.90138,29.8962,-159.132,-184.237,133.449,7.69386,20.1243,18.9971,
		node -22.7132,-37.0759,-62.8269,32.725,-87.1731,-61.8957,6.38599,-49.7895,-164.061,-6.56512,28.5379,96.6179,-117.184,30.6384,24.2643,38.6022,-116.221,-7.15304,-13.0817,-62.8986,-18.9396,-115.335,-23.625,-32.2941,-128.778,-88.3701,
	layer
		node -22.7193,148.734,4.26233,-120.534,61.5462,-128.697,
endPlayer
