// Player98
stat 8
	layer
		node 6.59675,-120.846,-166.404,-33.5356,42.448,-81.4198,12.3794,-69.5898,2.9831,-60.7132,-153.47,-156.937,101.367,38.944,-166.182,7.30313,-0.0785647,3.99575,-57.3466,87.5753,63.1906,22.6178,-116.366,90.6934,-32.8242,8.27104,
		node 53.2758,112.82,121.207,-95.0866,-158.865,50.0623,28.2227,-145.317,31.3967,63.9376,-199.953,-78.0961,-173.665,-49.4088,-118.205,-61.08,-1.0744,129.686,-85.0481,-127.849,17.4661,-43.4517,-91.5586,-112.536,106.437,-175.208,
		node -0.775199,-62.1573,-109.973,14.8909,-24.0309,-168.756,-45.4195,73.3108,14.1223,-184.253,15.3201,16.2803,7.65536,-140.302,32.6322,-154.662,59.324,-127.896,-27.0027,-18.9826,70.2146,47.8365,14.2586,9.08466,40.0873,-198.175,
		node -144.368,-10.6019,40.7739,35.6888,17.9645,-11.0961,-29.4374,19.4596,110.283,14.1156,-76.5535,-157.05,114.254,-157.092,73.8016,-97.975,-46.6236,-158.451,3.80759,30.5303,-132.119,-180.311,51.4526,-119.332,20.2128,-52.958,
		node -131.276,-27.6796,7.39408,-35.7868,13.4995,-64.5661,4.40892,-91.1164,-19.8666,-116.915,25.9451,44.2949,21.604,29.1454,79.6036,39.6682,-115.894,19.9205,-16.7487,-64.7144,82.9444,-125.453,-75.5288,13.6826,-183.011,-88.5665,
	layer
		node 67.0252,50.4883,2.86232,-170.294,-192.048,79.9456,
endPlayer
