// Player22
stat 3
	layer
		node 5.70157,-17.8853,-14.3168,-10.9132,28.9949,-77.5907,92.3079,-46.2238,55.6618,3.88939,62.1357,2.06363,-111.056,67.4869,97.7564,-23.4688,18.2822,-17.1666,-11.2266,-9.73618,9.5619,2.88236,-14.749,46.0303,-1.26699,-1.74303,
		node 17.8737,4.93469,6.9937,-42.7741,8.34203,-42.4954,-1.16256,-25.1028,30.3588,79.5552,-7.29756,11.8819,34.1422,-80.9376,19.1221,-12.824,-17.4174,-60.4091,-28.816,-14.0539,-3.79238,46.784,5.65216,46.7833,-4.10017,-35.0309,
		node 38.6863,90.8588,5.14576,57.7939,-3.39319,107.136,29.5411,-25.5679,25.34,-50.5638,-65.5305,-23.0989,8.64114,-7.93799,-69.2837,28.9357,92.9312,-1.06562,-41.3517,6.36878,15.7251,63.5861,-86.6374,23.2563,-45.7913,2.56101,
		node 18.1628,47.6661,81.3868,-47.4458,46.6837,-49.2145,34.9516,11.6806,4.20415,14.8651,-13.4603,59.5019,32.1546,-0.170403,-2.89167,-62.9507,-2.16247,9.59749,39.1838,-15.2651,-11.1748,-116.188,55.9401,-4.83371,-23.1682,19.5282,
		node -55.3734,-17.2371,-52.0857,63.7777,9.47822,-50.8179,12.9023,-4.37714,8.13626,47.2844,-42.1391,29.8076,34.8789,-35.7692,-37.0061,56.9481,-20.8043,50.4187,15.2863,5.27597,62.4774,19.8155,3.51953,63.6632,50.7137,60.1284,
	layer
		node -73.7025,-16.9605,40.1616,-18.336,-4.22092,27.3029,
endPlayer
