// Player98
stat 6
	layer
		node 24.0461,4.72095,-0.965837,26.7658,12.528,-5.27507,-68.4151,27.4019,14.7712,-13.8795,-29.6331,-12.862,38.7427,19.2878,29.907,-12.2965,-31.5455,26.7719,8.15643,-5.41871,50.8814,-1.92294,-92.3978,-18.9673,27.5711,-6.89244,
		node 20.4529,-9.31531,19.5628,-16.7594,83.3703,7.46566,-11.9868,-56.6416,-20.6747,-19.4162,-131.18,18.5944,43.7597,62.0941,-59.2144,76.0284,-12.3823,-127.88,4.35919,56.153,11.8447,17.0782,-116.984,1.82806,-15.7418,-6.96544,
		node 62.665,59.8511,14.7455,9.46504,8.30247,-22.2515,38.7826,11.5753,10.9156,48.2337,40.271,23.8832,-142.334,-7.91765,-10.2185,-65.0741,-19.7279,-147.56,-30.8263,24.0235,-14.2761,7.29091,40.6396,-0.760995,-14.7733,-53.467,
		node 42.7507,-4.56878,4.92325,-8.97218,-2.99489,3.64703,2.34754,-18.1755,-24.8788,-89.2949,-58.0648,-88.7403,-44.2282,-4.73868,29.4944,24.6733,-1.80429,11.9371,14.1763,-117.152,28.0684,48.0817,-2.84997,29.8441,-47.8284,-51.3905,
		node -28.9065,26.8442,-27.1201,7.69507,-5.1217,-59.4782,-13.7214,-30.1334,14.99,48.9249,19.7748,14.657,-33.9777,-25.512,-21.4164,-25.5063,60.2266,35.4493,-6.689,-127.862,-18.355,29.669,53.2732,2.20871,35.1631,-1.64405,
	layer
		node -37.5713,24.0131,56.73,-12.8156,4.92709,-11.8509,
endPlayer
