// Player72
stat 4
	layer
		node -87.7489,-197.32,75.9181,80.6934,-65.0595,-123.934,-60.8448,35.0373,92.6779,56.9364,-134.176,-123.99,16.4557,202.134,-40.8495,-15.772,-128.994,-88.606,167.838,-14.8677,-8.4915,19.4791,144.051,-88.8547,-67.2361,109.467,
		node 120.828,3.63297,138.307,-10.2208,136.927,-38.9482,-143.477,29.0491,-36.1853,31.0988,36.119,-93.3131,15.5192,-0.831408,-114.152,140.154,76.7066,-51.4005,115.438,-60.5011,7.25957,-125.623,-104.125,28.9976,-64.3498,-24.4209,
		node -82.2061,-247.8,-128.96,-159.659,4.41585,81.2246,-34.4752,-28.2741,-166.687,-99.9318,91.6474,-134.888,217.321,-6.65583,-51.1193,-19.1576,-25.6829,50.8978,72.734,-128.316,-100.209,-80.2702,-53.966,-28.3753,-53.674,133.273,
		node -6.41976,144.78,-27.2817,-28.2136,-172.266,-72.0788,-33.1534,-86.1631,206.334,-84.8662,181.765,-115.617,-97.63,-218.84,66.0354,-147.524,-141.427,-125.106,-69.117,-1.36368,-109.749,-93.7944,134.594,-113.51,124.007,-49.8528,
		node -69.5932,84.1743,28.9223,-104.806,-23.637,120.72,133.589,50.8194,73.9271,-57.0418,-48.5866,-63.3204,-105.966,-98.6744,32.9402,14.4139,-4.70849,-45.8052,-113.849,81.8596,-167.162,-44.894,20.8149,43.8624,-1.25534,-41.1519,
		node -81.0674,-109.793,-45.782,-61.3266,-64.7844,2.64015,142.712,102.226,-165.715,-120.42,139.555,90.7943,-15.7187,-113.495,-2.82513,-162.975,-86.1431,-111.734,12.5913,-27.9699,32.6827,94.7333,-58.6427,-112.918,-204.531,-60.1975,
		node 44.4721,-170.099,-219.318,37.6169,-75.1312,-17.3209,-59.9255,-73.3376,-66.2393,44.2006,-91.5632,11.7386,-0.946672,-245.785,238.651,-19.1093,-180.015,2.31039,-49.277,-63.471,-194.048,-74.1582,-57.1507,-27.3002,3.59819,34.8041,
		node -216.106,-52.3348,-218.447,-76.7917,-140.25,-170.012,-22.1775,-19.6688,61.4088,78.5542,-101.262,-129.003,215.256,-163.332,224.618,-126.818,-47.1212,130.187,-38.7929,-64.7644,112.72,-116.608,-25.7468,241.692,140.771,-1.88935,
		node -73.4404,-148.412,-239.314,-83.2531,13.4869,-14.6201,-85.1234,-30.6665,45.681,-7.27671,-149.675,-7.65883,73.9445,49.6852,6.64316,-159.69,-43.6632,-132.949,12.2026,-104.49,-52.1568,-82.6692,-82.0808,-174.254,-95.0329,-55.4277,
		node 2.3511,-38.2883,-80.3525,-2.9312,-87.5901,-134.345,-74.2479,0.402634,-122.889,89.5409,12.7099,116.926,-0.692027,-20.4232,-111.636,-37.6109,-173.288,261.202,-102.272,53.7615,-62.0897,-42.2335,79.7582,11.817,103.366,-131.758,
	layer
		node -109.507,-138.214,62.871,-30.9263,25.6497,-135.862,96.3852,-3.85438,-24.5438,-89.6069,240.515,
endPlayer
