// Player1
stat 8
	layer
		node -97.1584,31.8861,-28.1688,82.6059,-28.0276,-132.38,-61.3788,31.423,-31.3322,19.9599,12.2317,-125.983,14.6076,194.529,155.229,-18.7709,227.396,3.33727,153.459,-63.9206,133.491,-82.4008,144.364,-90.6153,-124.373,102.441,
		node -148.898,14.4489,-170.627,-73.0231,104.963,-41.8564,77.6632,-75.0166,-42.5046,30.5158,-0.367547,-91.9016,29.9341,-30.6052,-64.5244,88.3874,96.4329,-45.7803,161.478,-53.6464,65.6633,-18.1618,-93.288,60.5268,-78.3876,-60.05,
		node -80.0232,-166.039,-87.9176,-127.315,83.605,-115.455,-36.8298,-23.8064,-165.739,-90.364,127.953,-171.423,203.034,-6.54952,-68.7109,-20.8258,-52.7407,111.332,64.9089,-122.393,186.635,-51.6362,40.1402,-59.1748,-74.7202,-121.003,
		node 70.7993,142.359,16.6871,-29.4486,-163.5,-70.401,-71.1682,-85.6235,218.998,6.65712,186.296,-118.965,-80.0083,73.2688,50.028,-145.274,-139.67,-8.29971,-38.9892,93.0441,7.72607,-85.3541,-87.4503,-61.6526,55.1583,-55.3426,
		node -26.7114,88.3957,22.5623,-103.224,-188.007,119.457,128.275,129.119,30.457,-65.6048,2.82213,-25.5394,-58.1747,-116.091,30.3959,-0.11252,-118.315,-56.452,-67.9305,71.0283,-53.7626,100.356,-166.973,-48.0231,-20.1989,-50.8547,
		node -135.616,-104.359,195.507,-102.763,-10.1674,-174.592,19.8041,101.142,-176.572,-89.1492,130.004,7.14791,-86.2135,82.1828,-17.5729,55.2426,111.873,136.59,-55.2961,5.30142,37.6665,80.9394,-3.25277,-148.083,-25.9597,-77.8456,
		node -6.5536,-168.187,-202.481,35.5186,3.212,-82.6802,9.4092,45.4321,-40.7083,-22.8273,-76.2518,-96.3671,-7.04749,50.2548,247.136,-25.4583,62.2242,3.09602,19.0055,-60.5936,-117.438,-126.6,-47.5521,-35.1392,7.89514,-43.4752,
		node -232.008,-58.3969,-61.3837,-114.211,143.482,-112.166,-26.0987,-277.704,88.6094,-125.593,-103.866,19.5329,-63.2887,-162.907,-53.8517,-114.751,-48.852,106.615,-57.7643,-91.1265,105.81,-227.663,-25.3335,239.114,23.6552,-123.429,
		node -70.3634,-90.0457,-243.801,61.4775,11.9328,-128.901,-159.489,3.11751,11.4651,-9.61523,-184.643,-71.6575,96.2617,50.015,67.9544,-62.5452,-26.722,-64.7622,-18.2927,5.29793,-10.261,-146.61,115.879,101.64,-103.226,-29.0324,
		node 107.367,-98.0015,-78.238,-2.35068,-58.9692,51.6681,-53.2886,2.77685,-113.423,96.7969,17.0861,122.621,4.55738,-49.4693,-138.625,-38.5533,-58.7414,252.376,-96.1833,-132.442,-177.335,-50.2298,75.6995,0.654352,102.778,-121.764,
	layer
		node -36.1548,-117.21,118.916,-144.27,-103.136,-68.7863,-127.008,-121.763,-118.696,13.5986,-115.771,
endPlayer
