// Player43
stat 5
	layer
		node -19.0347,94.8916,-286.38,101.321,82.6846,-16.8122,22.1408,60.6739,-321.163,29.8015,117.283,63.8309,-233.873,97.7864,-100.514,-57.0189,163.942,91.7792,-219.885,106.874,-83.2875,-177.674,-61.5801,-266.74,91.6427,-136.927,
		node -3.8909,59.8395,117.348,103.393,-104.732,-11.9175,-231.755,36.8283,-16.1544,76.4217,-163.576,-232.595,-364.454,-18.2718,144.024,-268.713,99.5341,-2.50205,-289.446,-56.3978,-320.594,-163.177,-332.903,-28.7965,-67.3083,-170.208,
		node -148.657,110.597,82.0457,-208.75,-257.002,59.9762,62.314,46.7728,-19.3746,58.4744,51.5099,92.4454,11.9829,126.757,73.087,85.4165,167.088,-200.894,73.165,85.9884,-6.09193,-418.645,-318.066,-252.925,54.0728,28.721,
		node -170.648,164.701,58.589,-141.816,-164.015,-261.063,-85.9912,44.3186,89.1851,54.9533,-192.012,35.0436,-359.329,94.5765,-128.633,-313.202,-260.181,-252.594,41.3806,-145.043,71.1308,-96.7389,-245.069,-102.354,119.588,-152.335,
		node 83.9746,-124.147,44.1407,-34.2461,-65.2114,174.415,-233.703,-407.704,41.847,143.619,-168.639,38.6809,-135.629,-323.852,52.4238,58.4848,-139.255,-326.277,113.961,48.3213,173.986,-247.698,176.063,66.2618,30.1961,159.693,
	layer
		node 60.3128,-7.18248,94.3462,44.6762,58.661,-106.297,
endPlayer
