// Player85
stat 3
	layer
		node -85.0633,98.5647,-156.646,119.728,-50.6442,-354.54,-394.72,44.5724,-244.478,33.3538,160.868,119.131,-162.607,102.159,156.968,-53.7942,141.191,-244.868,-222.303,-113.656,-77.9443,-176.799,-69.3466,9.41829,-287.898,-143.607,
		node 17.0716,-37.8464,109.214,88.7497,-111.784,-13.3041,-322.112,21.6835,-102.198,32.9355,103.68,-235.054,-6.36466,-207.489,69.6882,-261.679,95.3022,-23.6935,-267.362,-98.3433,-4.31358,183.997,-319.397,-31.8558,-64.8076,81.0667,
		node -17.9791,110.124,82.6311,-214.301,-265.922,67.9621,-226.96,73.7573,70.6771,47.0011,-313.25,88.606,-265.524,26.3678,29.9953,64.4253,-318.086,-240.395,78.0937,-57.9208,-2.87946,-134.559,-340.502,-166.331,88.4903,60.725,
		node 46.8433,181.139,55.9134,-126.384,48.6093,-70.0042,-80.7565,54.1806,91.1076,55.8953,114.421,38.2365,27.5296,-121.284,-159.237,-262.786,-260.716,-338.331,-51.3392,-238.915,77.0673,34.8796,-252.153,-103.292,-140.4,-147.642,
		node -265.365,-122.869,39.9454,-37.9816,-49.0268,-400.535,-239.025,-394.193,35.4181,158.468,-134.263,42.8608,-125.482,144.439,35.067,25.5119,-122.064,-126.581,80.2553,5.00736,-33.7725,-269.725,173.225,91.7566,32.4191,-253.552,
	layer
		node 41.5024,-23.8599,104.054,-250.175,-317.781,47.3996,
endPlayer
