// Player41
stat 5
	layer
		node -100.375,107.265,-138.484,123.332,-81.0351,12.5172,-229.6,-223.315,-319.126,31.1665,120.762,103.229,-171.104,56.0692,25.8015,-55.7361,35.2539,-229.677,-226.06,108.491,45.5918,-176.295,-57.7703,-271.8,86.9339,-139.824,
		node 26.8716,10.5429,112.325,109.348,-108.162,59.0355,-235.308,40.7747,-9.3552,33.0171,97.7759,-210.59,-3.8359,102.793,65.5616,-263.12,94.2388,-10.7552,-271.052,-57.926,112.353,-165.351,39.871,-274.376,-63.1066,-198.856,
		node -155.883,117.186,195.718,-244.796,-256.918,60.0906,177.335,-15.961,68.2748,61.9843,51.6549,92.932,-310.154,32.3247,109.832,-208.218,151.041,-235.624,63.9981,76.1002,9.54456,-74.152,-323.32,-165.663,63.5829,113.632,
		node -182.088,173.277,-105.351,-126.795,54.736,-134.089,-90.858,40.4801,-285.398,43.4327,-193.038,4.41906,-362.163,-124.557,-479.683,-235.715,-261.158,-248.629,-52.7775,-144.836,80.0309,-94.8908,-237.573,19.3557,-67.7136,78.1373,
		node -253.848,61.5722,43.3355,-6.64919,-40.2478,-407.074,110.684,-410.406,-265.015,147.906,-158.949,61.2005,-145.181,-312.077,7.40697,113.901,-137.103,56.752,120.387,44.477,53.0484,-271.83,-82.284,128.08,26.921,59.0315,
	layer
		node 34.6753,66.0739,-127.019,8.73149,77.3259,172.244,
endPlayer
