// Player38
stat 3
	layer
		node -92.5035,10.8436,-289.026,-259.622,-60.965,-299.717,97.0927,-149.345,-322.519,47.3435,162.505,73.9632,46.7978,131.941,152.187,-48.0987,153.308,81.5047,-434.835,100.77,-99.3952,108.585,-49.3574,-273.161,100.805,80.443,
		node 23.3582,147.897,133.197,95.3132,-111.577,56.1415,-160.226,19.1226,-15.4149,28.6042,-62.4435,-227.716,-8.53329,-208.47,101.985,-270.252,83.6313,-53.9572,-260.578,36.9097,88.5749,187.633,-310.103,-148.04,-60.6335,-185.439,
		node -10.9075,110.206,99.6159,21.0677,-251.549,61.6944,-229.655,-9.98286,-273.309,55.8701,40.4911,52.7991,79.6188,97.2105,81.5888,-220.463,-333.332,-219.993,77.6014,-63.4208,2.68311,-134.914,-326.378,-154.239,39.3012,105.016,
		node -177.796,190.297,72.1351,-118.334,56.2153,-38.9623,-78.6989,39.8979,82.0082,18.1326,-197.838,-276.52,71.3149,-127.555,-457.705,-33.9227,-204.506,-261.258,-54.6513,154.514,18.1111,24.3305,-17.6947,-14.2426,75.0688,53.8713,
		node -112.34,-126.76,50.4323,-20.9712,-45.5369,169.982,-239.951,-389.43,-256.734,85.2847,-51.8445,35.6225,-130.716,-327.175,133.06,112.107,-112.384,141.7,-116.491,22.5189,25.1988,-258.304,80.9952,87.7924,11.4929,141.625,
	layer
		node -266.806,-122.157,125.421,-118.438,69.0865,-146.117,
endPlayer
