// Player12
stat 7
	layer
		node 49.7695,32.4334,-195.897,-24.4275,90.8477,-67.7002,-68.2769,-147.278,-36.2506,-216.021,67.7771,-66.059,-25.295,-58.9051,-10.5501,-63.926,84.8458,10.0094,84.4009,88.1305,-90.8573,-14.3636,-67.9068,29.0979,-49.8659,65.1215,
		node -14.1592,-216.547,12.4791,8.85102,-201.88,72.7484,80.2871,37.9412,46.6674,-64.0736,-2.90278,-22.9896,-74.0175,-5.06468,-3.91013,52.9086,7.74199,-89.8706,-58.0432,75.1426,27.8321,52.9274,14.2378,-11.9882,26.8741,1.90827,
		node -42.1685,-120.374,88.206,61.8871,-115.777,-47.7688,-51.5988,2.96747,69.5061,0.231277,40.6062,-53.5471,-195.91,-123.843,-137.447,-209.964,3.02601,-22.3678,144.04,-154.489,10.6405,41.7937,13.9008,-48.844,-215.138,77.1688,
		node -5.92589,-64.337,38.2386,-73.0041,-86.1317,-78.741,30.3783,-169.971,44.0001,7.01549,-32.535,52.1822,62.3687,79.5134,43.5124,-95.4632,38.1931,-63.0418,-34.5787,-8.28689,-64.2458,57.0124,9.3854,-87.6354,73.0605,-2.15022,
		node 77.2637,-12.2529,-21.1537,80.5744,-41.1797,34.6988,17.439,68.8159,-30.5609,76.2632,20.3855,-59.9969,53.8623,-62.214,44.2367,34.4066,49.8397,-238.928,-20.9426,-17.737,-42.5949,-11.9029,-0.427449,-44.0952,0.40149,-259.144,
	layer
		node 60.7664,80.9937,-202.111,-73.1718,-4.58707,13.2495,
endPlayer
