// Player27
stat 5
	layer
		node 44.1476,33.3419,-57.6471,12.0156,157.436,13.7008,-130.298,100.372,33.98,-52.4185,98.9181,54.015,-81.9349,-8.34501,-45.0921,-17.3565,49.5434,-69.8079,26.0818,38.6888,-24.476,-3.03649,-6.51429,-145.791,-54.1422,32.8114,
		node -127.311,32.5164,-105.208,-107.385,-34.4747,-66.3169,91.0861,102.28,73.1214,-204.373,-56.1434,34.92,158.928,107.218,-0.281141,14.3878,-33.5559,-5.48984,32.4205,95.9041,-85.6897,-41.2302,39.979,-59.6053,85.3297,104.912,
		node 171.969,-66.4315,160.989,-24.8328,70.084,49.136,73.3606,17.4627,244.363,98.0314,-46.6253,35.737,42.4293,92.1064,165.005,23.8878,38.2999,100.473,46.9186,77.8526,-46.2115,-35.4161,-14.7942,127.075,-42.5636,18.1957,
		node -149.378,134.636,-22.8325,-8.6556,-41.2571,13.0549,-79.9045,32.7388,9.31484,187.707,-184.665,8.58733,-60.1434,76.1204,-113.585,-150.864,22.4056,180.126,-33.9767,170.917,-189.856,98.9675,156.839,66.5621,131.398,-86.2188,
		node 174.771,-132.1,109.994,36.8609,23.4586,-152.35,54.2768,-129.896,168.413,95.6627,-65.2486,-182.638,192.639,30.8772,22.4135,75.751,123.987,-7.05824,-150.277,183.191,108.284,-43.564,172.807,35.8897,59.9744,-61.9724,
	layer
		node 40.8247,153.521,-3.88348,164.186,33.8209,-132.831,
endPlayer
