// Player85
stat 9
	layer
		node 28.4546,90.0673,-139.267,30.6596,167.839,12.2361,38.6123,43.5485,-47.2986,-53.4765,-19.0364,40.9993,41.9492,-21.5816,167.661,175.169,75.7194,210.218,-67.5393,-179.555,158.423,76.7528,-211.741,-59.3358,103.171,30.1482,
		node -0.0552095,84.2526,-101.197,-123.359,88.0826,-52.2366,97.6039,-38.2933,91.2756,8.93657,-54.1454,30.9004,0.972562,-60.9945,-2.06192,19.7081,167.237,-17.438,153.907,-79.0991,-22.6471,-51.9817,-165.051,195.907,81.2305,43.7886,
		node -22.6135,132.824,109.096,-3.38029,-184.969,66.9573,79.6773,-23.7911,-28.0219,46.5311,21.2602,-144.109,-1.54123,170.39,-139.453,25.8547,71.1711,38.1791,45.1553,67.9429,183.802,122.55,30.3831,118.537,3.97185,14.3646,
		node 44.974,-71.1631,49.6852,-33.2936,-1.2805,202.606,-77.7403,4.53704,18.9906,159.641,-193.19,-16.5685,168.507,-32.641,69.246,25.0648,185.678,26.4013,76.6073,179.585,102.522,-12.8573,-157.35,2.24342,26.7285,48.3215,
		node -153.041,-119.766,29.6535,36.9506,84.835,-4.92119,66.129,-131.023,78.7729,198.082,-32.8495,-8.91337,45.9302,-5.06297,-77.7326,-16.3459,-48.3273,28.1507,-157.251,27.6217,-168.93,-49.2914,75.5075,27.9526,52.788,-26.5804,
	layer
		node -27.7128,4.53675,8.50174,-160.149,3.3346,88.0226,
endPlayer
