// Player24
stat 6
	layer
		node -71.1797,43.701,-44.1053,77.9024,35.1819,5.25472,22.261,-44.8295,-62.5732,-61.2635,57.8037,18.6997,-36.5413,45.286,8.9132,-4.71403,51.1024,-63.28,-52.2835,-76.9222,-24.5197,-34.1744,22.7646,96.338,64.945,-89.1188,
		node -6.73563,102.68,49.398,-55.2285,-14.5114,25.8764,67.6805,52.8709,50.2285,83.557,112.421,4.73459,26.7143,-43.0543,-84.5004,-70.3967,49.4821,-58.3334,22.9585,-9.483,110.171,51.603,5.12059,12.1147,-12.1385,-97.7044,
		node 20.9934,82.4624,8.18372,58.43,-54.9365,-6.52554,8.92451,15.2712,6.60814,-36.8429,-63.6262,-62.9192,-98.0795,-58.0196,-10.3467,21.8375,0.736342,-92.2858,32.6616,-27.3819,-47.2438,-36.6149,15.2996,-30.5581,49.7209,18.5929,
		node -10.6942,11.3695,47.9483,109.063,-67.4581,42.8374,-82.5785,-38.5721,0.0376316,-62.9187,81.571,115.526,-58.6405,71.1926,73.8422,-66.8408,15.6713,58.7388,10.1672,14.9986,-19.7856,76.3184,-24.9129,38.6589,53.0708,-17.7973,
		node 45.0025,17.4185,-2.78194,78.8162,43.5748,-1.6188,-45.8604,6.88615,-16.9344,-41.8019,20.8303,-61.1627,-63.1944,46.0835,-59.8214,-30.659,101.647,-96.3984,-55.7903,7.20477,46.8872,0.935822,56.5958,-78.0814,-22.4968,67.2072,
		node -6.69457,-55.5691,22.4394,49.1928,-26.909,-56.3499,-98.5797,-23.8605,58.2142,51.9279,27.6189,8.39693,12.1619,6.78962,14.546,6.89972,-9.49446,-40.7623,42.0003,-61.9522,-29.3412,-25.6685,-27.9359,-67.6193,-28.5492,10.1037,
		node 51.8175,14.5021,74.6681,1.39644,40.1438,-44.6359,10.0012,-10.4295,90.0048,-109.523,-25.1539,-54.2272,24.4135,14.5615,-15.1192,-52.0838,34.5857,-20.9686,109.106,72.3656,-16.2694,20.3848,4.02752,6.22419,-35.5312,-36.7067,
		node 23.8998,-2.07206,8.39987,48.6259,97.3254,93.3568,-22.5425,42.344,19.4081,4.76511,17.4394,13.978,-11.5714,15.5992,116.069,-67.3198,-94.0655,-61.8635,30.8998,29.0178,-8.29888,34.1316,-45.8963,12.8484,-29.0411,14.3881,
		node -37.4181,-61.7721,10.0654,11.5131,-32.311,13.4915,93.1229,-15.6819,24.6863,-27.3317,-105.547,0.359284,-39.7095,-21.3741,52.2042,-60.764,-89.9314,28.9237,-36.8828,34.7397,64.9766,-72.8529,9.0627,-21.804,87.2899,-34.9195,
		node -40.5855,-4.71192,76.6076,8.47345,-15.4826,-7.51691,-19.8928,26.1704,-91.0766,25.7952,23.8856,17.9957,-42.1545,1.03816,51.0846,50.1,-102.231,8.0488,74.4514,22.5928,-95.525,112.318,91.9189,-10.1249,28.4438,36.8626,
	layer
		node 6.98583,85.6517,28.1289,-42.6559,0.588029,94.7731,65.9385,12.5757,20.6185,-52.5004,7.60331,
		node 76.1852,19.4862,56.0683,75.3927,12.845,-59.7977,-78.5746,13.2735,32.7774,18.7186,-49.17,
		node -102.121,3.4127,-65.045,21.8356,106.614,74.5794,-34.8993,27.008,27.9697,9.98009,-14.9373,
		node 17.7689,-91.3817,16.3596,-16.8049,10.4316,7.24134,-30.5635,9.00051,-23.4943,-56.8266,-26.3468,
		node -22.9125,-62.8437,14.6501,1.59935,59.8355,56.4275,10.4408,30.0443,-85.7928,28.8537,35.5936,
	layer
		node 11.782,37.3899,-19.7915,34.2575,53.7549,29.1008,
endPlayer
