// Player86
stat 8
	layer
		node -8.89615,6.30961,-32.6342,27.2407,74.6167,0.47038,-50.5699,-16.146,-36.4694,4.55808,62.139,-22.6403,-17.6513,66.4205,2.73657,-3.47239,53.5253,18.0847,-58.2535,-77.0192,-32.765,61.917,6.78588,56.3824,15.8889,-79.3944,
		node -7.13541,-84.7271,49.9678,-37.4474,-42.4438,-53.7297,-8.11208,-61.1024,38.1427,85.3131,24.0083,53.3127,26.334,-52.1865,24.4712,23.3869,12.0319,38.2959,22.6025,-78.523,107.294,58.7264,-0.692589,15.3985,10.4044,-86.3872,
		node 34.2873,86.0725,-5.15124,-19.8991,-50.254,-0.517423,11.7213,-5.62251,-3.90667,-4.90014,-67.8411,49.0422,-89.11,-82.6296,-50.9901,35.7042,-57.451,71.7702,-51.2857,-28.121,-40.7297,-38.8162,43.1646,-21.3504,-101.434,31.4762,
		node -0.0358858,43.3846,52.3191,77.6996,66.1461,50.5308,25.1673,-72.5573,66.8697,-73.3527,52.1539,46.4378,-28.5992,61.588,-50.0376,-31.0385,-7.55503,8.65142,49.5419,18.4332,59.6266,56.9837,-24.8529,16.6261,-58.6141,-7.68937,
		node 17.4571,18.8917,-53.7353,-13.3025,10.9645,-1.65102,-32.7556,-6.79246,-49.0989,47.9903,19.9843,13.9943,-39.099,88.9438,-51.3833,73.2253,96.3552,-93.623,10.2986,-58.7847,50.8636,-2.49607,56.5637,-84.0764,-48.7742,78.1749,
		node 14.3581,-83.7364,15.343,45.108,10.1654,-53.1107,-56.3177,-12.1798,-48.9593,55.6887,38.4018,36.0365,-8.83943,-40.9854,-0.121255,91.7828,7.75153,-43.8022,-42.8339,35.2201,-27.1984,-35.6942,-34.2363,-61.6968,-31.0619,19.3739,
		node 38.4028,8.85929,25.7562,-70.4628,30.6838,-30.9377,-14.6136,-6.73174,11.1261,-109.174,31.4976,-117.342,18.4464,6.7352,-33.4099,-49.9616,-29.6387,-21.47,103.14,60.655,4.5804,3.95642,-11.0788,-42.3772,-56.7109,-38.3696,
		node -17.4525,-11.4772,-31.4609,23.6201,127.584,69.323,-77.4965,-7.84321,36.8674,-21.457,2.19972,57.4641,-5.55724,12.8372,119.05,58.0444,-75.8405,-31.9047,58.0114,45.6897,-9.77419,22.8636,68.546,-3.17291,-33.7475,-24.3604,
		node -107.898,-57.9826,-24.3923,23.9876,9.99711,-41.1872,-63.3215,21.4606,34.8964,2.67948,-95.8198,0.213836,-20.6271,-74.6689,59.5568,54.6356,16.6839,5.81384,-46.1998,31.7694,-67.5546,8.62918,9.1013,15.8548,70.834,-44.847,
		node -58.5612,16.7085,23.2481,-89.0024,-99.4797,12.5108,-12.7479,-29.9883,-94.7801,54.9482,34.898,3.51533,-42.6877,35.3228,30.0292,27.1501,14.4355,78.3464,64.9974,21.725,-91.8961,-20.7975,98.7184,-13.1492,56.4585,43.7996,
	layer
		node 6.3769,92.6447,43.7668,46.2273,-17.1167,-46.8615,108.886,37.7712,37.194,-25.8473,56.5142,
		node 44.8763,-34.2256,-15.7996,60.8454,12.8686,-16.3201,8.19553,73.3418,-13.5811,-23.8477,12.1781,
		node -8.99453,-2.86309,8.66,57.4152,107.778,47.5904,-69.698,80.7025,44.3383,29.0522,28.0985,
		node 58.3828,38.2516,41.5947,-26.0185,-4.06749,30.9395,-16.5065,-9.1495,-25.8601,56.6875,14.581,
		node 95.6305,19.5215,-27.2312,-2.77818,-50.1184,-6.08146,-10.9261,-29.2918,-10.161,-89.3336,53.4475,
	layer
		node 46.7991,60.0522,36.3292,-26.5149,-15.6947,15.6475,
endPlayer
