// Player41
stat 5
	layer
		node -9.56597,41.5842,-48.6965,27.9783,65.6664,6.17414,25.5494,-9.15794,-43.0032,-47.044,6.31398,-20.7414,-34.4535,6.98842,-7.74606,74.5533,52.0903,-44.1977,-63.2267,-74.2356,-13.5265,-27.9704,32.4715,96.0103,61.5596,67.4873,
		node 82.1799,102.876,70.4769,43.7327,-41.423,4.88887,-16.1121,70.7376,39.8149,103.652,36.5221,90.9068,29.7792,-33.4507,17.2108,-65.2615,44.3088,-61.5308,-2.44744,-64.8906,40.4167,-38.8614,-6.49769,-16.1181,-0.565687,-97.2432,
		node 19.1774,65.0819,-18.1343,-9.58633,0.557073,20.1279,-8.40419,4.26977,-1.8331,-6.2048,-52.6919,-76.808,-95.1533,41.2725,-11.5773,23.9503,4.07328,-15.0168,-67.3438,-28.5325,-39.7203,-34.0441,72.2279,-22.9765,48.2482,1.01102,
		node 25.13,-2.30735,48.2964,86.2755,69.5628,60.0764,30.0646,-41.443,-20.4706,-67.7217,69.9855,42.2974,29.5152,74.4214,-56.9209,1.90557,42.7832,19.4616,16.0169,14.6257,-11.232,83.3233,37.5911,37.4666,59.8367,54.4763,
		node 47.5211,40.7538,-1.91887,76.4013,1.19277,-7.82372,-29.0941,33.7694,-45.9727,-26.1856,22.9411,25.7145,-48.3482,85.6569,-62.3315,-32.6832,97.1237,1.01755,-56.1779,-13.8402,52.5844,49.9586,51.7303,62.8963,-33.5627,88.1515,
		node 13.233,-120.72,9.89605,-30.3794,33.777,-50.2282,-82.2259,-29.5342,59.6656,55.8492,39.5821,87.3605,42.6188,-5.78263,12.2978,35.6924,-28.0119,-51.0736,27.0478,33.7211,9.88238,-29.0762,-36.7778,-59.0402,-8.42113,26.372,
		node 34.2922,22.5688,74.9101,0.0524286,43.1656,1.60716,-12.8009,10.5475,49.18,-92.9588,14.3265,-42.6081,-121.933,17.3363,-31.0606,-61.821,-22.5232,-28.6983,17.4356,87.4667,-34.4887,1.40565,-6.91454,-4.59615,-39.3943,-39.6023,
		node -5.1313,-18.4152,-27.0556,67.9692,127.015,89.923,-23.0117,2.12545,78.3654,9.37275,13.4634,12.315,-19.5573,6.73317,124.642,-69.6919,-76.5277,-37.6208,71.0747,46.0638,71.5135,35.3657,75.7826,-47.3991,-41.048,11.2327,
		node -59.4207,-103.274,69.3572,34.8685,-27.6136,10.5043,85.5079,-19.7758,19.1524,-16.1297,-94.5482,1.57499,-39.6544,4.86219,50.4481,44.9767,24.8539,2.61956,-51.9347,20.9076,-0.0734412,-85.8556,-24.316,-31.752,88.4013,2.25101,
		node -64.4944,3.07046,85.6145,45.8973,22.1095,15.7874,-21.3666,-60.1906,6.29158,33.324,38.8591,6.59196,-57.5325,-4.81475,37.9566,49.3661,16.4709,83.5018,74.9858,12.355,6.92268,121.86,71.3235,-2.94702,76.5692,41.3814,
	layer
		node 75.3184,2.79229,-74.815,23.2819,-4.11218,22.5587,76.0584,-18.4068,46.4198,-53.99,-6.36652,
		node 35.0316,49.7982,17.5096,-30.4898,-101.89,-25.2764,76.4404,68.9638,31.0245,5.20153,16.7964,
		node -102.882,4.37516,-4.66803,-24.7599,-50.6993,57.522,-2.67895,77.9788,-14.0105,11.8391,-40.1681,
		node 70.5269,-96.9227,24.1147,11.367,3.5637,8.69709,-31.9474,1.19821,-24.7941,55.2214,3.13831,
		node -95.0256,-60.8591,43.916,-7.50206,-18.6274,40.6611,10.6297,27.6607,-15.9994,41.1421,-80.7694,
	layer
		node -59.4682,17.3931,-8.71843,21.4374,-13.262,-7.82893,
endPlayer
