// Player11
stat 5
	layer
		node -74.2029,39.7479,-53.0667,24.0799,-101.224,9.34367,24.905,-17.3995,-39.5406,10.5532,17.8302,-11.3479,-16.4887,11.1029,-8.96382,3.54626,71.7308,-18.8164,-47.5471,-18.1668,-17.0679,-46.474,31.1897,54.5218,-22.1642,-87.6215,
		node -27.4142,86.9673,13.6053,40.3526,-39.1571,31.138,-15.9958,70.6115,32.5695,80.9298,112.773,3.05696,47.9602,-46.9401,-72.0879,25.3776,50.9405,-52.5927,26.1166,-16.0381,43.173,-50.6477,7.68395,22.6909,30.965,-93.8154,
		node 25.2817,94.5389,-17.3002,57.9557,-64.0132,-9.05146,1.70847,5.01172,11.1744,-46.0565,-72.5869,-63.6914,-102.763,-82.2213,-4.77913,17.8041,7.17699,-9.73154,36.4386,12.0442,-52.2574,-51.0946,11.7536,12.3139,-108.223,20.9375,
		node -19.3232,29.0047,27.9829,106.892,-32.7961,55.8781,-91.7031,-15.9393,76.4471,7.35942,60.5857,99.9288,8.13259,65.808,-53.908,-83.2102,25.8859,26.9671,22.9531,25.8769,23.0449,37.3643,34.0135,21.5101,-65.6302,-64.9106,
		node -40.0355,32.7168,-67.7956,-0.555073,-102.011,17.9517,-23.2399,63.3733,-18.1594,-42.9021,25.771,9.70203,-37.8599,107.843,-57.2182,27.6178,94.0732,-4.77053,-52.0349,-74.8891,45.1567,4.20287,40.8529,65.868,30.7516,72.427,
		node 4.9819,-60.5749,15.7463,-30.1458,14.3235,-57.3204,-95.5422,-15.7905,68.7063,-46.6389,40.988,35.6086,4.83047,-21.4052,7.24349,-77.7672,-33.3935,-52.8077,33.2417,54.512,80.728,-40.1988,-49.1263,-55.0694,-6.0006,19.9331,
		node 114.549,23.2652,-39.7403,11.5136,-6.98449,-33.9118,9.58607,7.00837,8.51354,-103.848,26.406,-59.184,30.1167,8.49067,-22.774,-54.6562,42.4294,-58.2488,-11.9399,77.9326,-34.9902,59.2159,-14.2758,4.22787,-31.2487,-54.6043,
		node 3.22613,-22.2804,3.08822,53.742,-37.0517,-55.487,-22.8321,27.5346,72.8786,-16.8576,7.67538,49.8288,-29.856,-6.73175,119.671,-64.2429,-93.0595,-42.1478,35.7757,29.6282,-3.11082,34.5623,-30.6966,-67.9571,-29.7636,14.8573,
		node -78.1908,22.1312,15.3287,21.3714,0.246578,-34.9392,86.6931,-17.4332,25.4394,-26.84,-102.819,-10.1641,-37.1954,-5.54919,51.8064,33.5373,7.56993,11.4496,-49.4103,-26.0054,-69.7017,-0.332514,-23.3013,-25.8476,103.66,-35.81,
		node -61.5808,-24.3378,9.56419,78.0593,-21.0285,13.7043,-8.1152,-29.6758,22.6106,28.0158,41.2419,8.98224,-48.4476,44.5443,50.5829,40.8897,9.9793,86.5402,77.343,36.7041,-94.867,-28.0302,98.3957,-16.3745,81.5255,45.3636,
	layer
		node -1.99466,89.5739,-78.3169,22.0968,-14.8011,-48.1566,20.4816,10.1506,65.1131,-53.9532,0.910586,
		node 8.21772,36.9587,-22.1833,56.4884,-17.8614,-19.2176,62.7046,-3.02871,5.96434,-38.193,-18.0441,
		node -42.9345,11.2875,12.1284,-44.1211,-49.1401,57.0824,-27.9487,-23.9599,-41.6142,82.3252,-8.5943,
		node 17.3672,47.6726,-9.04801,-48.9258,27.0113,13.2509,-19.8627,23.062,9.3389,3.50042,85.6947,
		node 59.9902,-65.6336,-23.3924,-3.58389,4.13134,-67.0204,-22.5618,-50.3823,10.1405,16.7301,-79.8387,
	layer
		node -7.96111,-62.0928,-72.1879,10.7594,13.6113,-47.9928,
endPlayer
