// Player77
stat 7
	layer
		node -50.7269,-19.6288,100.585,40.4269,-47.9548,-213.896,55.0857,-21.7238,-43.8155,124.024,92.1123,-88.6599,9.91547,60.7275,-45.6281,-28.5965,-124.892,21.839,-45.0757,70.7975,-16.4038,4.8811,44.5834,0.274308,52.3663,-148.06,
		node -33.9976,61.3449,42.343,16.4356,-123.166,61.6969,13.725,41.4614,-38.7163,23.4578,-1.56484,-92.7581,47.9261,83.8332,22.4112,36.3921,34.1755,54.8137,-31.1181,-27.7282,23.5479,-82.6039,2.27955,-17.1603,-91.47,-11.7316,
		node -62.1043,55.8194,16.6359,34.8422,-46.6458,-95.372,2.70008,55.935,-27.2265,-3.60201,-78.4445,30.7905,-9.45809,-10.6394,2.25245,4.56092,-91.8974,-60.2511,57.6547,49.8407,-3.79313,8.96167,55.434,-31.8806,13.7255,5.68031,
		node 3.77987,32.6674,71.2992,-180.767,44.9787,-22.3375,63.5347,56.4054,-94.2768,1.64863,42.4765,5.44319,-4.03648,-13.8872,72.9301,3.3867,98.1185,10.322,18.3373,36.0815,16.5994,-56.0499,2.80922,37.6856,-19.8036,23.2166,
		node -28.7861,12.7512,60.3542,-36.2478,-33.6095,8.0498,-61.0186,24.6075,73.7442,24.4883,-21.6858,-39.0289,-47.0641,36.7515,34.4102,88.9173,104.218,-33.4346,31.4371,-51.9923,67.6516,76.8602,77.5437,70.4176,8.61648,-177.859,
	layer
		node -7.78828,-25.5876,13.9564,41.5012,-0.562348,17.0104,
endPlayer
