// Player31
stat 5
	layer
		node 114.196,-15.7117,-35.127,-189.632,-25.2048,-219.919,38.366,-177.258,-23.9427,119.362,83.44,-77.5476,-22.5279,59.6933,-45.728,-75.7055,-74.6316,27.8065,-29.3142,-12.5191,92.0334,-0.555654,38.0433,-24.9922,10.126,49.0771,
		node 20.5759,47.9824,40.7912,26.2466,-120.045,64.0768,10.2296,64.7151,-37.2349,-78.4185,80.3319,88.3425,18.0771,14.3835,-34.0292,39.3342,0.32343,-173.672,49.7355,51.8159,-36.7032,68.5144,-43.0904,-9.93286,-81.979,41.3433,
		node 6.11332,13.5487,60.2804,-26.5746,41.8839,-121.181,-33.1912,55.6323,-45.7849,64.0786,25.5906,34.5502,32.7213,13.3619,4.41691,18.4764,49.1117,-72.8921,104.718,6.14416,39.8135,-39.9501,48.9096,11.2301,-152.727,0.674601,
		node -23.1929,31.2732,52.0248,64.0252,-44.4909,-18.3143,-15.768,-73.5022,58.9741,14.3314,48.4183,15.8041,74.219,-50.047,53.0795,-5.16817,-2.15777,28.6466,-36.6414,-24.7065,43.123,85.646,53.2849,73.1384,-206.139,20.8144,
		node 66.668,1.9962,-94.4369,-36.1412,29.7621,57.5756,6.15565,-43.9763,36.0285,36.4824,-37.8598,-38.9551,-36.1236,-108.49,31.4741,22.585,64.7598,-30.3022,0.279313,-10.3874,-41.7693,-37.5081,-29.9462,-13.2644,36.2753,-40.6386,
	layer
		node -37.5665,30.7749,70.3468,-29.809,-24.6157,-92.957,
endPlayer
