// Player19
stat 10
	layer
		node 108.323,51.5872,1.39886,43.3022,-25.8954,-218.181,-12.3627,31.9224,-43.1289,12.2504,-51.993,-87.7557,-41.4112,-60.7476,-40.1148,25.4783,-19.5309,17.3637,-36.0332,-3.8294,-60.9802,-6.0109,47.2632,-13.0534,53.08,42.1243,
		node -32.6245,48.6697,27.4901,19.0078,-177.412,52.7735,-161.316,-41.861,-50.1301,-79.2907,42.1788,101.349,48.0851,47.7672,-11.0415,104.48,34.1939,-82.4508,89.1321,64.6256,29.2234,59.6099,-5.22768,20.596,66.0105,14.3272,
		node -58.9759,5.83064,15.2177,23.6195,5.97627,-12.4365,-51.8997,57.5909,-1.07548,64.5799,-34.3963,22.4683,32.1431,12.166,-14.1564,-8.70938,47.7539,-18.4681,17.5716,50.6236,-14.7814,-42.5871,56.5326,-21.8324,-91.3278,-1.50325,
		node 54.9568,72.4561,52.8448,-172.746,-44.4472,-91.9472,53.7864,-191.947,-2.45943,6.6835,46.8706,-19.5852,-211.909,0.497273,-8.86227,-17.3745,67.7707,47.7394,15.3044,-27.5507,35.3506,-72.5271,42.9096,-30.3725,-207.995,-41.7464,
		node -37.7997,76.9123,-11.002,-31.4221,31.4553,62.0217,78.8303,-27.6739,28.1335,30.2304,-28.5599,-9.22509,-60.8098,51.3697,-20.1425,55.2161,102.554,-29.1976,22.7591,22.8193,107.051,-51.76,21.714,-120.609,43.3434,-45.0191,
	layer
		node -18.3303,-75.8214,-16.698,59.9679,-78.6326,-18.0034,
endPlayer
