// Player79
stat 10
	layer
		node 48.241,-138.622,20.4807,10.9006,31.384,-25.9969,27.3821,-233.618,-241.087,109.645,-0.824153,-36.8792,101.176,11.3397,31.0426,-130.103,-47.2129,13.8003,-194.108,114.696,52.8291,-2.18705,-56.6172,17.8745,-7.52355,71.2318,
		node -148.875,148.958,-45.4304,-108.472,143.859,117.192,-25.7559,42.5814,-213.682,-3.62637,-58.468,41.7248,-93.8067,122.41,135.212,-138.545,23.9939,-15.1653,-125.444,-27.7894,78.9184,-160.739,-43.0236,-118.68,-45.2904,7.94338,
		node -122.852,116.012,43.0852,84.3372,-127.51,5.8072,78.109,7.39295,-39.6617,142.177,-119.721,110.377,14.6461,-8.16741,7.68195,-161.539,-26.8948,90.7367,77.5913,3.83502,56.6421,105.216,-107.338,-5.68509,-3.51357,-65.7736,
		node 149.269,-57.1716,29.5375,72.0363,-158.186,-9.61974,55.5055,65.8727,125.858,-45.7702,-93.5796,-191.522,-236.685,7.0842,-27.3846,135.592,-154.487,116.203,12.0317,-11.3782,89.2576,-114.234,54.2822,160.484,-22.6419,25.2643,
		node -80.8169,-195.558,-119.919,71.2539,159.422,107.363,-13.1891,57.6548,9.30364,-6.03737,89.953,-191.171,-12.884,59.2318,-31.5384,-130.35,16.3274,17.309,-155.131,-105.529,19.3983,42.1277,-82.9366,82.2879,106.336,148.866,
	layer
		node 27.5284,15.097,-117.109,149.524,74.1596,-4.72193,
endPlayer
