// Player92
stat 6
	layer
		node -28.4222,-73.6641,17.7945,32.4315,138.282,151.538,-126.694,-228.338,16.6418,114.549,-117.232,-34.47,109.311,115.948,-24.3756,-241.221,-138.527,-19.0197,-212.431,119.857,42.1519,-11.4723,133.673,17.5664,79.114,138.854,
		node 51.93,23.9649,-28.8477,-58.5099,145.029,114.519,-40.6444,35.1618,70.6264,130.406,-48.0775,4.70104,-3.5404,105.258,116.51,-41.8194,30.7018,68.8495,-109.658,-14.4394,109.003,112.408,-228.541,-102.217,-55.683,-97.9793,
		node -118.765,108.916,-40.1962,-18.5028,-123.105,1.56268,102.415,29.4904,-51.2351,-149.043,-139.068,-102.438,21.8238,-10.0216,-39.8791,-9.8213,30.8458,-13.2722,125.101,-4.26582,160.833,114.681,-129.702,74.8225,-1.98729,91.7242,
		node 139.533,-17.7891,-163.957,82.5902,-9.82666,4.25424,157.434,75.5794,156.028,-55.1203,-138.589,-185.172,75.5597,-105.871,127.716,59.6126,-42.1507,71.0264,-11.9519,-35.4883,160.841,-98.3792,65.8214,52.3345,98.3593,32.3833,
		node 74.7471,-202.549,-93.0933,76.2159,160.603,-94.1002,-11.164,-6.72611,97.859,-6.27825,-20.797,157.318,-33.0494,54.2937,109.089,-218.963,15.608,-44.0283,-151.486,5.39803,21.4599,53.6917,58.053,91.2872,120.194,-85.1591,
	layer
		node 102.407,-5.901,22.6567,-180.1,15.0245,65.4756,
endPlayer
