// Player68
stat 5
	layer
		node -122.209,-52.1287,349.636,-29.6439,7.61684,-115.022,317.713,-162.077,-43.8768,22.9208,7.33846,159.569,134.738,-249.854,-62.2684,-51.1574,-67.7457,267.764,-15.1415,258.987,-42.5177,5.11412,78.1543,193.263,176.53,4.47898,
		node 189.969,-12.5025,-194.009,256.931,161.095,58.2741,64.8956,-72.5375,-272.75,139.17,357.261,-194.285,101.905,108.326,165.046,158.359,-125.368,-74.929,41.797,-44.1629,149.374,123.337,-242.268,-112.519,141.699,123.302,
		node -105.99,-139.148,111.936,-91.0376,-198.02,174.553,75.4476,-45.2861,-21.4761,-100.89,-88.645,93.0357,139.066,393.599,73.1763,-85.5282,-99.0607,308.43,160.011,-176.767,-39.8081,55.173,-277.044,-216.05,-130.612,-184.858,
		node 7.05362,221.892,242.977,147.879,56.3055,203.032,117.311,192.584,-150.168,-21.3803,81.7468,-287.824,71.6164,-26.4784,-15.8435,29.5722,152.358,-87.7345,71.9213,-78.122,180.552,125.256,-163.68,153.16,63.438,-74.0848,
		node -60.1689,42.7096,122.282,-322.201,49.0727,88.3152,-34.8971,199.07,20.0949,61.4273,158.21,32.8647,-184.83,-112.306,30.5282,6.40102,127.727,-29.2998,50.9519,41.0312,-56.3308,115.944,41.1534,-329.063,255.682,52.2762,
	layer
		node 93.9261,-93.4697,-32.3397,386.226,343.308,-61.8483,
endPlayer
