// Player93
stat 4
	layer
		node -125.088,-38.0605,336.624,-37.0804,14.4374,-143.148,342.205,-164.236,-77.8686,26.7613,8.61341,164.994,138.73,-170.214,-78.7734,-72.8435,-69.1353,271.971,-18.2317,255.832,-32.0986,-0.803208,79.3658,200.185,170.282,6.24173,
		node 184.625,-8.17921,-197.19,263.992,138.099,71.8124,67.595,-68.7006,-267.832,127.5,359.067,-194.733,104.495,111.481,155.803,148.858,-146.398,-67.5391,35.8306,-59.5611,154.535,122.21,-237.21,-113.272,139.488,115.558,
		node -118.559,-170.362,125.993,-94.0082,-210.386,144.147,76.5669,-56.5005,-9.38209,-94.9658,-81.1134,125.61,165.85,381.918,87.287,-83.3532,-96.8081,316.504,163.869,-153.046,-41.4356,53.8001,-258.878,-220.891,-126.658,-185.576,
		node 3.96526,213.601,236.445,130.07,51.5997,205.742,106.391,162.292,-154.179,-20.8531,85.0275,-266.364,78.3552,-25.9242,-20.5476,98.0318,154.447,-85.5035,80.8257,-100.935,182.472,137.112,-149.739,146.299,47.95,-77.1259,
		node -81.1681,26.857,129.21,-332.423,50.0081,83.1745,-18.6524,208.952,11.5393,70.3537,158.33,22.2776,-196.576,-116.137,12.4732,23.5847,122.23,-17.8868,61.6014,29.2701,-49.009,118.741,52.2154,-332.552,259.138,34.6676,
	layer
		node 87.3605,-103.494,-56.077,415.561,341.26,-69.9439,
endPlayer
