// Player98
stat 9
	layer
		node -119.696,-45.3619,334.411,-40.3102,15.9344,-113.214,342.903,-166.448,-67.7923,20.5618,8.51975,151.057,134.035,-240.389,-50.2718,-56.447,-57.9293,274.945,-14.4586,249.636,-40.5227,0.764809,79.7809,204.61,169.527,21.7558,
		node 189.311,-6.40265,-185.928,259.808,123.365,38.793,68.7095,-74.1218,-263.446,134.655,353.089,-194.159,137.594,110.766,156.911,156.268,-122.103,-41.0725,36.6433,-49.7816,159.431,129.241,-251.189,-102.088,141.166,106.034,
		node -105.856,-166.165,116.908,-120.389,-198.056,153.753,71.9185,-50.7453,-21.9438,-90.0501,-117.332,136.116,135.166,368.643,74.2809,-82.4348,-98.1129,359.766,171.259,-160.388,-31.4037,95.9444,-258.834,-226.155,-135.4,-178.073,
		node 2.85365,216.669,243.303,141.587,65.4257,196.982,112.638,163.309,-147.491,-25.5787,51.3816,-278.524,68.7317,-61.5784,-19.6777,48.6143,156.364,-75.4889,69.6207,-72.2525,169.552,124.541,-146.981,146.653,56.7931,-75.4197,
		node -68.8519,59.5086,110.536,-330.103,52.6558,94.4278,-21.4637,201.883,28.2961,62.7057,153.608,16.0561,-169.995,-111.884,11.6911,25.3368,144.619,-4.15157,85.5388,17.3467,-68.2894,120.844,9.02768,-327.726,266.992,-0.723786,
	layer
		node 79.0291,-78.8129,-27.8438,381.576,342.604,-64.0298,
endPlayer
