// Player75
stat 7
	layer
		node -92.5224,-44.4375,335.649,-21.6581,17.7809,-101.397,344.039,-141.758,-58.4347,17.1079,26.7605,166.021,150.304,-174.74,-79.083,-55.6839,-63.2507,273.162,-19.9233,223.787,-16.8841,-4.83784,65.6171,204.527,173.19,21.995,
		node 189.482,-6.11386,-197.435,256.075,139.477,78.5869,52.4428,-68.0908,-282.021,117.287,347.232,-193.614,140.979,102.452,165.632,152.046,-140.302,-64.1321,36.0321,-61.025,145.836,122.226,-228.917,-113.116,153.607,113.056,
		node -124.552,-119.382,120.926,-97.8278,-197.748,141.604,73.9174,-58.9785,-14.8993,-101.662,-91.1917,90.2016,167.986,391.092,78.9672,-81.7919,-93.7856,308.859,163.916,-152.318,-34.6979,101.208,-265.58,-221.927,-128.03,-174.226,
		node 3.37798,214.825,264.397,144.842,50.4684,211.112,104.804,200.651,-153.551,-24.3523,83.6027,-285.385,71.4042,-31.7934,-26.3425,25.9359,183.996,-86.8819,64.4671,-69.4827,187.271,135.582,-149.564,146.107,44.8386,-68.0242,
		node -73.939,52.8336,123.839,-321.736,53.5193,111.104,-34.2174,198.023,16.5086,84.008,162.293,12.9957,-166.535,-110.288,14.6483,25.344,123.797,-8.75821,48.1238,28.3371,-61.6615,117.992,15.4746,-332.258,260.226,49.4549,
	layer
		node 99.7282,-108.091,-60.6334,386.324,336.088,-70.5584,
endPlayer
