// Player52
stat 4
	layer
		node 56.8554,-46.5007,-61.6102,-169.446,15.4964,8.83267,-118.359,-117.721,-136.22,-83.6132,-35.6151,-100.371,-42.5918,-56.7497,-35.8553,16.4517,-23.9858,5.02086,-190.717,-19.3645,-69.453,-57.9768,70.0575,15.3442,-214.421,-100.864,
		node -105.604,-44.3681,-141.463,14.4108,-19.162,-23.3722,-146.676,-14.1295,-4.05873,-46.8701,-80.4825,-136.136,-102.24,-7.93556,-78.4381,-103.375,-157.345,-50.1392,-24.7664,-77.2169,-96.0772,-98.6542,-31.6831,-66.06,-11.8305,-69.7713,
		node -28.161,-99.8016,-126.675,41.8154,-196.616,-23.2829,-138.86,-57.1823,9.00265,-43.2747,-118.783,35.853,-143.999,34.4259,-24.4564,-27.4405,-4.01676,-96.1963,-103.758,-65.3811,-12.79,28.5383,20.7375,-72.3855,-25.944,-75.4447,
		node -85.6351,-42.5018,-47.8178,-4.07403,-158.858,-38.8035,-84.2865,-131.79,58.0817,-5.95168,-84.1435,57.8692,26.1582,-116.692,-56.6695,45.6608,-62.8276,11.5566,-133.75,0.147123,7.61568,-76.5678,-6.74078,-77.8829,-37.4239,-59.7835,
		node 10.1138,-5.06963,-86.5838,-82.8558,-152.176,-131.627,-23.1538,22.8849,13.5793,-131.229,-1.2089,-85.1799,-107.52,-113.532,28.3342,-57.9411,-59.1398,-98.0343,-125.489,-95.7278,32.8585,-159.014,-56.5955,-99.3142,-77.9778,-71.1007,
	layer
		node -93.8069,-110.582,-14.4689,-58.3339,-164.899,-8.20256,
endPlayer
