// Player30
stat 10
	layer
		node 58.0298,-47.0582,-45.9012,-156.633,-47.8336,-95.6293,-45.9858,-121.412,-131.998,-31.1996,-37.8098,-85.5954,-189.766,4.43144,-146.455,15.9552,17.8044,-156.005,57.886,17.4384,-75.0128,-65.1675,-58.2464,55.8125,-24.3257,-102.13,
		node -88.3713,-50.1792,-142.135,-84.0817,-106.54,-184.941,-53.185,-14.2402,-28.6309,-9.6732,24.6995,-126.292,-103.82,21.8574,-67.8138,-101.266,-154.187,2.36363,-31.2256,37.5276,30.9014,24.5976,-25.4732,12.4886,-71.6425,2.96425,
		node 51.9343,8.49735,-127.372,35.3384,-200.4,-31.9595,-11.3787,-56.0336,-126.145,-100.834,35.9972,53.6015,7.81819,-57.5687,-69.7075,-38.4334,-37.1722,-35.2478,49.3035,48.4061,-44.5318,23.5881,-12.6515,-52.1191,-11.2317,47.3772,
		node -80.4533,-47.5003,56.7743,71.8288,-137.216,-37.9582,-111.209,-31.9722,59.0291,-9.19957,-99.5705,-103.126,-55.5965,28.982,-13.5709,18.8372,-60.6395,-73.6241,-69.6312,11.171,-86.3519,17.1395,-99.1286,-76.2148,10.4573,-43.124,
		node -61.0208,-137.635,-153.231,-138.645,-150.286,-97.9208,-15.3878,-82.4524,-24.0633,-129.999,-24.6384,-41.2841,-111.574,-151.13,-95.8507,-63.0747,-52.4865,-26.4445,-69.8096,-15.2816,73.3728,-155.921,-131.899,-59.4398,-79.8425,-19.4566,
	layer
		node -70.1319,-62.5818,-71.4344,-52.0931,-101.135,-74.673,
endPlayer
