// Player23
stat 5
	layer
		node 56.3764,-104.893,-40.3141,33.2935,-42.6436,15.6133,-48.3061,-113.848,-132.313,-34.0057,-39.2776,-90.2147,-51.2251,-61.8127,7.2447,17.1783,19.8048,12.6037,-191.58,-98.8627,-65.9795,-65.8537,-68.87,15.4061,-10.0324,14.4292,
		node -107.455,-113.171,-138.461,24.0363,-21.9629,-189.437,-100.625,-17.4472,-19.7802,-94.3176,-93.6237,-126.261,56.0358,-29.3113,-39.4712,-38.8496,-162.484,-47.7699,-64.4524,-69.6401,55.2077,-15.147,19.3793,-70.5126,16.2721,-57.6012,
		node -21.579,-44.3337,-72.912,66.3343,-190.685,-11.0374,25.1229,-54.9446,-120.805,-64.9614,-113.504,41.3394,-0.502917,19.8747,-9.42766,-40.7743,-0.221523,10.0876,-35.5257,-55.0255,-23.6765,13.5891,19.3108,-63.3514,-61.8114,-76.7183,
		node -63.0513,-44.2882,-49.3502,-104.125,-92.9714,-39.1863,-106.896,-110.242,35.7768,-54.7318,-96.8102,57.6852,-60.8128,-122.519,-59.3967,11.8334,-126.369,-66.0084,-74.9383,5.74216,-23.8136,27.7911,-90.2062,21.8798,-26.9011,-42.7297,
		node 12.4113,-3.55579,-162.652,37.1839,-63.4287,-41.3108,-9.91703,-80.1314,-85.8381,37.6942,14.5546,-31.7445,-53.5346,-114.149,-96.7871,9.35669,-57.7072,-10.1771,-69.1686,-25.0421,33.7001,-149.235,-62.7594,-91.8402,-168.517,-45.1,
	layer
		node -95.3427,-102.154,-51.3546,-79.6309,59.0985,-56.7654,
endPlayer
