// Player56
stat 7
	layer
		node -61.5536,-113.073,-56.2125,-45.2566,18.813,18.3176,7.96929,-30.5958,-132.705,-23.0075,-28.3194,-83.0611,-49.3505,-59.2456,42.4555,-21.4768,-117.32,22.5948,62.5673,16.7882,-81.0705,-65.7993,-13.1383,59.1246,-20.54,-101.389,
		node -84.1009,-49.7739,-77.428,-65.2956,-55.2426,-193.137,-80.4773,-26.4831,-27.8128,-41.5367,-111.77,33.7283,-33.6092,2.75346,-69.1441,10.7513,39.1783,-30.5131,65.1303,-53.1897,54.7053,-66.2001,-21.8582,-100.415,7.20028,-60.4416,
		node 45.629,-45.805,-18.7961,-47.212,-44.8147,1.97894,-147.224,-56.6833,-130.387,-71.3229,-120.053,-67.9275,-144.583,24.6721,-129.558,-41.9955,-16.5505,-94.3364,-103.361,-64.7486,-39.7356,-27.0274,35.83,-67.6906,-31.9728,46.9417,
		node -81.1145,-52.7393,-147.586,41.1657,-110.628,-39.1049,-140.637,-37.915,59.4096,-4.48937,-97.4433,58.5898,-36.7277,-113.078,-17.9977,5.43494,-71.8081,-70.2892,-2.74772,-23.6468,-14.8974,-67.8361,-107.3,-165.232,-28.798,-44.0053,
		node 16.9138,-11.5329,-37.7532,-80.2455,-144.02,37.281,-31.4089,-76.0601,-24.897,45.0891,-14.0612,-38.3806,-108.001,-165.996,-85.8834,-101.11,-82.1113,-21.8696,-18.4562,-105.137,43.1815,-174.02,-62.5298,-90.8331,45.6502,-47.7252,
	layer
		node 47.8365,-39.0416,-86.9614,-138.571,-52.0775,58.626,
endPlayer
