// Player84
stat 2
	layer
		node -56.6576,-52.1802,-35.4575,-35.7242,-23.4464,42.5619,-37.4755,-27.431,3.82133,-60.8403,-34.1115,-36.1183,-76.5513,-75.1991,-31.8402,30.6422,-29.7363,-25.5165,55.621,22.1873,-84.099,-59.3688,63.7314,64.217,-216.617,-103.028,
		node -24.3438,-36.105,-145.779,-8.53109,-17.8068,48.1576,-154.415,-24.6409,-32.6422,13.9814,21.6231,58.8668,-106.903,2.41672,29.2908,11.9084,-159.896,7.27873,-96.0149,38.0132,-45.1281,-78.4967,-27.7153,-103.38,-108.249,-9.4719,
		node 45.0659,-49.5007,-38.1195,-50.4091,-34.5388,-16.1792,-137.55,-98.044,-128.227,-96.9865,-115.401,-26.123,-144.708,121.212,-7.48103,-22.6044,1.98571,-94.7536,-97.3277,-60.2796,-69.204,27.1701,31.3675,-67.0514,-27.8716,-67.2239,
		node -24.2794,24.355,-41.0509,75.5136,-94.0747,-43.14,-72.6832,-33.3861,48.3171,-106.095,-105.955,51.7113,-107.409,65.74,-58.1355,21.8371,-106.238,14.629,-63.1371,3.08176,0.863757,-73.9191,-42.157,-162.243,-94.8724,32.537,
		node 64.5562,-12.0001,-171.125,-140.2,-148.394,31.5584,-24.465,26.2779,-39.1562,39.5413,-9.74519,-124.896,-45.9492,-174.964,-106.054,-37.0287,-62.8896,13.2587,-19.9625,-113.747,-13.4888,-146.326,-63.9894,-61.8171,-9.54136,-65.4596,
	layer
		node -105.585,-56.6954,-38.1792,-98.5822,11.3808,-6.89903,
endPlayer
