// Player44
stat 7
	layer
		node 63.1464,-44.4604,-40.022,-166.23,-38.484,8.95046,-120.777,-23.4213,-127.587,0.209417,-29.4312,-28.186,-47.2751,-56.3736,-158.04,13.2761,-89.3691,-26.9566,-117.628,-12.2833,-84.1682,-61.6512,63.6943,59.2862,46.1247,-99.74,
		node -7.42585,-112.456,-143.009,-83.816,-109.487,-42.5366,53.3859,-16.1519,-36.4242,-92.694,23.2272,62.9945,49.6953,-38.8618,-117.574,-102.591,-81.6513,0.582465,-18.5194,39.3596,-111.228,26.5282,-30.2386,-77.8433,6.19693,-5.91194,
		node -34.2829,7.83989,-128.075,63.1051,-192.562,-6.00482,-9.48347,-55.8159,-68.6547,-44.8927,-57.0666,-38.1691,-145.954,121.553,-129.548,-44.3773,-5.30877,-96.6182,-96.6247,-50.8337,-19.0139,-7.43216,10.8585,-51.699,-28.5236,-104.281,
		node -60.5574,-46.4548,-145.951,32.8455,-149.912,-30.6378,-68.351,-110.496,63.9668,-8.36122,-106.44,-79.4485,-44.322,-84.2553,-103.181,20.5679,-128.001,-59.8244,-131.795,2.49146,9.39535,-27.3738,-43.7161,-170.925,47.744,-61.2508,
		node -90.3899,-96.0792,-86.4649,60.3112,-150.506,-131.858,-13.7804,-184.113,-110.051,61.4234,-13.8421,-39.0384,-48.0227,-143.518,-96.0329,-35.6973,-64.9128,-13.031,-115.927,-103.096,42.4504,-160.28,-59.134,-55.7167,-74.4601,-76.7005,
	layer
		node -71.913,-107.866,-39.7022,-5.76924,-32.1297,-8.72704,
endPlayer
