// Player22
stat 8
	layer
		node 132.571,-39.7554,49.1692,-77.9193,9.46713,138.53,-46.1937,-139.626,-140.982,4.33822,14.7948,-121.754,-52.636,-64.481,-20.8811,-28.7215,-311.246,-87.2557,-49.3521,109.492,4.5325,-257.258,172.814,-13.0127,-118.004,50.943,
		node -111.154,1.61281,-68.6681,-23.7487,-116.12,-121.029,-29.8918,-14.6095,-316.951,-46.3379,-79.4131,-17.1493,135.445,-66.5982,-58.6495,-128.036,-387.165,84.4362,140.654,-16.4042,-103.127,-47.2919,-58.1894,12.1448,-151.551,-56.8423,
		node -38.2204,-14.653,-70.4154,-19.1618,42.64,-315.307,95.366,-101.602,25.4894,12.8934,10.4312,20.1992,15.8108,87.2821,-290.743,27.5042,136.339,-190.077,-16.7921,53.8864,121.986,-45.867,-54.414,-102.085,-90.0938,-7.33124,
		node -105.983,-75.4404,11.7906,140.237,-106.57,31.8909,-172.827,-45.2646,-173.576,-354.505,-24.9641,125.793,14.2699,-60.4395,-59.1132,-144.534,-311.474,22.8436,-114.163,-9.80312,7.66886,-118.285,77.6344,1.46665,-98.59,-121.988,
		node -133.867,-13.6658,-114.17,-55.7544,-80.0481,-43.2965,30.874,-280.254,-259.575,-176.973,-18.749,-77.9394,-48.1556,-369.215,-102.299,86.8219,-313.503,-4.75744,162.865,51.1168,-47.8973,-267.405,-136.461,-135.229,-332.971,-10.1334,
	layer
		node -29.7073,-42.4324,-85.0267,-104.69,-116.702,-62.5465,
endPlayer
