// Player67
stat 4
	layer
		node 156.375,265.047,198.471,14.0003,263.313,193.915,143.479,-112.356,160.451,-68.6877,-4.09787,-295.646,147.054,-8.14221,44.6471,154.342,-138.852,48.471,-102.154,171.503,181.727,-174.8,90.6162,-3.14883,-102.632,270.462,
		node 249.931,-33.5703,-38.3362,-47.12,-266.317,-67.9162,322.393,111.532,71.1799,-176.608,190.474,23.4015,36.751,-11.3357,-80.7575,253.553,-133.768,-73.868,-127.393,-74.1682,-43.0287,41.2349,-23.6723,-64.538,-178.576,-170.134,
		node -9.26505,-160.428,284.112,-89.6375,48.0573,254.724,123.923,138.981,7.17414,-117.159,79.2818,55.6759,-159.42,154.505,241.117,-97.2895,-154.909,139.52,-222.199,42.6946,-85.1287,-174.014,-114.487,-69.6621,12.4897,37.2567,
		node -138.95,-124.89,66.0363,-109.588,-0.671691,135.265,-105.811,50.3956,303.404,181.402,-69.7483,150.628,-8.85749,163.061,245.046,55.8877,161.355,-78.0554,176.394,252.313,321.198,36.9104,-109.194,256.513,211.365,25.4419,
		node -90.1934,-3.53954,177.291,74.5139,194.496,168.589,-28.3351,-125.337,-73.3197,122.709,282.223,-2.76938,-106.802,28.5282,58.4869,272.033,-110.557,103.21,-208.654,215.124,141.134,-182.88,176.034,5.11112,50.8809,20.8513,
	layer
		node 12.9014,-127.121,-149.199,-59.2208,210.357,-182.094,
endPlayer
