// Player89
stat 4
	layer
		node -34.3954,247.426,-129.991,-112.807,256.31,46.2327,137.523,-134.513,-13.4461,-115.14,133.165,-70.3135,135.276,-5.00437,-67.9249,14.2555,-72.7049,130.847,19.8731,163.285,231.554,-49.9116,117.825,159.471,230.716,246.241,
		node 225.734,252.28,96.9651,265.253,140.191,153.011,327.659,115.581,64.501,130.435,2.23281,24.1675,72.4165,185.601,-89.4327,120.893,163.046,146.503,-94.4396,169.847,-116.948,-98.396,-119.665,-53.5421,22.6668,-56.3538,
		node 90.1984,198.417,-180.884,59.7362,138.942,30.1634,299.669,79.3365,17.5367,257.144,79.4589,61.4768,35.5445,206.411,236.507,84.1982,314.701,11.5724,58.1589,314.899,-74.8534,-276.185,-69.5999,-58.3613,79.245,35.5782,
		node -101.216,-127.063,66.1933,189.754,174.146,110.542,157.58,-113.234,-40.7534,175.875,-202.211,-70.3231,122.591,215.884,252.197,-33.5997,-66.5105,-185.32,-11.9008,51.066,28.9644,94.3798,-118.786,-59.6711,-42.409,163.072,
		node 155.141,146.751,178.444,5.09941,57.4747,159.238,148.273,-120.96,225.25,59.3067,258.98,-108.226,-88.9579,146.885,53.8045,160.45,30.955,98.8049,-195.277,-26.3302,-173.673,-115.92,169.287,13.3225,-136.021,-110.951,
	layer
		node 55.6313,-62.7304,287.171,-135.417,-154.333,3.06664,
endPlayer
