// Player71
stat 7
	layer
		node -32.5024,60.9794,81.8247,28.4835,199.749,2.37785,45.7574,-42.0402,-144.956,-74.3374,46.9609,5.51977,3.951,-40.7595,-48.8241,99.2262,-18.5649,139.952,-64.8926,44.5115,61.75,7.37962,140.83,211.391,-109.1,-2.66664,
		node -93.2705,-74.3156,35.4577,-65.2917,36.2036,8.04068,86.8022,108.356,110.159,-54.9817,-118.954,9.25501,-183.711,-84.9464,-113.394,72.6391,40.2409,-58.2287,15.3426,42.4576,42.9394,-110.368,-128.528,-32.8504,109.67,54.1731,
		node -0.393828,-87.8509,-110.424,-117.919,-90.635,55.462,-84.2826,3.95526,-54.674,104.785,-105.443,-87.1794,3.52042,-8.91534,6.20384,0.350421,3.77141,-68.0474,36.8723,87.6275,-18.7219,-37.4585,-15.6648,25.5583,-7.14878,-59.6462,
		node 60.0253,77.4218,17.3299,-63.0932,-163.1,-134.684,-73.5578,62.3263,78.8377,-49.5281,-25.4129,101.382,-198.902,-56.9968,-19.3696,-1.97846,2.45165,-178.538,-2.91241,-16.266,172.141,84.0591,-8.44328,-111.304,63.0537,55.0339,
		node 105.781,-25.7218,-61.7197,55.0851,-43.6811,-78.7512,20.9948,136.7,41.2162,-70.8226,27.1331,84.9636,-79.3925,91.1751,-149.634,53.8922,-30.9569,-133.202,18.2419,53.4216,66.5725,94.8846,171.882,-126.011,-100.937,-55.0409,
	layer
		node -26.6335,-60.9826,50.1273,6.90783,-143.219,82.5265,
endPlayer
