// Player89
stat 3
	layer
		node -36.2218,75.3279,92.0697,-3.2646,211.91,15.0884,47.4279,-29.55,-181.18,-64.3372,108.967,5.41393,-1.67873,-71.1443,-59.8654,126.751,-16.9928,94.3582,-72.5161,44.9031,57.4239,29.4337,144.307,205.967,-109.935,10.6075,
		node -89.139,-61.1682,26.7886,-73.2949,46.7824,4.07419,48.1585,96.1543,118.312,-54.7396,-116.885,11.9685,-186.233,-83.3274,-111.726,66.7999,25.6972,-55.5304,17.137,36.5158,32.6445,-105.623,-142.47,-38.5554,111.238,34.1039,
		node 1.98075,-67.5551,-112.083,-132.628,-104.024,54.1259,-95.9897,21.3068,-58.9162,102.734,-109.362,-78.0913,4.5569,1.51008,42.3478,-5.65092,3.92968,-57.7016,33.2473,90.5328,-54.8765,-40.9314,-9.02684,18.3395,4.73296,-75.9157,
		node 69.5163,89.7096,19.4671,-63.4783,-164.245,-140.381,-86.4583,59.996,74.8016,-63.2191,-31.8076,113.457,-197.288,-77.6018,-6.07727,5.95963,-11.9623,-190.757,8.85887,-37.0199,178.317,112.174,-2.82164,-132.532,35.1895,61.3866,
		node 98.0249,-24.8839,-69.5785,44.5573,-45.4815,-78.0314,16.2663,135.152,48.2226,-40.4657,37.6616,73.8354,-83.805,100.21,-150.124,54.1294,-41.8983,-132.467,19.8302,60.1309,64.481,99.438,131.803,-131.8,-88.3751,-26.9358,
	layer
		node -23.1391,-38.2372,43.5577,33.6237,-142.908,87.3576,
endPlayer
