// Player34
stat 7
	layer
		node 35.2209,87.5749,109.82,14.2543,-34.55,29.5905,-120.582,238.574,39.2842,-128.477,141.796,3.49355,239.491,163.237,16.1803,158.526,-50.5985,-170.989,-203.532,36.8344,33.9055,16.5504,-134.449,44.775,14.6836,92.1047,
		node 64.9642,-83.4025,57.8367,-43.5078,-52.5355,-113.503,262.012,53.9761,-14.9617,289.597,-142.984,82.6113,209.297,143.591,92.7226,-27.286,237.262,154.746,282.66,-54.3188,-74.6786,-126.256,-23.0315,253.063,216.692,38.131,
		node 99.7806,44.635,-129.096,31.0819,15.9969,-10.3735,117.393,48.9772,13.4085,165.17,90.2601,-4.40744,45.079,18.3837,134.627,21.1333,-18.1494,-40.14,19.3121,67.3893,-3.04462,0.579775,2.74644,155.43,40.0495,-188.578,
		node 87.6703,-2.70211,-138.557,-0.297739,41.3216,-7.71814,72.2222,12.6894,152.258,-83.732,88.2974,-65.5931,-15.8079,123.755,16.9142,-13.7333,1.83446,145.935,120.197,-93.63,19.5556,223.151,-59.469,-112.181,-3.0445,290.594,
		node 99.6822,149.399,53.8718,-16.9073,110.531,-11.2306,-121.496,89.4729,142.943,-132.798,257.969,36.5533,-126.987,-62.1111,66.2019,117.712,282.055,30.3461,-82.003,-150.341,-157.258,-77.3599,-55.6177,77.6685,-125.345,50.44,
	layer
		node 88.4752,138.662,110.704,300.005,50.0773,28.9709,
endPlayer
