// Player38
stat 5
	layer
		node -62.7748,29.1349,116.196,253.545,-3.14972,33.1705,157.358,106.535,-84.8726,159.109,-129.278,-80.2768,31.6304,-145.623,29.1896,53.6997,48.1832,-158.125,303.264,-87.4287,-166.765,97.5341,261.33,41.7647,15.6151,102.261,
		node 24.703,7.03751,54.8173,93.7875,-147.437,-85.6636,-209.246,-161.225,-65.62,53.2877,-28.9407,-13.682,18.1244,-17.1004,113.584,118.515,-107.507,-170.457,108.5,56.8637,-208.194,123.19,38.5135,56.8752,-107.83,-145.861,
		node 112.739,44.8332,70.0794,53.7006,-72.9857,171.351,78.7024,-146.021,23.2053,136.179,-1.21133,29.9834,31.1013,279.282,141.7,-57.324,-60.9947,295.498,174.253,35.363,-13.1515,-122.149,22.3764,151.594,78.8002,-55.3497,
		node 93.6979,295.246,41.5031,0.143682,3.25449,-121.332,-96.5381,155.971,13.0754,-49.6352,163.72,-63.5963,-19.3507,129.55,42.2624,-18.3648,42.2292,-123.851,115.326,-64.5679,329.601,124.421,120.693,-63.238,172.62,-149.221,
		node 97.6948,-66.3255,77.153,-10.7495,-51.0354,-2.65078,239.722,5.54742,151.336,25.1601,251.246,32.1499,33.0314,-62.0919,-138.992,-32.4929,2.46465,-140.66,107.741,33.9557,-81.4846,-78.1888,-70.2083,-42.6182,40.3139,64.9849,
	layer
		node -78.824,42.5181,-154.661,-2.16526,106.122,16.0026,
endPlayer
