// Player62
stat 5
	layer
		node -108.633,39.59,15.6387,40.6974,68.6182,49.3195,-29.1675,-12.4105,16.5465,-64.644,-29.1502,25.5673,45.3518,-63.9843,18.3215,40.0033,39.4293,58.6265,-53.972,73.2374,16.7141,-23.6622,-50.5827,-59.3913,111.604,-3.61517,
		node 21.9104,-42.2912,-7.8954,33.7374,-28.4041,26.482,46.5936,69.6308,14.6299,17.4476,5.04539,23.2507,4.85754,-99.7103,3.86133,46.3343,4.62999,-55.89,2.03105,-4.06976,-22.8461,17.5312,15.3902,-3.18286,-66.6971,-6.474,
		node 45.6038,51.5259,-22.4177,-4.2927,-21.3284,4.94263,-7.44481,-10.3139,-16.8851,34.6179,-58.9717,-73.1506,-4.03692,-17.7069,1.26612,20.2394,-53.3257,-29.9923,-26.8455,112.65,-16.9382,-52.3706,33.6281,27.7072,21.3164,-11.3978,
		node 4.40572,-7.40179,-26.8608,72.8422,-61.3177,-6.47729,63.6455,62.2646,-29.8185,-48.7312,35.5978,-8.45102,28.0308,49.3177,-1.01179,-67.0238,66.3713,-20.3953,-23.275,19.5796,-7.071,-23.3005,-11.7874,61.9669,-28.6543,-58.4403,
		node 25.4605,-42.5625,27.8818,-24.6894,40.7897,30.4871,-57.1946,-6.22052,0.0138607,32.092,6.74009,-38.2989,45.5814,-5.83119,10.3714,28.0841,-63.4801,27.7465,-19.0454,-54.5673,56.0335,11.1751,-13.2433,30.9953,13.3284,-11.7599,
	layer
		node 8.25985,16.8621,10.2562,-19.9821,-73.9009,5.51394,
endPlayer
