// Player97
stat 5
	layer
		node 94.2269,58.8802,120.199,-43.2813,-62.1795,-273.704,-260.285,-171.476,-139.754,152.712,-50.4731,39.7589,-23.051,140.74,-140.684,-65.1217,-152.948,-154.888,42.797,-58.4615,-138.032,90.8055,-264.607,155.052,-150.963,-188.181,
		node 128.447,-186.806,77.3588,-131.771,-134.995,132.192,-220.636,-51.9855,153.561,-289.649,-119.162,-146.464,-39.8309,-104.003,-172.151,97.5546,-11.8986,-259.597,-137.766,-136.331,152.923,17.7453,54.4077,161.223,150.407,-273.93,
		node -207.827,-101.748,160.219,234.535,-57.0217,120.037,-183.964,-97.3894,-130.348,5.82025,-176.642,33.7675,8.72713,148.919,-152.917,-66.9593,110.005,-130.679,-160.588,92.8234,-160.873,-131.69,-75.2057,2.18759,-49.5537,131.051,
		node -84.0744,-242.585,178.403,-129.85,51.706,-110.936,179.122,-26.8804,-50.359,122.595,-220.05,-120.196,29.9407,110.247,73.0762,88.7982,-133.376,53.2164,-126.092,100.31,-187.112,-113.818,-129.144,15.3179,79.3593,-236.573,
		node -230.389,97.0567,-165.617,26.7436,-111.333,-10.0469,-105.891,-225.313,224.542,-159.627,31.1019,159.266,65.0452,152.192,-11.3863,167.584,143.895,-225.117,166.867,-60.2564,-115.866,-155.039,-205.659,124.051,100.894,0.959025,
	layer
		node 115.767,105.942,197.825,-185.593,112.099,-161.132,
endPlayer
