// Player64
stat 4
	layer
		node 49.5945,52.6438,-76.6053,3.39874,-256.271,38.5581,161.091,-61.8092,-64.1279,-278.773,149.207,-247.756,-62.9368,-222.957,179.95,-98.7603,-56.6357,-332.61,-18.4835,-27.1035,-48.9744,29.9624,-1.97319,90.7893,83.7194,104.297,
		node -289.506,27.9257,-261.413,-269.83,-51.3051,-129.186,8.11684,-264.357,-25.9868,-68.1034,-113.701,16.3097,-51.3834,30.4731,160.875,-326.839,83.1494,-252.174,-28.6423,25.1413,-310.843,-257.341,68.0017,-264.82,-176.03,-56.003,
		node -48.1292,-288.752,5.12564,-149.808,-22.2247,0.962648,-2.1875,67.5868,82.5769,-338.609,-271.68,-60.4131,-73.5085,26.3244,-69.4383,-81.6191,-40.3923,-53.5245,10.9263,-272.705,-220.572,22.8672,45.4479,49.7242,-18.5798,-313.951,
		node -17.5938,-3.5362,-239.834,32.4907,21.1793,-16.1251,5.70724,-11.6334,105.449,17.0517,-48.5697,-33.458,-47.8614,-4.06419,-52.3578,17.899,153.504,137.455,62.1363,-283.477,-304.072,-347.385,47.7293,-324.347,24.9366,111.37,
		node -134.1,-126.278,16.5054,-70.184,37.2995,-1.54559,-117.024,-11.8526,77.1286,-51.9544,71.5291,-296.265,46.6097,45.3556,1.16765,-24.3938,-198.572,2.62543,44.9088,-158.177,-272.168,26.2892,-131.686,131.227,-23.1797,-284.809,
	layer
		node -178.013,2.9692,140.284,-9.79999,9.37926,-17.85,
endPlayer
