// Player31
stat 7
	layer
		node 104.366,-222.742,-14.8334,31.0114,-258.809,-259.408,-41.4656,6.73018,-91.5789,-221.194,36.9115,-25.1361,-70.1608,84.3431,33.4175,26.5032,-71.662,-339.272,-19.1479,-27.7843,-41.2723,33.8102,152.92,-8.70322,148.273,-170.273,
		node -26.6371,103.065,-263.33,36.3967,4.86257,-18.7328,10.9702,-167.165,32.6729,-158.401,96.6893,97.5032,15.134,-47.805,23.8233,-53.7436,-271.388,-237.247,-23.0236,-49.3386,-15.8338,-4.30123,-183.705,116.984,-153.742,138.128,
		node -43.6148,15.3034,-19.4678,-58.921,94.3491,52.2096,-205.047,71.2139,158.85,29.4785,46.4441,-8.10093,-353.285,21.3629,26.4949,-72.834,144.439,0.682256,-44.0825,-1.63457,-294.68,-293.031,86.9533,2.14023,100.636,-54.313,
		node 5.17045,69.252,-277.474,32.2985,4.12056,34.0873,-226.003,-12.7935,-189.913,24.839,-31.4579,-49.3966,-283.142,47.6867,156.741,0.838213,67.1576,98.5428,16.308,52.9256,12.1564,67.4521,-210.285,37.8245,-278.167,-309.472,
		node 14.0701,-120.99,-311.62,10.6746,34.528,-181.588,-7.12356,2.61771,-205.607,-216.424,62.4764,-8.24126,-95.5908,50.5416,23.6383,-22.0465,-197.937,-44.2902,117.765,0.831801,11.7658,-258.907,-149.566,49.3457,127.347,59.1075,
	layer
		node -50.7078,83.3147,3.58924,-16.1792,-48.794,16.3615,
endPlayer
