// Player64
stat 4
	layer
		node 274.286,298.706,236.037,-149.946,322.35,164.666,207.111,103.939,268.134,230.658,-75.0806,315.562,267.365,281.051,231.435,-89.641,236.858,-160.06,-130.174,200.212,113.588,329.392,-55.4163,-44.3696,285.552,76.5567,
		node -219.168,262.723,198.89,51.7287,248.117,-134.597,195.414,281.228,142.963,302.801,292.749,-137.685,275.63,116.07,108.302,100.404,200.149,181.303,98.2597,151.304,280.695,149.28,204.926,122.173,-29.8231,291.622,
		node 278.876,360.523,-133.417,-196.959,-163.172,-119.993,209.064,-21.7849,-121.899,321.94,69.6951,-31.9692,205.511,214.595,293.182,271.719,9.0548,384.611,-136.077,143.547,105.723,176.351,237.119,235.699,291.7,13.1558,
		node 308.076,-28.638,-76.5042,116.943,208.495,224.755,188.748,-82.0786,376.424,320.962,284.697,127.448,297.931,276.769,225.499,112.222,227.568,-150.34,119.208,210.174,-61.3486,188.612,-117.009,113.429,-147.058,324.704,
		node 281.346,286.881,-60.1419,-198.219,290.587,300.022,353.593,129.047,317.375,74.2991,-102.445,-126.274,-37.6666,237.52,126.817,316.945,335.976,-12.0449,268.49,-45.3958,-13.6331,-80.0412,-204.908,212.73,174.053,125.54,
	layer
		node 99.1979,-154.396,130.475,201.204,-219.513,203.747,
endPlayer
