// Player54
stat 9
	layer
		node -68.2957,-102.247,235.86,-152.515,331.48,-80.5963,287.291,280.998,154.82,230.476,276.29,257.254,-91.9196,278.767,233.121,-57.8806,233.831,240.47,63.8513,121.402,116.983,168.498,-59.0523,-40.6994,280.198,78.3555,
		node -219.628,264.313,77.4763,56.4604,-149.685,-140.794,229.579,-140.797,335.219,105.613,258.422,194.05,-63.5369,159.064,110.758,208.91,238.781,-87.1714,110.075,153.131,225.608,146.816,202.656,114.493,125.071,299.634,
		node 125.611,360.837,-134.024,112.755,102.661,141.942,261.072,260.4,-124.695,321.926,71.1264,-28.8371,324.914,337.608,194.523,283.433,337.639,319.49,11.1599,243.346,100.411,144.681,238.401,228.764,127.242,14.7651,
		node 309.759,-30.4099,-84.3559,-45.7916,228.472,324.622,-203.263,-92.5184,363.224,319.962,139.753,150.807,295.968,278.154,-36.5813,109.153,329.5,-118.506,136.688,131.471,259.835,329.454,208.806,124.12,-144.55,301.684,
		node 277.863,283.433,-59.546,-64.4586,-55.588,292.542,-103.576,315.231,276.482,71.5473,-98.5461,255.903,140.418,-137.3,113.427,-34.521,-137.278,211.516,105.174,134.539,-5.4079,158.868,254.396,201.768,117.836,248.857,
	layer
		node 404.723,206.556,130.979,343.544,236.608,130.477,
endPlayer
