// Player98
stat 6
	layer
		node 293.417,317.033,179.936,339.404,335.513,176.232,323.097,-141.139,264.966,190.865,-72.4896,323.407,267.281,218.829,215.274,203.366,123.232,319.578,354.05,128.143,288.089,186.372,138.099,211.612,269.484,86.0242,
		node -217.812,277.385,199.966,49.857,-98.2615,-149.027,148.465,-137.138,139.185,216.432,219.383,172.789,270.221,138.4,296.576,210.627,99.8934,72.9437,-164.651,26.621,158.617,32.4542,199.816,139.174,341.278,218.817,
		node 295.657,366.022,209.09,122.261,151.455,130.945,123.243,248.727,193.217,324.006,88.8481,-28.5464,312.453,205.377,-39.6192,253.709,176.429,125.737,34.6331,242.437,271.044,295.167,219.955,-117.034,292.184,13.1234,
		node 173.401,-46.4005,143.58,124.05,-169.854,-118.825,-36.1434,203.761,359.13,274.298,87.2963,170.685,293.899,273.017,229.521,279.349,346.871,-217.563,126.433,-97.7146,-47.3581,325.89,-221.265,133.502,-141.324,-115.761,
		node 253.451,298.361,289.535,178.218,-59.9296,128.41,274.314,308.554,253.327,113.051,-122.12,255.308,-45.8684,79.3215,135.38,237.328,234.929,210.554,265.453,-84.3628,-30.5127,118.763,354.819,205.973,120.498,251.67,
	layer
		node 47.8945,-125.128,274.947,117.312,48.2654,143.177,
endPlayer
