// Player83
stat 5
	layer
		node 263.597,191.024,239.514,-159.066,333.277,175.691,282.695,103.673,151.678,193.005,-99.704,252.272,269.662,277.988,331.087,-58.5711,238.253,278.876,59.7133,123.77,135.905,181.093,204.365,211.256,289.175,279.993,
		node -220.07,140.481,259.102,49.1715,248.26,184.861,162.806,283.337,130.479,219.826,230.642,175.587,-154.09,165.946,191.393,255.407,236.212,-62.388,95.6869,162.947,227.387,129.372,-66.2898,122.774,-31.2533,215.324,
		node 321.996,360.44,230.168,-193.608,-156.012,-120.364,208.833,261.529,65.8387,72.8494,201.597,105.56,205.386,208.004,177.256,166.971,175.612,-129.389,41.1408,142.995,106.224,289.402,235.044,231.863,285.593,232.733,
		node 304.736,333.717,262.49,-157.39,211.308,-114.514,192.704,-52.2338,363.627,310.844,279.334,163.918,110.877,-41.6708,229.808,117.07,156.818,-152.269,135.669,134.609,-53.15,176.366,331.875,378.029,-18.4676,-122.962,
		node 262.139,45.2146,131.202,-197.314,-49.9945,139.914,94.0034,324.443,268.865,67.0363,-101.124,303.717,140.344,233.774,117.03,315.851,215.752,-12.4584,-133.098,-45.8756,155.852,162.92,-204.709,263.797,313.978,123.997,
	layer
		node 209.383,196.28,270.783,259.344,-222.532,-42.9933,
endPlayer
