// Player51
stat 7
	layer
		node 182.791,11.4699,-82.703,-118.407,-214.454,214.101,214.793,173.834,64.7989,178.323,152.197,-57.278,35.4764,241.915,246.4,177.533,251.715,291.06,-217.392,14.8493,49.1916,177.936,-14.579,6.11515,22.5643,224.849,
		node 204.055,-100.11,-116.102,-57.4983,208.665,-81.1148,70.1036,156.715,215.593,11.4327,-47.4693,176.052,257.927,-34.0859,-57.5935,-32.1229,33.0469,-73.8473,233.472,-30.984,239.029,192.888,-49.5089,39.5891,45.863,-40.1961,
		node 219.78,203.379,237.744,-102.956,-198.443,9.31274,-2.81911,-175.269,163.983,-58.1739,-76.6335,-87.4548,-158.099,-165.854,25.2554,-70.3581,194.45,-96.2699,235.124,22.6579,165.825,-75.6033,-80.5365,71.8954,-103.374,22.2062,
		node 136.108,-88.517,260.505,7.52005,193.851,-57.8648,150.514,-10.7806,136.63,42.009,245.064,-40.6143,-102.284,-201.154,-84.6522,167.064,-111.448,192.565,19.4353,-67.4911,75.4566,5.16,115.221,201.538,49.5555,-3.93495,
		node 227.228,142.346,193.35,-220.146,-35.7513,236.142,228.025,215.665,230.132,147.076,185.005,-161.048,145.58,-50.2561,-81.8711,65.5604,-41.1034,-108.448,3.36771,273.487,190.547,-44.1686,191.776,273.946,166.89,-6.65024,
	layer
		node -73.3607,-37.2015,253.169,-30.8612,-11.6825,-46.4706,
endPlayer
