// Player85
stat 7
	layer
		node 40.1178,221.088,22.384,211.986,-209.137,191.537,-25.0675,176.443,172.228,38.622,-35.9145,-49.0651,27.2694,-111.574,261.883,-48.8454,277.462,299.838,7.25009,-18.8614,236.622,11.2013,-17.3167,262.916,18.839,71.661,
		node -135.631,41.65,-22.5369,-86.3839,167.102,140.585,178.699,225.925,222.178,-84.1518,243.45,-58.9071,-135.067,153.17,-7.10638,214.104,178.494,152.574,77.5476,206.192,8.49193,-22.2831,-153.65,28.4178,-8.41584,225.907,
		node 4.45598,137.506,209.825,-29.4812,27.561,5.63422,-25.6685,174.854,-101.599,-77.632,-45.1837,20.112,-210.041,-27.64,176.759,-65.1411,31.1298,243.152,251.266,-47.5931,-53.5048,-78.7414,51.2919,248.21,-37.471,-193.921,
		node 139.155,-104.375,217.031,200.327,174.972,-70.1843,-146.713,-5.49712,128.81,207.277,-93.8128,41.5887,236.79,-202.826,60.2389,9.02606,-17.2007,-97.6262,179.607,-194.967,20.547,-10.7873,-74.4425,193.889,175.922,-168.152,
		node 34.2656,-117.639,-37.6922,63.6078,-72.893,241.69,68.6349,179.958,215.719,136.469,172.243,-143.239,213.537,268.62,-71.9413,71.9023,27.8363,155.635,120.256,54.8575,191.276,-77.7517,23.266,246.481,253.871,-11.4901,
	layer
		node 153.433,-95.0508,-46.1837,-151.379,-49.5598,-51.7241,
endPlayer
