// Player74
stat 5
	layer
		node -117.978,-24.9233,-22.1473,-106.47,-19.4652,-23.5157,5.18252,133.004,151.112,61.3221,83.2931,-19.5384,20.3901,-182.767,-102.342,84.7004,-59.8494,15.3195,18.2803,58.3303,40.812,-67.3428,-58.9347,41.4237,-3.68482,73.555,
		node 12.2868,-164.004,-86.0218,-21.3522,-160.983,-77.8409,-19.7854,176.574,24.6866,-3.8895,113.192,-49.168,48.301,-17.91,-154.725,84.9953,-31.3627,75.9832,122.23,-14.1087,-74.839,-55.8431,104.988,26.6048,-2.20101,124.927,
		node 12.9948,-8.08296,1.3929,-48.0823,-14.2473,27.3488,-18.9886,-46.4774,-6.16651,94.4904,-171.885,57.1221,93.0791,49.8737,38.7338,-10.1574,-9.09694,8.22838,47.9643,-4.16797,62.7243,-9.77496,18.7709,171.399,-20.0214,-131.88,
		node 66.4382,18.192,53.1288,65.1001,2.74866,-15.4111,108.2,11.2854,-40.5187,-97.7268,-78.8042,-19.2497,113.859,88.4308,2.15749,21.7102,34.3729,135.395,-16.6597,18.4303,12.877,-61.4453,21.1246,-38.6472,18.6527,54.7093,
		node 45.3113,-32.1654,25.2462,129.409,36.09,88.6149,-155.06,-84.9261,-142.856,-165.899,88.2097,-125.984,8.10604,69.0131,67.8038,-51.4921,23.3934,129.22,-25.1663,0.805457,-1.20461,83.4764,-171.124,-13.6783,-88.6532,-120.91,
	layer
		node -35.4033,11.3044,9.90973,123.041,71.1445,9.02291,
endPlayer
