// Player17
stat 6
	layer
		node 185.688,-155.235,-222.18,-152.005,194.797,-81.0329,89.8386,-63.3118,-152.177,301.456,168.685,-117.278,-119.087,-168.17,137.819,-175.732,-29.7589,-184.704,-20.7153,279.402,-38.8694,-165.983,-194.004,-167.092,69.8161,182.525,
		node 250.261,6.81696,-135.208,-124.714,-73.0857,256.532,-28.7337,-23.5101,-75.2421,149.384,-136.368,-97.1992,-132.758,151.222,-94.2591,-195.794,217.333,-216.424,-199.074,-35.9147,113.867,-155.775,96.144,-99.8033,-28.943,-9.07761,
		node -198.195,-26.0855,290.944,303.831,113.741,284.831,25.8894,286.256,89.675,-127.23,-154.561,181.919,-117.621,80.0668,44.5405,289.422,-135.163,-6.98672,-163.588,-82.5013,-42.913,-55.5892,-38.7511,269.246,207.105,-140.661,
		node -100.101,-18.7203,-150.75,-133.592,-186.959,-190.762,-227.053,-117.903,-14.7983,-181.699,-233.158,-174.061,-127.182,-178.448,39.0926,-70.8628,-5.23729,-115.983,270.593,-217.707,-160.009,107.426,-217.734,-11.4834,-58.5195,-52.4768,
		node -22.8558,26.3177,-162.014,-176.128,319.228,-238.146,313.156,-164.782,-17.9954,-100.766,214.176,33.9287,-139.064,-41.3343,-144.959,-76.6286,90.0386,295.641,-156.388,-81.9096,-189.538,-95.2975,-18.651,144.596,-124.35,-39.7873,
	layer
		node -68.8575,286.381,159.9,-155.775,-170.426,282.964,
endPlayer
