// Player85
stat 5
	layer
		node -62.2482,-147.845,-75.5927,-27.4568,-52.0817,-74.2999,109.304,89.9289,-143.356,-81.1172,-103.761,-111.027,-112.966,-160.225,137.413,-52.601,-44.1252,-186.839,-32.3624,-162.327,-42.5579,-154.398,-178.095,-164.552,66.3414,193.981,
		node 68.7911,-158.201,-139.093,-122.086,-77.4892,262.16,-29.5252,-24.9337,-90.6799,139.313,264.324,-46.9976,-138.004,134.506,-94.2539,-193.862,289.835,200.763,-27.2609,-48.9432,-145.485,-156.579,286.279,-92.6862,-154.716,-15.1214,
		node -165.961,-224.17,-203.103,308.151,-221.92,-123.343,323.95,135.031,-29.9663,79.9787,248.889,173.616,-102.59,-79.9401,62.8961,50.917,-198.402,-74.8625,128.842,-82.5439,-163.936,-18.4244,76.5309,287.094,202.843,-89.2905,
		node -55.5532,-88.0174,-119.971,297.97,-175.659,-206.349,-237.223,-99.6491,-11.8653,-184.549,-232.886,-133.476,-107.998,75.4247,-155.511,-67.8782,-83.8801,-116.827,-7.03628,-231.843,-64.5131,-29.9318,-150.586,-2.83722,114.495,240.127,
		node 279.552,47.3305,-18.7214,-170.482,314.18,-151.673,279.191,52.0347,-3.4694,62.1789,260.424,13.9093,-114.754,-134.348,-92.708,-236.523,-145.497,-110.123,267.091,-84.7769,-15.5478,-100.123,-13.0797,-27.5991,78.2463,-157.604,
	layer
		node 280.231,259.986,280.231,-42.7913,-162.708,283.664,
endPlayer
