// Player76
stat 3
	layer
		node -66.8836,-143.9,-68.1243,-122.337,-87.1287,-67.8007,191.402,90.9538,-95.153,294.49,-103.672,-117.283,159.338,-162.505,122.078,-56.8608,-32.8189,-193.287,-94.5266,-95.5117,-161.206,-165.869,-199.766,265.529,68.4813,-89.0947,
		node 75.07,193.087,-122.609,-44.7278,-236.935,157.129,-238.702,-133.637,-87.7352,138.136,-136.231,-109.761,-161.221,160.935,31.8052,243.755,138.818,-138.322,-180.783,-43.6124,115.841,-160.321,212.557,-93.7464,-155.176,-15.2148,
		node -194.718,-223.9,312.172,303.602,-222.046,268.906,-133.691,135.828,-35.7484,-161.571,281.063,-260.455,-92.3813,80.1674,51.9796,297.083,-198.424,12.3006,-149.542,-139.173,-164.57,-52.0492,68.2835,266.188,-89.8753,-89.9362,
		node -58.4677,-80.8511,-119.785,198.461,-180.34,-208.564,-224.031,-28.2969,-16.4108,-25.7645,-157.983,-122.319,-108.841,61.2285,-172.418,-65.8076,-85.981,-112.599,-12.0111,272.287,-56.9968,-136.015,-238.499,5.2416,113.733,238.657,
		node -33.5587,54.3965,-162.829,-174.647,315.427,-153.128,-80.8674,-35.182,-12.6763,64.0142,200.766,5.91213,92.954,-26.9549,207.314,-85.2661,-134.98,-103.724,-154.347,-96.3901,-44.5237,-99.9464,-119.892,-0.963966,80.4386,-46.0217,
	layer
		node 278.23,-6.28629,-108.913,294.49,-146.208,-31.0723,
endPlayer
