// Player44
stat 6
	layer
		node -49.5626,-137.232,-60.3296,-151.944,-43.4526,-79.0363,91.6928,-71.8766,-144.9,-64.47,-158.038,-70.3473,155.936,-165.292,-82.7067,-175.028,-47.3097,-190.245,-208.546,251.307,-48.0629,-168.586,-199.457,-95.1554,-59.1736,159.463,
		node 293.068,191.13,-123.323,-54.7038,138.136,243.488,-28.2935,-11.7216,-78.3006,131.228,-131.317,-198.007,-160.388,154.429,-97.1139,-87.0219,142.041,175.705,-168.931,-37.3471,-114.634,-156.745,285.277,-90.4582,-3.59062,14.7841,
		node -171.258,-167.536,-205.797,294.334,98.4379,-141.43,46.1248,289.945,-28.3052,-126.577,-20.9937,182.608,-54.3014,92.622,-169.889,-153.665,-192.059,-0.207933,-182.555,-142.273,-166.04,-168.178,299.311,275.756,209.45,-42.3334,
		node 276.463,-19.8781,-100.677,-96.8149,-191.246,-31.8411,-217.017,-113.897,-2.25312,-182.92,-82.1038,-131.742,-130.926,75.0316,38.2997,-62.732,4.52418,-99.8711,-185.485,279.003,-83.8163,105.623,-219.856,-11.5539,-60.5413,271.765,
		node -29.1122,31.3539,-8.02703,-178.304,-107.981,-232.144,303.889,-46.2922,-6.2162,57.6924,213.229,30.1582,93.8331,-39.4571,86.1368,-246.432,65.9717,-116.431,-131.581,-68.7819,-188.257,-180.433,-20.1791,142.419,81.2499,-153.121,
	layer
		node 52.1093,215.306,276.413,149.773,293.068,-25.2687,
endPlayer
