// Player91
stat 6
	layer
		node -64.1233,-206.58,-220.006,-26.4055,-51.6625,-66.2498,103.486,-104.484,-131.05,-64.8495,-94.7476,-71.2276,154.481,-152.688,132.926,-178.764,-33.5841,-183.83,-212.535,264.968,-52.8768,-140.18,-200.486,-172.105,68.9449,172.45,
		node 65.8964,200.002,-135.242,-239.163,-68.9207,277.959,-31.7293,-152.599,251.336,136.012,263.768,-103.73,-137.701,171.662,40.1596,-199.802,147.673,44.8723,-166.774,-65.5577,-136.602,135.727,-135.736,-105.434,-13.5586,-9.06127,
		node -192.577,158.902,305.658,85.8075,-221.187,-139.775,323.106,141.513,-35.4571,-156.449,284.924,-69.9482,-224.201,85.4702,43.6272,-86.5421,-196.504,9.76531,-167.443,-147.662,-159.092,-50.8299,-34.0906,-108.88,-94.3908,-88.7238,
		node -68.2913,-72.977,-87.377,-104.284,-191.404,-213.953,-222.355,-159.249,-11.8827,-231.413,-83.8515,-177.372,-110.085,66.124,39.8852,-63.6448,1.81512,-138.343,-206.982,-210.251,-162.759,106.356,-225.89,-10.9646,116.499,-52.0216,
		node -26.6036,23.5467,-5.4249,160.636,319.213,-152.169,297.665,-51.3999,-3.56309,-98.5936,154.33,12.8823,-138.644,222.9,-148.495,-230.235,98.5078,-105.159,-149.803,-88.2753,-7.36073,-40.69,-89.3713,-2.50777,-130.058,-38.0776,
	layer
		node -223.221,-108.825,85.8075,-181.696,216.336,297.205,
endPlayer
