// Player83
stat 5
	layer
		node 41.6029,-0.960932,-64.7821,-119.84,-32.0786,182.553,7.36761,-80.8935,-38.4746,-38.3157,-32.8532,42.855,8.16721,83.9046,68.8846,-69.002,-6.79292,5.65596,-262.418,-61.2069,-23.6814,7.43797,-40.3691,-229.578,-81.9515,-71.1194,
		node -96.5992,6.86259,21.2099,-287.904,-94.6434,-18.7713,-214.936,-241.533,31.9483,-26.7589,67.903,-22.2011,46.5667,56.7497,-24.5413,-81.1718,102.995,-240.325,74.5334,-266.393,-122.129,49.269,14.1982,-247.304,16.5395,-260.472,
		node -242.161,74.0353,-122.953,-276.056,55.2773,-287.147,-229.635,57.4806,29.4492,7.05209,-59.1577,-263.169,17.8633,25.436,-286.73,11.0679,52.8956,-283.069,41.739,56.661,32.0786,24.3469,-251.587,25.9881,-67.224,33.9141,
		node 11.5624,-41.4896,-152.39,27.8911,51.6275,105.366,-6.56472,35.433,-17.6422,-15.8068,34.5779,-74.9674,72.2645,-250.255,-82.0846,-53.6897,-43.9617,94.6348,-90.0766,68.2393,58.7795,-266.988,24.8544,-252.151,-14.661,154.86,
		node -44.7755,-24.2131,-109.965,166.637,-103.086,-142.487,-8.10367,103.09,-61.342,7.44524,-26.668,-45.1543,-16.0345,-243.489,-296.45,-41.9941,-61.2381,31.1119,-32.1375,66.0741,3.22706,-260.973,24.9357,50.8942,61.3783,32.9343,
	layer
		node -79.6647,59.4794,-273.814,33.8127,32.5255,84.9209,
endPlayer
