// Player60
stat 4
	layer
		node 36.889,-217.615,-251.005,13.0305,0.639844,-36.2602,-104.529,-80.1838,75.0683,30.4935,40.1816,-60.0684,-76.8649,-50.4818,62.8521,102.929,-35.983,-61.3451,58.8715,-68.6196,-40.8242,7.61673,-126.951,17.9283,84.4998,-24.8436,
		node 34.9095,-0.854573,76.7549,-255.775,33.394,-280.579,-224.226,-15.7936,25.3087,28.8905,-42.5035,-58.8177,-81.3052,-33.7011,-131.106,-79.8299,-40.4318,-237.526,-77.8797,179.99,21.3526,55.7799,-62.8318,-261.189,28.0372,-266.534,
		node -17.4769,20.6632,-84.5367,-269.55,178.669,-286.77,-74.7163,49.6297,26.1522,9.53919,0.243775,22.247,16.6551,100.234,-50.2474,-44.5016,-63.4116,-308.682,69.3717,-114.572,101.355,-219.889,-50.7562,-82.6192,-100.984,23.9768,
		node 9.41159,-18.9738,-151.431,25.0177,38.1236,-217.241,0.26873,75.5724,-0.438068,-11.9408,-78.3289,-60.5189,78.1745,-259.408,-5.05574,-54.7458,72.2851,102.63,-228.012,70.3858,-64.4652,-269.082,-32.9515,-256.033,89.6119,-244.404,
		node 21.7569,-235.631,68.3094,-147.083,-99.7972,-129.794,61.4457,-268.209,122.031,23.3115,-24.4999,-88.1448,-113.967,-241.389,-51.6715,2.77249,-61.0828,-250.983,-26.6683,73.5139,-19.9549,-161.654,-1.8094,-263.105,66.8765,-299.521,
	layer
		node 67.1044,-82.2917,41.1555,-39.5915,6.14437,-31.1563,
endPlayer
