// Player34
stat 9
	layer
		node -19.0739,-54.0548,78.4925,-39.3395,39.1733,7.42225,10.382,-35.8303,-56.9836,-41.8105,12.7434,168.16,0.777359,-15.4422,-35.2221,-35.6391,47.1591,70.8197,-23.7296,-85.7089,-56.9306,60.8632,2.76296,6.19343,16.7156,41.8903,
		node 142.379,-58.2194,39.2683,3.36459,-27.6992,-64.1559,-71.0807,-55.999,-73.5932,-159.253,-37.2934,-20.0595,11.4161,-10.2758,1.09308,-47.175,-14.2984,-35.1405,46.9827,58.2923,-12.4331,22.5461,-61.4517,8.8699,38.6827,-39.0451,
		node -75.5754,37.7043,-76.7753,-29.991,-16.7137,-98.3007,-44.4547,-80.4982,67.7111,-124.416,-64.0666,0.989738,27.7049,132.128,131.061,-62.5554,63.9807,145.336,10.9165,-56.0485,-23.7702,-139.518,26.2579,-68.7742,67.9192,13.3055,
		node 113.672,8.72847,106.402,129.234,60.8321,62.9471,-34.6692,4.15359,54.1055,141.289,-106.366,-93.0791,-2.54529,-91.8169,-54.0018,73.3523,-19.6711,-60.4018,70.1628,31.7955,-30.111,11.8521,78.2966,-62.8239,-39.4432,72.423,
		node 8.98918,2.95014,-62.8989,110.572,-2.1072,-23.0302,59.8125,61.5807,-52.2461,-7.737,147.45,101.896,7.75727,49.1415,-65.083,94.2511,0.619774,-0.802183,-28.8405,13.7909,-2.57667,-45.6556,52.5109,-18.2383,30.1248,-26.9674,
	layer
		node 116.99,-32.0226,-31.1793,124.791,-44.398,34.5414,
endPlayer
