// Player33
stat 6
	layer
		node 114.957,2.05783,-22.4893,-70.753,37.8948,12.5575,-6.19219,-36.333,139.58,-45.3669,14.5743,171.845,3.71985,-27.5551,-23.0197,20.0322,50.2418,67.9789,-64.4675,-85.5462,-58.0697,54.7051,-47,-55.5536,-41.7229,47.9251,
		node 124.083,-94.366,38.242,5.04716,74.5428,53.5399,-69.0072,-57.0434,51.8655,-107.08,-37.4706,23.7959,7.25142,-94.5687,-6.15948,-47.07,-76.4592,-31.1311,-42.2398,62.6561,30.5701,67.7418,16.873,-12.6176,34.1493,-39.7792,
		node -84.2953,88.6278,-38.8842,-27.4589,100.332,-96.2522,166.196,-79.9267,-37.5728,-38.9039,-60.8979,-61.147,17.0104,-84.3143,7.23942,-9.05792,75.6932,141.362,10.9718,-56.8276,60.7538,-137.968,10.6401,-27.4911,74.5291,18.5241,
		node -51.5177,7.79527,103.219,13.2004,63.4784,62.8419,28.4276,-47.4176,-20.1313,139.655,-49.1722,16.7469,-1.07451,-11.5913,-54.1353,64.1344,-20.4377,-45.7342,72.914,-30.6464,-29.3736,12.6562,75.556,-23.5024,-14.0783,-92.5257,
		node 72.1321,86.5469,-62.308,9.01179,-3.75566,-13.8915,7.82768,57.9078,-61.2641,-4.85682,153.382,-20.1819,8.89878,48.8717,-67.078,-25.2637,6.41336,-0.750943,-6.94095,14.0921,3.9028,-29.5329,41.4069,-20.2692,13.297,-28.4937,
	layer
		node 36.9856,-24.5772,-12.6653,76.0226,59.1528,152.308,
endPlayer
