// Player38
stat 8
	layer
		node -14.0608,-13.0131,-63.5693,-28.915,-47.0221,22.3912,77.7127,122.821,132.782,-70.2513,15.2107,20.0852,-9.48607,-43.635,5.10332,17.1426,-57.7818,2.59262,-31.9616,-85.6763,31.293,60.9166,-45.9734,-60.6445,-46.8772,-10.8286,
		node -66.0429,52.5996,-32.6499,-97.699,72.95,58.2033,-9.33352,18.51,-63.5256,7.43265,-100.47,23.7825,-0.763645,-19.3621,-34.8909,29.4377,-79.4768,-36.6772,-155.762,-4.28772,46.5958,17.7397,-87.5773,-148.098,-9.08673,25.1248,
		node 35.1948,-13.4928,38.9046,-45.4634,-20.2082,93.8288,-37.6145,-17.7642,-65.4474,-121.031,-84.2142,-54.0594,14.5521,40.2765,45.7659,-14.8133,-39.0997,154.661,8.02604,-2.58675,-65.7786,74.399,-31.4317,-1.42783,-62.2899,-82.3273,
		node 37.1038,121.42,41.0967,11.1922,9.55539,-97.2177,-64.6851,0.303032,-25.611,62.5606,9.53099,50.1898,120.314,-62.5319,-53.4831,69.3026,26.9899,31.71,51.6903,-28.6441,-2.38089,-39.4911,84.8427,-23.7675,-73.3005,-64.5932,
		node 15.4457,-5.31261,-61.599,163.198,43.2261,165.35,-56.5347,53.8076,-68.5303,-12.086,-57.8662,-1.46405,60.772,4.828,-74.3196,89.2168,8.42745,-12.1777,-60.7529,3.19024,145.269,66.458,-51.8273,35.3704,-43.2751,114.832,
	layer
		node 3.17584,105.04,8.58347,19.2102,-47.7129,-49.8246,
endPlayer
