// Player73
stat 7
	layer
		node -6.78022,20.1555,63.1428,43.0523,-1.46895,8.64289,-50.426,-27.0621,137.243,-79.8147,136.78,-23.0524,4.00842,-19.2608,-29.4298,-22.487,62.742,13.4078,-18.8069,53.5915,-57.8193,81.2423,43.7682,76.4499,27.608,53.2163,
		node -100.948,-96.279,48.881,47.27,-15.7845,10.8585,13.2693,-18.0462,-39.0842,49.3123,-104.148,73.0387,9.00012,-94.3193,-2.55353,-34.9999,-88.497,-25.8787,54.9494,-1.32239,-34.1513,73.1127,57.7941,59.1714,35.9735,-42.0447,
		node -58.5108,111.925,13.9194,-31.4111,-18.5383,89.7074,144.096,-71.2874,71.8211,66.8798,-68.0925,48.9155,23.7928,-78.9281,8.45939,-15.6847,-96.5277,-10.1116,11.4161,-14.3351,-31.8987,6.27139,-24.0925,-32.4531,14.0525,-48.1856,
		node 11.1483,107.913,66.7561,8.52102,9.72885,33.8144,69.864,-6.54421,-84.57,-70.1389,-107.8,-72.9278,102.503,-6.76873,-27.9211,74.2794,-46.0531,-33.4196,26.308,78.5824,22.0722,-2.49679,79.4534,27.9175,37.0242,-65.9623,
		node 17.4872,81.4965,97.4924,107.181,26.3364,-49.5058,-26.4183,-11.0191,-50.9828,-24.6513,-4.98272,-28.6311,-48.4834,-4.23472,-58.4949,-33.1388,12.4832,-12.1553,34.9286,-56.4424,-58.0161,16.8316,-66.0713,39.508,-30.5404,-36.9087,
	layer
		node 50.9446,-24.1604,-50.8717,72.4535,-63.3382,-30.028,
endPlayer
