// Player41
stat 8
	layer
		node -206.502,60.1035,-127.894,-135.448,30.2269,143.077,183.744,-36.6748,-16.0473,-97.9179,-175.654,-236.269,-20.6028,133.38,-148.32,-57.8783,-157.162,-169.807,-56.744,-170.001,246.465,3.20484,231.473,-54.5342,36.9021,-120.344,
		node 117.998,-90.7351,-231.877,-54.8461,-122.996,90.5122,-254.38,8.95469,158.456,19.9247,105.336,96.2017,200.045,80.8971,188.621,-140.169,114.466,-208.743,47.7249,225.026,140.946,85.822,-88.9173,198.934,-86.504,186.012,
		node -4.95966,37.6122,-215.696,-113.75,160.145,130.426,28.827,-112.705,-53.6236,73.2919,-152.417,-39.8845,188.923,-39.8019,-57.1208,218.15,210.718,-240.719,205.929,-145.866,-87.6343,-143.98,-48.723,189.998,39.0621,80.536,
		node 94.2433,-119.477,38.3549,-204.455,-54.6212,-147.985,43.8651,-221.085,-101.498,-172.195,-101.916,-136.823,140.61,-78.5946,29.3629,-50.768,-125.426,75.7523,63.0021,-202.132,249.735,-297.922,170.567,-90.5571,-359.011,-144.701,
		node 56.2678,-73.1379,-44.7839,180.665,-29.4432,20.3553,-183.145,150.7,-125.152,67.915,-79.1307,201.245,-117.165,34.1738,-87.387,222.499,32.4829,-261.917,29.5467,-72.9637,-166.158,-173.848,149.782,151.27,47.905,25.7958,
	layer
		node 89.5758,-241.25,210.718,-219.421,16.0732,-80.8839,
endPlayer
