// Player74
stat 10
	layer
		node 65.2656,51.3179,-136.837,241.595,27.4586,148.237,-160.119,-360.999,-43.0683,-218.891,-177.098,-236.284,-17.1203,73.4286,-146.541,88.8164,-157.543,-160.351,143.156,-323.344,-227.95,-111.888,-85.9216,-64.3377,36.6181,-148.653,
		node 178.809,-84.2752,160.11,99.1114,187.61,-198.362,-260.749,58.2276,-31.8012,165.157,114.688,88.0861,202.148,102.951,65.589,-122.981,122.254,-197.074,-245.424,229.252,-155.339,52.4297,-48.9786,-83.9454,190.485,174.536,
		node -181.466,166.455,-203.482,-216.304,81.4809,142.726,7.14028,-79.3689,190.142,-165.252,208.989,52.093,191.543,125.15,109.932,202.432,201.073,54.5052,202.891,-149.346,-167.079,-160.533,-128.751,-195.557,60.7087,-174.685,
		node -123.68,-122.145,3.57694,172.962,84.9943,-228.143,119.999,-216.601,-81.8817,-169.415,-93.1937,105.893,207.276,-76.9872,130.622,-55.5247,125.68,67.6209,46.1767,-152.868,159.34,-79.388,-76.9686,-164.484,-351.79,-115.555,
		node 59.5417,65.5655,-94.0891,185.287,-61.1174,54.5504,-177.962,139.747,-78.4793,107.764,-67.6137,-163.293,-123.333,20.1682,65.0782,-126.666,28.0551,26.6033,14.7304,45.4875,-158.364,-225.634,143.901,56.45,48.8899,40.3383,
	layer
		node 97.1028,67.6585,159.34,17.1275,-43.3866,18.7926,
endPlayer
