// Player25
stat 7
	layer
		node 69.9165,48.1692,189.579,228.934,165.169,143.535,8.37256,49.542,-242.174,-218.672,-51.9548,-234.49,-14.6741,-178.781,-158.606,97.7448,-158.711,-167.316,138.515,-189.985,-221.299,-122.592,118.123,-53.4571,-202.89,-114.01,
		node -82.362,26.5224,71.3688,106.991,106.965,90.4115,-254.489,42.4649,158.352,127.805,108.509,83.0767,-206.592,-131.143,-196.583,-122.09,114.541,-209.056,179.312,18.4284,23.2288,-148.758,-61.6528,206.893,189.144,172.311,
		node -17.0757,163.093,115.691,-69.2642,164.988,131.543,-100.858,-108.459,-63.059,94.2802,123.148,-71.7285,182.523,100.037,-41.3361,206.134,205.101,-233.859,46.573,-79.3616,-157.907,-156.262,-113.85,-94.8326,-169.044,-184.196,
		node -316.722,-119.14,42.9502,181.567,-74.8413,198.639,113.295,-215.288,-80.8589,-178.745,40.6759,221.593,142.652,-87.9344,127.957,-106.914,-351.227,63.8399,49.2914,-195.706,-114.01,-76.168,-51.3398,-95.5063,-16.2405,88.2708,
		node -53.1663,-76.8209,75.5123,183.676,-83.6574,56.8064,-182.337,150.018,38.864,138.884,-58.9209,75.7569,-119.024,12.771,-92.0041,227.87,23.2013,-241.295,37.2176,105.658,-151.712,-173.599,146.119,229.354,19.1298,-303.529,
	layer
		node -186.06,93.3991,159.196,17.6254,91.5766,24.9133,
endPlayer
