// Player19
stat 7
	layer
		node -27.7515,39.3988,-5.34406,-4.80424,-47.1277,26.7163,0.299877,57.7062,47.7787,25.6098,-37.1294,7.17258,-44.9105,-8.96039,54.8659,-7.62611,1.5123,18.6236,-1.8577,-37.3413,-22.0981,-12.9205,-38.0692,-20.1487,-28.8607,-11.3409,
		node -4.87774,-31.8536,63.841,-0.270011,-50.2421,41.8366,14.832,-20.1421,-45.268,18.7517,-52.2539,-70.8611,-36.2255,-23.8812,-34.9357,51.1836,-6.40157,0.986547,-35.6347,-25.5319,-26.4663,-3.82714,-24.5078,-27.0371,48.9175,29.3992,
		node -56.2743,19.1362,49.0174,-23.8584,-5.26081,-40.074,40.3927,9.64536,35.4999,-10.9251,33.0898,-19.9469,-16.1977,17.9665,6.65613,-8.29991,12.2118,-4.18405,-2.74446,-14.8313,66.5396,-26.0089,31.0425,-17.4873,-22.3699,-23.0632,
		node -37.8197,16.8869,40.2633,13.59,29.4709,18.2456,-67.6857,-5.77252,-12.9689,7.17267,-16.6647,36.4318,-35.3121,-2.63993,-2.5263,25.175,24.6334,23.0253,-25.38,11.05,15.9075,-23.1649,41.2516,-0.389965,-30.8633,38.3684,
		node -38.421,2.2219,-8.40701,-60.3498,-31.9344,-48.2514,-5.40419,-5.08175,-19.7137,30.5433,11.3867,51.3978,-7.81543,10.985,37.4654,28.8263,6.30917,35.3144,-53.8189,2.56794,-14.77,55.122,24.3375,44.9171,-46.1215,40.0981,
	layer
		node -2.93982,-0.712147,39.4723,-31.8198,11.4657,-23.7946,
endPlayer
