// Player59
stat 7
	layer
		node 12.4103,61.2659,-41.4656,31.1365,42.09,46.1767,10.4404,5.75476,-25.3954,-20.0471,-13.7614,-50.4511,8.61014,-12.5294,29.5497,-12.8851,-60.1462,19.0634,-26.9194,49.5033,-11.9536,-13.702,-47.6252,15.2515,-29.3212,-5.2272,
		node -9.08117,-28.6656,-34.7296,-57.7,-45.2855,-46.4452,-76.6632,2.34326,-2.23766,40.4729,-55.5393,5.63124,-31.3468,-15.5152,21.3471,-2.47506,10.5638,-15.8408,-26.2472,-30.2929,-16.4282,13.2294,-29.6471,-53.532,34.7876,35.7773,
		node -64.6982,-14.3717,-15.3855,-23.9823,-9.42166,5.70154,19.8601,34.4812,-11.3629,-23.8381,-3.36006,-17.0457,-11.2263,-32.2001,-1.81922,-0.398951,22.6568,43.1169,-21.4282,-16.581,-7.62595,13.7511,50.3017,-54.7012,38.6212,-35.1224,
		node 40.4606,-3.65424,2.89581,1.12409,-3.46613,2.40561,-41.7169,5.90876,-38.2808,-5.99105,-8.1812,-33.9494,52.8864,40.3964,36.0869,39.7975,-20.3226,-2.50868,-11.013,0.478554,16.286,-39.216,37.0654,-6.11243,11.8179,29.6282,
		node 23.4816,-7.85725,8.52919,-15.5078,-39.293,6.29481,44.8904,-6.45333,-2.39021,-26.1081,-24.1694,17.7827,-23.1351,-47.9884,-39.2835,32.263,33.4687,35.8138,36.6495,-1.1243,-13.7244,7.85175,-2.15987,-25.212,-40.7002,61.784,
	layer
		node 16.2232,-10.0314,16.8049,-15.8619,1.78847,61.2324,
endPlayer
