// Player18
stat 8
	layer
		node -36.3163,51.5008,-26.1514,65.6027,6.57899,168.071,133.578,115.302,52.1547,166.724,13.7601,-160.654,218.255,188.001,-157.969,-32.7209,-22.7309,-85.8906,50.7755,-21.5556,79.3587,54.3277,199.442,-66.4303,-122.01,-97.1016,
		node 3.77478,-138.072,48.7514,-35.4554,23.1204,182.643,-86.0395,56.5468,-33.5187,80.4446,-56.1647,88.5678,14.9409,5.59506,96.2119,-235.335,110.089,-17.8021,-184.074,22.4327,65.8725,87.7277,192.21,-147.988,98.6612,66.0044,
		node 94.3125,80.5522,-2.36596,69.8103,46.9997,85.4754,-83.0973,13.5089,27.5322,48.4104,-119.197,47.0984,49.4472,25.6527,-19.6727,-29.5089,-58.1203,229.89,-2.57614,37.1523,94.0285,-8.92868,75.4007,-191.419,-70.9752,-194.277,
		node -44.3733,10.8468,59.6874,32.7191,-11.5457,-27.0719,-59.9679,129.259,127.585,138.751,168.893,252.726,-72.2382,35.5148,135.55,-33.8459,-39.0837,58.1805,114.363,141.016,-112.887,36.6178,144.086,-3.37318,-36.365,-72.2526,
		node -137.576,185.527,38.7315,-108.552,82.6438,5.78942,-138.462,67.3886,-30.7419,-102.753,52.8457,171.519,73.0623,-218.425,-29.3564,104.738,-27.1853,-117.854,14.9059,-39.9742,9.37085,163.261,273.591,-49.2354,-50.1947,235.302,
		node -4.38173,-47.4716,67.5156,-32.8064,-157.057,16.0317,-74.3345,146.029,116.728,-55.4245,129.273,75.8067,92.5852,-15.968,84.6235,75.9309,29.609,-135.537,-3.87094,81.9481,-113.254,-21.2134,41.0645,-265.754,-9.91861,-83.0118,
		node 136.823,-285.057,3.88072,-131.085,94.4021,97.5936,-120.594,-79.9254,3.84362,-260.302,-99.888,185.21,-8.56782,-53.1017,-20.5415,-134.444,-175.7,95.8512,-5.37094,82.9593,72.3049,16.7539,57.6303,56.1127,164.744,-112.079,
		node 17.6316,-82.9403,-84.9881,-121.815,-28.2326,-34.7354,-10.9569,95.3239,137.338,-81.9564,-131.701,-92.4163,-5.62342,139.725,10.9768,-5.22128,168.981,154.66,81.0855,-8.83397,8.50831,-52.435,-31.9736,35.0266,34.3721,-40.3619,
		node 144.255,236.801,-96.2332,-110.643,-260.697,109.9,-24.4999,129.541,73.8683,0.137085,149.652,53.0471,57.0904,-81.0446,-48.2655,-16.8242,41.3661,92.1802,-79.2689,-11.5924,-67.3725,45.7094,20.6356,-11.5851,-46.4478,15.1873,
		node 138.254,-77.3341,52.5992,225.023,235.876,87.0029,-69.1435,-19.6185,213.828,-88.3481,-144.735,153.244,-188.609,81.5747,-5.25396,-38.3161,109.886,-31.2401,40.8276,-25.0929,36.2046,115.533,-11.8352,105.415,-5.01382,-28.8731,
		node -95.6288,205.562,162.427,-42.8346,111.634,29.3969,-98.1306,168.033,-24.4697,162.836,77.4199,-23.3937,-42.1375,-115.781,-175.555,59.7351,-62.8939,96.9879,-73.8827,41.5165,-127.54,-115.637,47.9393,198.848,251.107,-41.3188,
		node -121.942,-98.142,-75.2846,72.05,103.978,231.767,-21.7205,-77.5345,-28.2862,114.004,-49.3068,-35.5647,-29.9837,122.02,-5.5266,-36.0483,-37.5612,74.9894,-19.3159,-15.4777,204.676,-10.184,-28.6083,6.76121,43.7864,11.8346,
		node 98.1537,-37.1922,154.441,-140.96,161.718,19.3901,-82.6261,164.68,153.19,26.4763,57.935,44.6985,31.3478,50.0878,138.682,-109.788,5.56211,79.5445,-75.6836,94.8711,67.6023,49.4952,222.708,122.813,101.345,-82.5399,
		node -165.684,10.6299,89.8919,-88.6158,57.2267,-137.07,27.134,-6.25228,21.2951,-67.6713,202.401,28.0437,72.2528,-287.492,-162.957,25.2237,69.0686,-57.4771,35.8332,-108.329,13.1497,60.306,-31.9257,17.211,35.9801,-84.7056,
		node 60.0366,42.8403,-31.4825,100.532,-143.196,-89.2888,56.7522,22.1538,6.35436,224.042,66.5478,-81.1627,104.875,-67.8608,-65.6057,-104.2,12.5944,8.37031,75.7133,91.9815,74.198,31.6854,82.0534,-37.2847,152.852,96.1919,
		node -124.789,79.0214,90.49,74.9523,84.6166,12.2681,82.6629,-256.642,-138.591,-24.4796,-26.9934,51.7707,-38.6119,-48.5106,47.7329,50.8492,-242.164,-19.6655,155.27,89.9797,-296.904,182.371,-7.96199,-60.4749,75.1493,-106.939,
		node -77.3232,16.1968,120.493,-42.6984,1.41435,214.831,-27.9885,153.218,180.858,-48.4102,-30.6331,23.3517,-26.5607,221.382,113.899,-70.4817,-9.11233,-89.7459,88.2234,45.9689,8.42884,243.511,173.994,56.987,-39.3035,142.273,
		node 153.635,203.981,67.3249,10.0845,195.595,43.2841,102.225,142.24,36.7325,38.5884,-122.94,186.348,-30.4027,37.2443,58.1742,-154.345,217.128,-7.13942,-177.521,-85.0749,121.376,20.4195,86.6356,90.0993,-83.6432,-30.2239,
		node 94.7509,-134.485,-161.103,6.99982,-92.84,172.321,-13.1689,-26.405,-51.5738,70.2083,91.1051,-48.4359,-16.4498,-166.207,-332.158,43.494,-93.7127,36.5213,36.3855,56.5334,-8.39456,140.731,104.422,-45.4808,8.79755,33.8465,
		node -116.867,-160.31,-79.2502,107.24,-62.1982,18.2673,-269.551,87.2491,96.1981,22.3649,-1.95089,-74.182,164.667,60.7458,-89.0372,-46.758,-47.6917,97.0913,-46.9099,201.169,-1.08699,-21.2898,-9.02242,-107.921,-93.0168,70.2868,
		node 21.6781,80.6936,-245.131,45.2178,-50.3579,-35.3603,62.4291,-115.285,-40.3271,90.0855,-34.107,55.1358,168.637,160.411,112.359,-44.9282,-40.5186,-110.245,-172.084,153.026,-77.7932,92.8421,-35.6626,98.6145,43.0051,88.5071,
		node 183.978,-59.1293,9.92712,80.7637,50.0817,-55.9065,96.4432,177.998,-67.0218,107.151,131.68,70.9879,-33.6947,-58.7722,-57.8087,-29.979,94.6839,170.666,29.1621,103.276,-145.512,-30.6369,-276.651,-123.496,154.85,156.28,
		node -28.8953,175.899,20.8395,-111.751,-26.2083,-93.4004,-25.6618,-99.9748,64.7504,-25.2398,105.405,-38.2086,22.9676,-30.1938,-37.9528,84.4285,166.724,-35.936,12.9691,-171.517,-36.7458,200.823,-119.553,-22.596,60.2332,-227.095,
		node 161.721,59.8948,164.054,-51.4586,-61.8075,22.3756,26.3809,-156.599,67.8313,116.28,-227.373,-37.2449,-129.866,-249.247,90.4345,-67.4393,108.819,-32.2706,-15.7762,87.9112,-98.2628,-149.29,-82.9439,-211.097,-8.5452,-77.8224,
		node -102.815,5.96653,201.048,-46.3057,-159.28,129.413,-18.7588,101.611,231.307,-184.109,-27.7914,-44.7672,47.0277,73.8211,123.938,-105.102,91.8208,69.4795,-35.0885,90.0118,150.122,144.659,-246.868,-78.0237,-86.9468,168.975,
	layer
		node 99.5398,-46.372,77.657,237.24,227.918,-20.1279,-208.003,-86.7171,-12.5764,22.1658,-161.716,89.8163,87.4244,47.8187,-85.2778,-61.9674,1.1198,44.1141,2.74566,-98.9711,-59.4662,-1.45025,73.838,13.5559,-43.9057,201.732,
endPlayer
