// Player32
stat 10
	layer
		node -30.3403,62.1631,-90.3545,65.0428,-4.36649,151.94,131.349,98.6117,59.1973,173.985,12.6807,-162.015,203.615,209.631,-158.256,22.7623,-21.2684,-86.4762,48.7275,7.60304,-199.874,69.4424,179.147,-76.015,-128.875,-98.7785,
		node 2.63875,-137.558,-11.2419,-37.263,-6.40549,-157.275,-87.7701,91.4453,-52.5142,-73.6467,-44.484,77.8507,26.1771,5.78596,53.7842,-230.742,106.686,133.917,-2.49564,11.065,-83.2806,74.9059,198.805,-151.227,108.255,60.6911,
		node 95.2828,78.9859,-76.9071,-134.395,26.7836,99.8332,-63.8024,13.0175,16.7308,74.8947,-137.613,51.0312,18.5666,33.9003,-27.679,-22.5887,-21.6406,232.095,-33.8024,33.8312,112.394,-11.4192,88.6803,-182.405,74.0582,-222.376,
		node -50.0835,16.574,27.288,28.6344,-32.2345,-22.9636,-58.0828,128.009,129.691,133.438,200.278,235.308,-50.472,62.7515,89.5634,-29.1598,-46.8262,51.3035,-12.2097,153.86,-112.708,36.8485,147.673,22.3635,-51.0723,-1.53381,
		node -101.765,160.071,16.9227,-96.1988,-34.3851,-114.921,-127.006,-134.717,-19.4602,-93.0315,-169.102,-1.24031,101.684,-210.045,85.6159,134.783,-66.3564,-119.624,-3.94947,-24.386,6.91522,-25.7735,262.879,47.511,-48.6267,226.351,
		node -59.3131,-16.4605,45.8748,-33.8583,-132.104,-1.00691,-86.4734,148.651,122.022,60.8013,137.064,63.684,64.8974,-9.46393,95.7957,84.2471,41.0258,-117.28,-3.7498,63.546,94.17,-11.1121,47.3078,-265.758,-5.06681,-111.166,
		node 134.421,-271.347,8.1128,-129.703,93.0874,113.738,54.7961,-86.8292,60.9423,-242.743,-32.4359,202.438,-39.55,-63.226,-13.989,-146.641,-158.079,102.185,-8.65055,86.6881,-76.2419,-22.8978,62.3756,60.6896,170.022,-93.1349,
		node 15.5392,-90.8303,-79.6135,-67.2833,-24.4834,-19.5569,62.2677,107.839,-3.84805,-47.127,-122.989,4.62271,-17.5739,110.304,34.0956,2.16069,-160.891,146.372,90.1374,-4.26211,17.9268,-85.0241,-31.1633,34.9255,24.9913,91.3192,
		node -163.643,249.363,-99.6452,-109.008,-254.22,110.891,3.0158,133.173,82.0803,-23.1984,147.652,72.6366,125.287,118.356,-41.9857,-17.6276,26.053,69.0488,97.6092,0.238769,82.4427,36.4661,41.9877,-9.23731,-42.2088,15.6941,
		node 125.169,-86.6378,41.0351,214.947,237.362,-39.0502,-42.1705,-19.5578,231.739,155.278,-138.543,145.095,-191.99,78.642,103.197,-63.4077,107.679,-12.9408,39.0904,-0.214867,41.8284,113.513,19.2853,-95.7189,-23.962,-19.9798,
		node -74.8252,205.943,144.153,-247.256,106.874,31.9971,-116.204,139.196,-42.7308,144.506,80.57,-29.9322,-53.9017,-113.04,-161.101,65.273,-53.6944,83.3965,-108.26,41.2208,55.8238,-136.379,21.8583,216.348,256.347,-45.5503,
		node -118.436,-146.087,-71.6059,63.9027,100.528,207.783,-30.1634,-71.107,-19.3837,135.665,-64.986,-32.7339,-37.9323,125.256,-10.0888,-32.6389,86.8261,226.193,52.7073,-15.0832,181.392,-21.2611,-48.079,-20.1264,47.925,17.2646,
		node 102.458,-20.2075,162.731,17.2203,-76.4491,13.5607,-58.1034,154.28,168.665,41.5118,-25.272,48.1016,-128.264,49.0705,136.711,-115.657,-3.16996,81.3881,-94.2984,62.7659,68.7024,49.2987,223.922,122.666,124.59,-65.8139,
		node -169.505,2.44323,85.3004,-94.1025,56.4292,-133.266,33.304,-11.4953,15.6077,-70.3743,200.076,13.793,72.742,-311.021,-164.466,58.4183,72.8261,-183.167,-133.864,-118.336,7.74181,63.5243,110.856,44.0551,14.4336,-84.2316,
		node -65.3018,65.9558,-43.2632,121.262,-123.236,22.0652,47.722,12.9068,-9.27378,222.179,58.0424,-88.6191,95.3305,-69.2221,-72.1862,-92.6771,9.4466,-4.90109,-219.445,100.279,81.3104,28.7772,89.4339,-34.3017,176.064,144.382,
		node -109.14,74.3839,86.1807,75.4891,91.6875,17.773,75.7639,-266.417,-139.093,-103.779,14.759,54.534,-69.6406,-14.4422,47.7232,48.2532,-249.117,-30.8238,-21.642,97.7101,-295.624,180.433,73.7975,-74.6525,50.9643,-103.888,
		node -94.5397,34.0962,58.9045,-38.5735,0.437878,-73.452,38.9243,150.1,180.375,-59.4749,-37.5349,22.5445,-33.7223,-13.3379,122.21,-53.899,-48.5143,-111.32,93.3086,43.4522,4.33756,236.138,-243.186,30.1519,-38.8107,-44.8176,
		node 154.726,190.691,-150.78,39.4202,184.371,51.2263,95.5758,152.376,49.8178,41.8692,-158.269,178.944,-3.00368,96.8518,-70.9949,-24.1731,213.57,-42.9098,-182.136,-69.3154,122.323,34.3114,64.5025,101.495,-104.689,-2.86416,
		node 80.195,-128.971,-163.831,61.3112,-81.9568,-278.115,-15.9728,-44.4142,-59.8554,78.6401,100.987,-34.8628,-57.613,-144.574,-274.412,38.6551,-108.798,17.7597,-201.57,48.4547,134.092,-14.2486,107.229,-35.2828,20.0479,44.0747,
		node 5.61719,-173.541,-117.735,92.9894,-71.038,8.94434,-262.102,-143.967,67.0953,21.4778,22.7432,-72.6738,167.665,64.6385,-80.4177,-59.9257,55.4396,97.1537,-50.3697,198.759,-5.93422,-19.7463,-7.89715,-105.798,-129.458,71.7942,
		node -190.477,86.7791,-254.596,44.2006,-53.1535,-21.2618,55.9664,-103.367,-61.3907,100.515,-23.0386,57.7267,30.3297,162.03,107.14,-32.1826,-44.6545,-183.576,-174.715,-10.3947,-76.0073,99.0841,-48.3204,130.27,40.3526,80.0235,
		node 152.712,-66.2849,13.7579,71.8147,90.7972,-62.4877,92.687,162.035,-84.261,86.3238,147.199,101.108,-45.8706,-45.9585,0.128683,-30.8037,126.189,-41.6248,30.1094,103.76,-157.545,-282.706,-36.3384,-96.8477,149.481,161.684,
		node -26.7884,176.009,12.0485,-102.502,-38.4968,-80.9855,-28.2737,-108.865,59.6237,-26.6757,116.688,-56.9886,28.4937,5.60687,-14.6737,-272.321,-262.537,-37.9288,-6.61327,-175.153,100.859,178.231,-109.408,-29.3401,55.3938,-218.625,
		node 161.325,72.6269,5.17317,-45.6381,191.587,13.2132,-11.1124,-151.27,76.3292,136.6,-245.637,-14.6671,-124.388,82.6409,125.128,-63.0164,100.243,-38.948,-23.8714,47.671,-71.6636,-133.529,40.1756,-209.32,-6.35966,-84.4095,
		node -106.166,4.80022,198.024,-31.5976,-169.243,77.0559,-43.1925,109.421,249.707,-188.559,-30.7489,-39.23,-150.098,76.2275,115.907,-93.1294,-72.7935,18.9442,-41.9391,91.01,156.443,145.633,-266.785,-76.5512,-98.3084,163.334,
	layer
		node -37.1636,64.0238,-166.656,-108.899,195.068,-19.5414,15.8449,16.1653,-168.013,-12.8877,-67.8904,73.8759,36.0535,-1.66341,7.86296,206.725,-43.8184,-49.8293,6.21303,63.7474,141.939,15.8449,91.756,-0.665424,-35.8228,-22.8985,
endPlayer
