// Player35
stat 4
	layer
		node -37.1223,54.7048,-26.2621,66.4662,0.0108981,166.354,174.944,85.5961,67.6246,173.882,24.0373,-158.857,203.951,193.533,-158.653,16.875,-26.0185,-88.4408,44.8165,4.28192,3.83294,67.8708,149.15,-76.5486,-134.631,-96.9377,
		node 10.3113,-130.811,-10.6773,-36.3065,3.41944,-148.815,-62.5562,87.4887,-43.2584,78.9454,-42.5495,80.7646,19.6145,1.90787,89.1226,-241.988,111.278,125.652,1.5729,14.5004,103.603,85.4888,-7.18358,-144.185,100.155,61.1382,
		node 95.713,82.1351,-97.006,-138.001,45.5115,132.906,-81.0346,8.00053,27.713,44.7423,-124.015,-27.0352,30.3498,34.6171,-21.7229,-34.6714,-69.2969,239.274,-9.08125,29.6084,104.826,-10.4603,75.7349,-168.15,-57.1314,148.227,
		node -25.091,115.162,46.7824,31.526,-30.3694,-24.6799,-131.778,128.779,118.53,141.763,200.848,257.054,-50.4106,-96.7951,127.962,-22.3718,-45.5364,59.5661,97.2616,138.647,153.31,29.4362,143.746,4.16935,135.975,146.138,
		node -107.687,181.935,42.5835,-107.818,-21.6906,-111.764,-131.498,-133.873,-17.742,-115.813,48.8444,0.838988,68.8439,185.136,65.557,105.759,-57.2774,-104.759,20.1781,-34.242,5.84353,-3.02359,267.521,29.6019,-57.737,236.409,
		node -52.894,-18.0902,57.8123,-36.2316,-160.058,-6.53713,-89.9118,141.618,129.186,-52.9397,117.849,72.6907,64.4412,-31.5501,96.1328,84.5402,29.0544,-121.588,-12.0666,68.8109,-115.138,-21.5331,37.7683,49.5547,-6.32253,225.033,
		node 135.138,-273.108,6.00468,103.396,99.7034,111.022,48.0486,-113.691,35.871,-253.438,-98.4426,200.2,-7.71894,-54.017,-3.7682,-147.359,-184.639,-69.429,-10.7693,87.3466,72.9054,144.082,66.7886,56.8504,171.15,-115.74,
		node 38.6495,-84.2676,81.4642,-119.986,104.282,79.0975,45.8206,106.061,128.911,-56.7624,-120.4,86.4571,-23.7891,117.691,14.4725,-10.1922,45.6184,147.752,76.1308,-5.06309,19.8773,-56.0712,-28.2147,30.0892,44.0974,91.6713,
		node -163.509,234.906,-121.868,-115.885,-62.8984,97.9526,6.82432,119.433,86.6842,-22.218,149.932,-7.38242,61.4453,-82.0074,71.0452,-196.891,51.0217,98.7157,-103.468,0.833559,-59.4428,30.2567,22.7057,-21.403,-27.1002,22.8873,
		node 138.787,-88.4688,49.1898,230.308,231.093,-60.2394,-70.9746,-22.3067,234.09,158.908,-160.672,149.863,-195.283,33.9497,92.7352,-42.1964,104.836,-14.9357,35.0012,4.54795,24.8424,119.023,22.541,108.1,-25.3337,-25.3311,
		node -89.7593,242.986,143.63,-58.4666,111.833,24.0082,-98.8604,172.988,-41.7365,142.426,89.6963,-25.8238,-46.0715,20.4779,-158.616,65.144,-50.3534,69.93,-113.972,37.4018,-152.752,-114.998,48.468,200.862,233.245,-33.2793,
		node 247.491,-138.058,-76.6528,92.3659,89.2465,226.32,-14.2098,-63.8121,-28.0035,129.869,-55.0983,-49.9489,-33.5907,136.463,17.9134,-31.8416,-37.7928,79.5371,46.6033,-10.189,191.087,-17.4166,-33.5752,-8.92766,220.442,5.95444,
		node 79.0797,-0.790022,157.88,-138.493,-76.8937,32.1992,-71.4049,138.87,162.593,21.9211,52.3231,43.9931,-114.997,48.336,142.37,-109.403,1.41869,78.4356,-73.3681,81.7971,101.372,68.6877,200.668,126.066,103.478,-83.2894,
		node -65.4713,-0.098994,95.2797,-86.1555,48.2705,-126.469,39.926,12.7695,34.4618,-78.3983,-37.0801,12.6376,71.3169,-289.565,-165.268,47.0922,71.1984,136.949,4.85432,-108.389,-8.68695,54.4539,-37.2093,14.8375,27.3491,99.6299,
		node -72.186,65.9141,-44.5938,112.622,-117.811,14.3694,66.1164,7.48783,3.49335,214.417,59.0203,-90.9801,93.1218,-69.1228,-70.2917,-45.7012,10.7312,-0.852347,84.3611,99.1528,95.2923,31.2641,93.8095,-41.2761,145.528,158.652,
		node -107.028,77.6152,88.2912,78.6998,104.092,45.1218,76.4523,-263.372,-145.16,-104.156,-23.0557,42.4269,-69.8379,-27.1536,46.54,50.4468,-224.476,-13.8183,156.251,109.484,77.9433,171.601,-13.11,-67.6476,55.0025,-100.141,
		node -73.2885,38.5525,-32.5532,68.3421,1.76985,218.008,-24.1445,148.002,200.968,188.623,-31.606,20.6799,-23.6754,-16.065,125.554,-63.8828,-58.1861,-110.634,-55.6802,28.0097,-50.0917,234.718,79.7323,57.142,-35.357,134.714,
		node 149.752,196.741,-154.005,24.2023,181.537,33.9953,93.951,129.578,49.3994,36.0754,182.085,200.498,-5.50928,25.9285,-85.9357,-160.717,216.241,-23.149,-76.3558,-67.111,119.406,16.423,80.6078,102.286,-75.2151,-174.292,
		node 103.233,-99.9473,56.1004,44.3649,-60.6043,-264.26,-11.2001,-44.9663,-42.9785,61.0374,16.6336,-40.2173,-16.144,-140.027,-285.301,25.3469,-94.5435,45.1512,28.2271,51.6698,-10.2551,-5.4422,123.594,-75.4382,16.6396,24.1528,
		node 21.1902,-168.269,-118.068,100.484,-71.1676,20.3132,-252.134,-143.968,93.6334,10.0017,28.5853,-54.222,170.528,62.0278,-87.6954,-65.9665,53.7826,94.4251,-57.0534,218.746,3.91928,15.2203,-11.8108,-109.342,-126.395,81.1031,
		node 25.2438,88.9708,-226.867,45.146,-43.3603,-160.956,55.8967,-104.802,-39.1328,93.3673,-34.9531,167.358,169.636,163.632,61.8124,-47.3398,-62.1551,-167.276,-176.954,130.916,-92.3332,98.0214,-38.4417,104.356,-32.9363,87.5695,
		node 130.488,-56.2181,1.23753,78.39,54.3192,-24.2774,92.8936,-148.134,15.773,94.3182,130.46,74.0693,-36.7258,-52.2597,7.56801,-301.93,83.4714,-37.627,37.5557,105.281,-117.091,-44.3355,166.61,-105.057,171.669,159.446,
		node -25.0696,162.516,18.5634,-103.427,-22.129,-89.0443,1.0842,-82.4741,68.2379,-33.1391,101.241,-38.2239,27.6445,-9.70541,-16.8949,-281.084,-272.175,-19.978,8.00364,-163.543,-42.7323,187.618,-122.661,20.0204,-29.6407,-216.076,
		node 156.155,68.6728,18.2752,-64.1737,196.011,37.4198,-0.951634,-149.419,81.9868,96.1149,-240.569,-84.3893,-146.706,86.9433,99.2873,-61.64,92.2196,-36.9393,-43.008,75.1634,-71.4479,-143.984,-9.53733,-219.424,-13.3469,-73.5198,
		node -101.12,-192.465,186.688,-37.4314,-165.484,131.986,-53.8357,108.216,245.213,-198.705,65.9262,-40.0895,32.7315,76.4854,126.221,-106.644,100.096,2.91918,-38.7007,97.1665,153.17,156.565,-279.634,-148.645,-124.196,167.233,
	layer
		node 98.8305,151.604,68.7089,31.0274,181.537,77.8779,148.819,74.6915,83.861,-170.068,148.854,50.5312,-103.904,-108.995,-153.293,-56.154,54.8513,-92.388,-66.8826,-98.2311,-214.538,87.0988,97.5688,73.6609,81.4561,-18.2049,
endPlayer
