// Player59
stat 5
	layer
		node -37.2243,59.1453,-21.6461,67.608,131.561,158.364,172.804,94.5642,51.8039,181.067,17.8092,-150.661,193.619,192.477,-151.235,-7.59442,-51.3924,-87.4291,48.8982,10.0645,65.557,55.3769,177.519,-65.3241,-135.656,-98.6886,
		node -4.82601,-138.8,-10.8852,-47.7513,18.7388,-3.66486,-60.2436,85.728,-32.8984,-82.9769,-42.1661,72.951,24.4661,-3.35317,50.5669,-246.366,120.404,-32.8328,-12.5511,17.3483,94.8011,84.523,-7.37747,-153.975,99.9914,64.7895,
		node 112.902,68.2633,-105.841,-132.213,44.8714,96.2917,-62.38,9.38749,41.2783,63.9359,-136.876,-9.6674,18.124,27.4142,-20.3469,-35.2278,-67.9865,238.383,-24.8947,22.9782,99.682,-11.0614,80.8894,-178.934,-74.5564,-196.989,
		node -26.6535,111.929,44.0064,150.985,-21.2985,-20.2118,-70.2136,130.114,130.948,142.137,198.521,233.036,-48.9077,26.1193,139.43,-14.527,-41.6278,50.906,-19.548,139.85,-130.169,84.8234,167.32,22.7897,-66.527,139.999,
		node -115.451,157.727,10.6476,-100.99,-27.1933,-109.871,-140.368,-125.84,-32.5308,-113.322,40.9873,-1.58396,100.664,179.176,85.7169,101.119,-45.3,-105.984,11.2106,-37.2016,26.7557,165.834,272.865,36.591,-50.8654,219.579,
		node 2.13693,-46.3779,60.9184,-54.5563,-129.062,24.6851,-65.3683,135.748,118.601,60.0755,118.513,73.9504,62.4365,2.17108,81.2977,125.465,27.2361,-109.03,-5.3464,90.4469,85.8427,9.26003,51.8283,-250.022,-16.3986,-74.1405,
		node 130.604,-282.519,8.19426,-20.5141,-193.467,133.06,22.8566,-84.3078,11.0798,-237.043,-29.3397,204.517,-5.27556,-62.0269,-45.6606,-129.648,-159.012,99.7795,-13.6772,89.3665,63.4615,-16.9906,48.9725,64.3178,165.983,-104.024,
		node 37.1543,169.115,80.9167,-118.887,-33.025,79.5171,70.115,92.4424,128.035,-85.6095,-118.182,-84.7032,-2.69711,143.398,47.3983,14.284,169.889,-72.5292,85.2924,-5.00491,-3.89695,-80.0983,-32.4851,35.0929,33.431,90.0771,
		node -165.209,227.098,-98.3743,-108.253,-72.5213,102.995,-1.12431,126.225,86.9319,-39.7104,146.629,72.4572,77.1663,-137.171,-47.0033,-21.9941,35.3058,85.2926,-84.9541,-8.12085,-63.2693,42.4309,15.2302,-5.83161,-33.1435,19.853,
		node 140.549,-75.8071,47.9914,229.636,235.087,-39.0386,-63.7316,-41.6359,228.529,152.419,-159.189,155.859,-196.892,15.6574,-9.22622,-51.6088,85.7154,-19.4483,89.6788,-30.0562,28.3531,110.809,-15.4186,107.975,-26.4819,16.8191,
		node -91.5896,230.03,168.569,-36.3106,118.135,25.8691,-104.255,158.213,-116.608,164.503,88.3504,-31.6677,-48.964,19.1028,-161.242,32.8493,-51.9613,65.3847,-102.538,44.9272,-125.79,-119.713,50.537,216.093,260.384,7.50324,
		node -148.559,-114.35,-47.3143,68.2187,108.38,100.379,-23.8476,-59.478,-17.8071,118.098,-49.4255,-36.9431,-58.7911,113.246,-9.58373,-47.9714,76.1968,80.5495,-40.1841,-3.22467,218.74,-20.691,-34.4461,-72.7746,46.4255,10.9535,
		node 116.688,-17.3498,140.027,-157.011,-70.5473,27.187,-77.2215,131.849,154.969,46.832,52.4572,42.992,-128.921,49.0141,135.205,-120.099,-1.96101,79.3179,-67.6894,94.3166,69.568,-36.374,219.542,127.858,122.13,-124.438,
		node -175.61,4.06525,78.4933,-92.8918,48.8635,-134.385,42.0055,108.476,22.9758,-78.6569,205.348,2.87186,67.8943,-284.734,-168.177,70.7735,-88.3594,-184.949,9.39955,74.8528,2.80635,-31.5507,-2.97736,52.0257,23.3649,-95.2358,
		node 56.0888,44.204,-29.4597,118.876,-140.742,-92.7788,58.8662,-107.842,8.0292,77.1125,84.9758,-81.8182,101.379,-65.3589,-56.1896,-33.5512,18.1129,3.13352,86.6158,98.7094,76.5441,-4.24034,89.6182,5.96587,150.439,131.911,
		node -111.678,77.9028,89.1399,70.6968,85.8025,34.7795,71.3135,-257.639,-157.371,-109.622,-40.2089,45.6004,-44.3054,-17.6206,53.0194,61.4073,-227.053,8.42109,-36.8984,-65.8363,-296.292,168.316,72.2637,-74.9043,55.1514,-99.4966,
		node -63.0306,39.7908,-16.6579,-49.9117,-0.352446,-63.2405,38.9595,152.307,213.366,192.356,-37.063,17.8009,-21.9792,-52.8331,125.333,-64.8466,-8.55715,-92.611,96.3578,26.665,-49.2658,190.097,162.493,53.1078,82.1238,-47.2163,
		node 156.558,189.469,-118.389,-62.1008,188.896,46.2801,100.017,153.409,40.4617,9.31701,176.243,200.145,-1.29016,17.0071,-80.898,-36.8665,208.591,-39.3691,-78.2299,-68.8659,103.937,17.0191,88.5206,104.622,-94.4838,-29.2914,
		node 90.9501,-126.397,65.5114,27.9406,-51.4872,159.186,-4.07377,-32.8568,-101.357,62.3485,7.83651,-34.1366,-20.757,-168.127,-343.036,21.5038,-99.577,8.40193,25.4072,45.7891,-13.4527,-19.3206,88.2991,-51.9474,6.18714,19.1188,
		node 53.7699,-164.002,-92.8719,105.708,75.9737,37.279,-238.634,-144.659,70.087,18.4965,10.9293,-66.7878,180.337,47.9707,-76.7491,-72.1654,-73.9981,94.4415,-57.8913,-23.3277,6.18791,-13.6492,-11.7316,-128.996,-128.288,-20.8878,
		node -185.624,85.627,-237.791,93.6668,-51.2806,-32.9461,61.0636,-132.03,-71.6785,98.782,-38.0285,52.8742,169.99,-59.6391,77.9566,-20.8196,-80.4599,-183.24,-184.422,153.135,-92.8646,118.503,-49.8747,123.07,37.0354,118.669,
		node 150.903,-58.9575,10.645,75.9814,97.4149,-31.7543,88.0846,-152.363,-88.6275,106.937,143.363,108.697,-39.2671,-49.7818,-49.5639,-27.5729,81.0321,-37.386,38.3029,101.319,-167.05,-269.081,165.639,-132.348,150.342,159.954,
		node -58.5747,170.641,22.1857,62.6608,-80.6791,-75.8686,-26.4184,-104.908,-169.036,-37.912,107.375,-38.2245,19.7184,-18.4707,20.7607,83.0742,-271.791,-28.2346,11.3614,-162.699,-19.3583,171.146,-122.107,-25.8847,71.5783,-234.664,
		node 152.585,182.848,5.41434,-44.6803,-52.3619,35.6812,-3.13268,-144.748,76.2339,96.7214,-241.666,-28.0815,-120.746,-272.315,95.2249,-56.8159,97.279,-33.7172,-46.626,87.0138,-93.9644,-126.224,46.2237,-211.285,-9.99631,-87.9901,
		node -114.86,-185.858,192.307,-31.0963,-139.6,86.9888,-56.6851,98.0857,238.022,-162.495,-45.252,-1.44389,43.8436,65.0467,126.162,-116.077,34.6281,-1.30324,-44.7316,94.848,160.556,24.6853,-263.122,-150.172,-119.778,138.673,
	layer
		node -36.4908,48.385,267.74,236.995,91.3881,-123.104,54.375,-79.7479,-17.9168,-8.15582,-165.146,57.3467,139.33,24.6853,139.454,194.774,66.8531,-12.3618,-44.866,-272.938,134.274,94.6352,-45.2695,7.74256,-36.6884,124.796,
endPlayer
