// Player79
stat 5
	layer
		node -33.9061,-204.539,76.657,-19.4907,-47.6345,-46.918,-45.7378,83.1444,74.9952,131.478,-93.6211,137.121,57.9016,39.0346,-93.7828,52.1601,346.061,17.1565,21.9738,65.1441,44.6666,19.1677,16.945,31.823,14.8963,-2.13163,
		node 282.445,99.6887,-164.177,-41.7793,94.1006,166.038,-77.1274,-86.7553,-70.8831,-54.167,-54.5474,-210.593,22.5287,66.0682,-159.374,66.6803,40.6233,54.9053,63.6045,243.849,118.377,69.5431,191.65,75.0085,-229.437,61.4624,
		node 41.0948,0.36528,-91.7043,-213.218,135.628,72.8053,-162.832,-93.6476,70.4552,274.031,-171.613,229.604,-71.7327,39.7283,87.0027,203.85,-32.7232,-72.4342,-30.9138,-163.286,61.4744,67.8731,-20.4219,192.668,-6.51411,-38.6786,
		node -105.487,50.4761,48.3981,28.6353,174.848,-176.145,103.203,128.574,-186.876,45.8143,37.2529,-23.2066,197.672,-179.13,117.012,24.198,-17.0902,-67.2738,-18.8472,-24.7474,134.238,-164.394,-164.96,-178.389,112.75,-160.154,
		node -161.362,-180.75,141.444,-82.9263,117.778,70.0255,149.21,-107.461,117.017,-42.0846,-92.6795,-90.1965,72.6082,63.8748,60.2601,1.46601,210.4,15.3989,-153.037,44.7557,63.6941,-160.289,89.2495,89.7236,-16.3053,80.6153,
	layer
		node 116.124,-33.2277,84.7613,-149.3,-15.6635,19.5395,
endPlayer
