// Player18
stat 9
	layer
		node -30.9761,301.066,67.1929,-5.91979,-18.8275,-44.7842,189.183,264.382,86.1446,-29.1422,-98.3727,139.318,-26.9763,47.4132,106.154,47.3822,338.112,-114.085,27.3265,57.3326,45.3669,1.06355,25.9292,44.9818,55.1521,-1.95179,
		node 271.783,29.0979,-163.344,64.4664,93.4704,171.773,15.4609,89.4088,-58.6721,-53.7624,-59.2576,-175.245,-80.6551,13.9736,201.176,97.2873,31.2746,71.8907,67.2598,227.164,120.716,40.4795,197.848,84.0218,-209.968,43.2156,
		node 41.2472,4.49613,-82.617,-203.112,145.6,80.6757,-167.548,-86.6752,70.3813,265.297,-78.8935,236.638,-75.1745,31.2733,75.5116,-8.11323,-28.2194,54.5749,-28.4906,-164.793,66.1967,72.8407,-124.089,167.759,-10.0347,43.8426,
		node -104.274,59.8124,-8.53881,55.4275,185.077,82.2921,105.594,150.528,-189.973,58.1833,-145.232,83.5054,56.0231,-187.302,0.130457,-69.8358,3.83459,-59.743,-14.6719,13.8364,125.655,28.8317,-165.679,-76.3865,-211.183,135.29,
		node -39.0858,-187.961,124.493,-19.2986,134.788,-119.423,64.3876,-188.282,122.721,-72.5931,-87.2246,11.0626,78.3335,-186.65,76.5348,-4.48663,152.058,23.1401,87.2267,66.9121,131.357,-152.436,155.61,109.531,-152.55,83.9765,
	layer
		node 46.9661,-147.49,84.806,67.0617,95.2013,23.0285,
endPlayer
