// Player46
stat 5
	layer
		node 190.444,65.5183,21.3967,216.63,154.118,-98.692,-27.5676,152.683,141.517,228.605,5.16378,193.152,183.42,259.254,227.666,-98.2439,278.4,195.208,32.115,-7.68623,-1.1555,49.489,246.912,238.304,142.434,243.061,
		node 144.809,45.9662,-137.46,-53.0736,175.766,-18.6893,84.1726,232.985,89.19,-84.3549,-47.7733,143.905,265.907,-41.6842,-59.013,-31.1177,198.584,51.4393,180.068,-34.6489,244.213,-28.3454,-155.222,39.8151,238.671,224.779,
		node 162.34,187.117,205.323,-67.12,-194.646,-167.946,-9.68531,-124.808,70.1861,237.269,-69.1937,216.853,153.416,250.4,161.018,-72.2189,-58.8816,-201.122,254.041,-21.2425,-68.4094,-34.7639,146.503,-5.96908,-38.61,31.3242,
		node 139.042,227.649,250.114,-209.157,157.912,-69.3437,-16.2649,170.757,128.964,44.795,129.817,30.2264,-106.665,1.29129,-78.3024,6.51253,-24.9205,-102.493,38.4516,-195.868,23.7436,-26.2972,114.193,194.674,178.582,-179.38,
		node 151.914,164.803,171.166,-111.436,-70.6925,239.503,234.042,210.995,43.7746,218.88,-59.9321,-150.678,-73.2055,-186.611,45.9565,16.3587,-25.1953,234.365,229.517,-19.5378,193.456,-62.8708,-65.2264,221.437,19.1095,-28.2109,
	layer
		node 255.365,17.2611,-78.7716,11.8422,186.574,186.744,
endPlayer
