// Player0
stat 5
	layer
		node -53.194,-61.3498,-32.3053,4.20946,59.3201,38.2987,-14.21,-7.46534,-59.5933,-63.0084,38.7386,14.6744,46.6739,0.20097,-16.1341,-30.1039,-11.9659,-4.96864,30.6479,60.5326,-94.1025,-22.6614,7.01026,10.2136,-6.04561,24.5076,
		node -0.726334,-9.8227,9.13177,26.8706,32.2881,58.0786,-28.2097,5.33916,79.252,81.7314,21.5985,65.0966,-13.632,13.3943,2.96319,40.2023,49.0538,-82.4785,58.8189,23.4032,14.5919,-17.766,6.38985,-32.4975,-52.8859,-26.8861,
		node -0.0722241,18.1469,7.19187,-48.4991,-45.1187,35.5121,75.6715,-11.6908,55.3149,-55.9975,-76.5848,-86.7154,-9.10552,5.10466,-59.8279,8.95877,-12.1661,29.0319,-4.76716,34.4315,-23.4141,88.1569,-113.603,6.82071,-87.7563,10.7812,
		node -90.1249,11.0359,47.5067,54.2683,-4.5913,-32.3359,9.32235,33.4733,87.467,-7.49802,-24.3483,-51.4424,-13.467,-29.1694,23.4539,-31.7049,-79.0262,-14.9541,-71.2666,-35.6675,-38.5543,-54.6563,7.16421,-19.9937,-37.9128,-32.9551,
		node 3.62504,-54.8001,6.01836,-64.9028,11.6277,-9.05517,-9.46292,32.089,68.9518,-20.7777,7.6641,6.85651,-28.5913,25.9786,-78.5165,74.6119,-26.2507,-28.9615,37.1319,48.4828,9.73649,29.0155,23.7794,-3.78396,-31.427,-86.6157,
	layer
		node -50.5349,7.82625,-24.0543,-2.2829,5.40733,-0.872738,
endPlayer
