// Player0
stat 7
	layer
		node -4.40792,1.13563,8.01884,2.11001,-6.50429,5.35161,-6.03895,-2.17884,4.02612,-4.13098,2.40466,-3.26623,-7.12248,1.3219,4.11484,2.5429,-13.974,-0.433656,1.49422,-8.79764,2.70205,0.550635,-1.48343,-5.02122,-3.36393,5.21927,
endPlayer
// Player1
stat 5
	layer
		node 3.08323,-0.0611221,11.0836,2.11641,7.29172,3.72548,-6.43538,-0.157345,-9.08678,-4.54567,6.39548,-2.59441,-5.10626,5.29943,-2.97623,-3.45309,-16.1129,-8.98091,-8.2353,-6.06603,2.23173,-0.203881,2.34091,0.934629,3.26253,-4.84244,
endPlayer
// Player2
stat 7
	layer
		node -0.461787,3.36796,6.02872,-2.79625,7.40112,2.50199,-6.43443,1.43012,-6.64998,-3.54805,5.79958,11.6778,-2.50887,-12.5793,1.24392,-11.7747,-2.30109,-10.2492,-6.59568,-5.71472,5.60004,0.721454,8.01846,-10.8213,-7.7176,-5.8571,
endPlayer
// Player3
stat 3
	layer
		node 1.83272,1.34384,11.8204,6.40234,-7.70719,-0.729897,-1.61995,-5.4521,0.165499,-5.13509,3.96655,-7.04599,-6.85305,-2.51018,-0.577495,-1.91316,-0.308273,3.24707,1.7851,-7.59068,5.12412,12.0109,2.88446,-9.93416,-7.9335,12.2505,
endPlayer
// Player4
stat 6
	layer
		node 2.20296,4.0695,-12.7,0.803255,12.3497,0.764247,0.456688,-0.078362,-1.39963,-7.61289,9.00808,-5.98296,1.66851,-2.96352,-2.28891,-1.57609,-7.04711,-8.22045,1.6961,5.56763,3.36072,11.0508,-10.4884,-2.87525,7.65291,10.9226,
endPlayer
// Player5
stat 9
	layer
		node -9.6105,-1.08224,-6.03144,-3.84648,0.436854,-7.46159,11.7294,-1.11848,-2.60429,-11.9892,-3.40909,-1.28589,0.85397,-2.75088,-1.4879,-7.56712,-0.0282738,1.14033,4.52369,2.0794,3.93452,5.39543,-9.09613,-5.9929,11.9722,-0.336734,
endPlayer
// Player6
stat 6
	layer
		node -0.366501,2.81222,-5.53709,-9.77479,-1.46316,11.506,-2.70655,-1.79836,-0.285445,-2.96699,-0.856985,-5.49287,1.12388,-1.90603,1.4042,6.87975,-5.38807,2.29283,-3.3987,0.983375,0.963109,-0.480836,-2.89631,-9.80869,-7.60097,-5.09543,
endPlayer
// Player7
stat 4
	layer
		node 3.37722,-6.56013,-5.37353,-9.2053,-0.773772,10.8865,-0.975624,8.01795,-1.47133,1.80015,-4.36496,-1.84328,0.452375,-2.66553,-2.51287,9.96571,-5.61717,0.976459,1.49324,0.918528,0.701453,-6.6906,-0.909384,-6.02872,-1.4975,-1.16725,
endPlayer
// Player8
stat 5
	layer
		node 5.60794,5.19055,2.00872,4.82435,-2.33999,7.14355,-1.53993,7.98224,-3.76297,1.03322,-4.17613,12.2374,2.12207,0.78321,-2.64986,8.70395,-5.49067,-3.20771,8.38686,0.313461,3.64636,-6.0909,0.93767,-1.8699,-2.11808,-1.96159,
endPlayer
// Player9
stat 3
	layer
		node 4.41619,6.75236,2.63823,-0.446343,-5.98142,3.62456,1.06259,1.56451,-4.8359,4.7993,3.00191,11.3897,-8.38851,6.71618,0.0790545,7.04127,0.0583205,5.51673,0.43495,-8.33046,2.40158,-7.76602,0.782611,-2.59707,-1.92408,-3.70728,
endPlayer
// Player10
stat 8
	layer
		node 3.84219,1.76063,-0.902476,2.102,-2.53753,4.13156,-6.23697,-1.83602,6.11731,-6.18201,2.33555,-0.945552,-15.2892,-5.91409,-1.7082,-5.19988,-4.93596,2.53958,-5.16694,4.57175,3.47976,8.14792,1.97802,1.2342,1.31488,-7.14762,
endPlayer
// Player11
stat 6
	layer
		node 1.54022,3.19598,6.66645,-3.27642,10.828,4.76969,-1.20006,2.41699,1.38754,10.6957,3.67916,-1.9563,-9.75443,-11.5525,-1.63864,-5.11751,-5.14782,-0.967857,-7.74261,-0.616047,6.61902,1.72053,6.83087,0.804889,2.85914,-5.68519,
endPlayer
// Player12
stat 8
	layer
		node 2.29948,2.60693,7.54652,-2.81789,-7.02138,1.66969,1.89044,-2.05416,-7.90615,0.463653,4.0663,0.654594,-4.13954,-0.353764,-1.11565,-10.7655,-6.33841,-9.64782,-9.12737,4.26809,0.222682,7.38585,6.28678,2.33566,3.11734,11.957,
endPlayer
// Player13
stat 7
	layer
		node 2.06158,0.182435,-12.3048,-0.751045,-6.481,-2.79844,-0.636977,-0.108261,-8.2846,-1.98522,4.34055,0.589912,0.886782,0.870978,-7.63321,-1.63252,-6.48815,-3.86436,0.476453,-4.21297,1.76287,-2.12706,5.61655,-3.61819,8.02128,10.9649,
endPlayer
// Player14
stat 4
	layer
		node -0.541932,2.86116,-12.5412,3.24533,4.30658,-4.54968,7.58023,-1.24014,4.59153,2.23154,9.31844,1.78248,1.02602,-2.15194,0.382375,-2.84901,-3.52122,-7.74517,2.88318,2.32587,3.27084,-7.09339,-1.5235,-5.04392,8.85822,12.522,
endPlayer
// Player15
stat 7
	layer
		node -0.491306,-0.682716,-4.79404,-7.24271,3.57097,2.19443,8.02578,0.567326,1.6014,-3.1689,-2.77393,-4.02002,-1.49232,-2.59379,-1.79905,11.2202,-0.823666,-8.31076,-5.29805,-4.37813,9.89897,-0.0550236,1.77248,-7.35139,2.75053,-1.37082,
endPlayer
// Player16
stat 2
	layer
		node -1.50409,1.87915,-8.33301,-7.5576,1.55394,3.07071,5.54667,-0.588517,-8.19373,1.04025,-5.09952,-2.14051,2.10044,-0.478381,-4.86011,-0.272952,3.88848,-1.60115,-8.24135,-3.15636,0.436196,-1.4911,-3.33964,-9.40419,1.84359,-5.52152,
endPlayer
// Player17
stat 12
	layer
		node 2.83801,2.8909,-3.63162,-7.2639,4.73746,1.61139,-0.789961,3.98458,2.51005,7.18297,-3.68984,-6.97749,5.46405,1.76312,1.83133,11.6078,2.50201,-2.65849,-0.0927989,2.96976,1.72184,-7.00948,-2.14713,-7.17588,0.228129,-4.06443,
endPlayer
// Player18
stat 4
	layer
		node 8.24714,1.98884,1.54892,-5.23985,-4.8418,12.3796,-1.18215,3.99611,2.46558,7.02465,-5.36482,-2.943,-0.424878,0.115977,1.54237,-0.602361,0.536642,-2.5976,1.19767,-4.94709,2.72508,-3.04577,-4.27656,-4.07022,-1.29387,-2.6141,
endPlayer
// Player19
stat 10
	layer
		node 1.91898,0.469674,2.34714,3.0739,-4.48465,10.1329,-6.09104,1.45011,-4.32214,-6.64275,1.51344,0.282381,-9.90837,6.56099,-3.16994,0.0190961,-2.17523,-0.179885,2.66618,2.65485,-2.50079,-2.06461,-1.58059,-1.61585,-7.98421,-2.27299,
endPlayer
// Player20
stat 6
	layer
		node 5.92465,1.13311,3.99316,1.56162,-12.0495,4.88294,1.14731,-2.76772,4.5924,13.7237,-0.701055,-0.673278,-11.5137,-13.3627,-0.333762,-3.16023,-3.95694,2.18177,-3.93088,4.23705,2.54951,-0.86509,-0.771581,4.72526,0.551987,-4.73635,
endPlayer
// Player21
stat 9
	layer
		node 4.01675,7.7963,4.99771,6.03045,-6.78858,-3.94689,1.73932,2.15942,-3.48118,-4.616,-5.36105,6.8264,-10.5258,-13.6143,8.67957,-11.8231,-4.32562,-11.7163,8.67874,-2.89025,-0.791079,-0.892486,-2.38648,-0.666898,4.41737,-6.12926,
endPlayer
// Player22
stat 4
	layer
		node -3.77474,-0.880218,8.83979,-6.59953,1.36494,-0.949865,-4.63915,-0.877915,-5.02217,-5.57691,6.19795,9.40709,3.03386,4.98071,-2.14509,-6.50481,0.151336,-5.25084,7.95791,6.29284,-4.01496,-5.43045,4.27323,-0.548759,3.4668,-0.316416,
endPlayer
// Player23
stat 5
	layer
		node 8.69895,2.44031,2.79951,3.53243,-4.47288,-3.52332,-5.64137,5.30644,-8.70914,-1.91204,-2.27268,-0.459671,1.60126,5.43167,3.12094,-4.0365,-1.81977,-5.17125,2.37431,-1.96293,7.21173,-5.63999,-2.52402,-1.5724,7.51109,13.7458,
endPlayer
// Player24
stat 3
	layer
		node 8.40769,0.186466,-12.2903,4.57721,-0.530305,-0.0669418,-2.04409,-1.75244,2.79809,-3.88899,-3.27362,0.85345,-4.50944,-2.13622,-0.37332,10.6715,-4.92172,-5.66551,7.49342,4.5236,9.61464,-4.02879,-2.30824,-4.80018,6.53623,16.1927,
endPlayer
// Player25
stat 10
	layer
		node -6.39101,3.30953,6.32323,-3.18289,-11.9379,1.00406,6.96465,0.912512,4.53003,-4.49892,-2.15171,-1.4744,-3.8203,4.61527,-4.09341,10.8435,2.54597,-2.25027,-9.12956,-2.56914,0.423995,-3.47488,-2.08892,-10.2268,-2.85656,-3.6735,
endPlayer
// Player26
stat 6
	layer
		node 0.413141,-6.13554,0.0593705,-6.49009,-10.4316,4.2533,3.18752,0.0470856,-7.71953,-6.75312,-2.47501,-4.4939,-1.26729,2.48784,0.139372,9.51189,-0.220005,-2.70454,6.4323,-7.8406,-3.78675,-3.42183,3.53864,-6.76896,-2.82314,-2.64056,
endPlayer
// Player27
stat 1
	layer
		node -0.155799,-6.19369,1.31664,-6.48861,-8.60333,-1.05888,-10.1965,2.34028,-6.45716,1.83878,-4.08531,11.3709,4.97399,4.99976,0.424136,7.20884,-3.81146,-1.24552,-9.22014,-5.27903,0.487193,-2.94033,7.14121,-3.79826,-1.14957,-2.99506,
endPlayer
// Player28
stat 6
	layer
		node 2.92636,-4.51313,2.69273,-6.48929,-10.2847,1.71706,-1.73899,3.60832,-4.46023,8.28203,4.35653,9.25704,-13.7179,5.41853,0.0574699,0.785472,-3.3562,3.95893,-2.47312,2.45411,2.08986,-2.50246,2.0222,0.250035,-3.51047,-1.41731,
endPlayer
// Player29
stat 2
	layer
		node 7.71142,0.783793,-0.723268,2.34601,-5.41954,9.71684,-6.63251,-5.30027,-1.45331,9.5013,4.40084,-0.105306,-12.3379,-7.377,2.37076,10.2868,-0.170879,3.66976,-0.959885,-7.4505,3.30859,-1.83681,-2.2468,1.33474,0.315149,-1.54384,
endPlayer
// Player30
stat 4
	layer
		node 1.1805,-6.93953,-3.9873,1.24168,-11.6348,2.50355,-0.521886,1.49457,-0.173951,9.98069,2.10266,1.96184,-11.0065,-6.44625,8.41968,-2.08417,-4.51879,3.97768,-2.11885,-4.29362,4.43766,2.55466,-2.95703,0.0333497,0.932148,-5.26251,
endPlayer
// Player31
stat 9
	layer
		node -4.51421,6.1607,8.48866,4.05258,-5.2707,-1.41133,-3.77138,11.3845,-8.4456,1.93902,-5.28722,1.3555,-6.3083,6.69306,-3.98746,-7.64787,-2.70698,-4.67439,3.23615,-2.20261,9.63698,-5.36566,-2.37986,2.06977,-0.400201,-5.93133,
endPlayer
// Player32
stat 6
	layer
		node 4.34114,-3.32735,3.48135,5.4205,-1.90765,-2.38121,-5.96615,12.7449,-10.6193,-0.88744,-8.35565,3.2704,2.85515,5.52641,4.11128,5.03832,-2.79017,-2.07506,6.10603,3.31965,12.0456,1.94112,1.33742,2.46446,4.25585,-2.91328,
endPlayer
// Player33
stat 5
	layer
		node -1.40936,0.620138,6.88166,4.67547,-1.66617,-7.79457,-1.77821,5.94282,5.81553,1.47972,-0.510223,3.9764,1.74878,0.714026,3.75382,11.6939,-6.65749,-5.59636,5.96791,5.09912,5.75818,1.65644,-0.685832,0.195178,6.43487,16.7588,
endPlayer
// Player34
stat 7
	layer
		node -5.0745,-0.193113,7.21462,-6.03146,-5.98659,-1.00402,-8.05944,0.768519,6.79441,-4.62196,-2.09395,3.61278,-5.32969,1.1119,8.7241,12.0788,1.71108,4.81307,2.55519,6.10731,1.35544,-10.9278,-0.0594591,0.529462,9.08442,15.4351,
endPlayer
// Player35
stat 5
	layer
		node -4.11333,-7.25745,3.16701,-2.1224,2.74615,-0.103021,-0.842501,5.47442,4.8575,10.5695,-2.90845,-0.371892,-1.46036,0.106922,-0.786936,-4.0397,2.45165,-2.23342,1.07782,9.26848,12.6933,-6.05038,8.04611,15.5463,8.1002,17.3233,
endPlayer
// Player36
stat 4
	layer
		node 0.00698384,9.38759,3.72837,-5.81477,0.679146,0.509811,-9.15238,1.31322,-1.86759,-5.12591,-3.88333,-1.57618,-5.98244,4.4787,0.827515,-1.44805,1.90785,-1.99751,0.486639,1.53935,12.1733,-12.0583,6.75009,7.4185,7.21535,7.23558,
endPlayer
// Player37
stat 7
	layer
		node 6.1113,6.65558,1.81375,-0.182613,-8.06152,-0.232281,-3.74195,-1.72197,-3.38938,8.56953,3.69424,-3.59835,-11.6051,4.6953,1.21247,-2.1653,-9.63079,-1.86251,-0.873407,0.326326,8.4755,-10.2147,4.75074,4.96169,-3.21358,-4.42622,
endPlayer
// Player38
stat 8
	layer
		node 1.82256,0.167198,0.823429,3.05285,-8.41396,1.02696,4.96569,-0.295063,-2.48769,8.035,4.43105,-0.957012,-6.46345,-7.86903,1.89305,8.92349,2.32925,-2.78982,0.160745,-6.85855,4.06027,-10.2655,-5.57411,2.1836,-2.49033,-1.20809,
endPlayer
// Player39
stat 4
	layer
		node 1.35629,0.0439544,1.90159,1.43533,-9.40615,4.38069,-0.423658,-2.9906,3.67702,10.0748,4.18078,0.395048,-12.6972,-9.40045,8.81647,9.4167,-3.02881,5.7277,-5.63565,-1.07365,4.26048,10.4884,-3.53501,5.14497,-3.51231,-1.39816,
endPlayer
// Player40
stat 5
	layer
		node -5.88985,-5.86478,-3.14294,2.03838,-5.03653,12.6539,-2.41311,2.06699,-6.72442,2.41667,-5.15554,1.43204,-6.04037,3.77577,-3.83528,3.5076,-4.21519,1.39224,-4.4925,0.506224,-4.37697,2.11639,-1.84617,1.13047,9.12652,-0.627121,
endPlayer
// Player41
stat 8
	layer
		node 4.87546,2.19191,5.66199,-1.57833,-5.23424,-1.52632,-3.46214,-6.61366,-8.40803,2.34792,-8.4911,-2.80442,3.78768,-0.458335,3.58834,1.43461,-3.46413,0.709972,-0.937402,2.62859,1.3837,-0.224024,-1.04096,4.86886,8.34237,-1.65314,
endPlayer
// Player42
stat 4
	layer
		node 3.9845,-3.5071,-5.91936,5.96392,-5.377,0.167062,-3.64266,-3.80373,-6.49096,1.20561,-6.53848,0.684734,-11.4365,-1.83153,3.41575,6.40109,-3.32065,-4.86539,-12.3331,6.47508,4.98518,-8.06046,2.8919,2.13488,2.97327,-6.00676,
endPlayer
// Player43
stat 5
	layer
		node 1.74652,1.15619,-5.9778,4.99435,-3.47395,-1.14385,-6.42649,-5.59585,3.74467,2.89683,-0.396742,2.05461,-1.20462,-1.92419,4.30877,-3.08302,-0.523073,4.37091,7.6423,0.820907,10.6987,-4.24704,2.45814,-3.30625,9.74709,15.3693,
endPlayer
// Player44
stat 2
	layer
		node -8.27128,-3.10402,-4.74592,-3.82694,-4.75197,12.0413,-1.50976,3.59857,2.77508,11.2904,-11.7155,7.78521,-6.59735,-0.186471,-4.20949,-2.36973,-0.782021,-1.84442,-9.23481,3.8723,-5.12629,-2.86971,1.8803,-2.18799,-0.793924,-3.41988,
endPlayer
// Player45
stat 7
	layer
		node 1.00161,-3.49597,-6.89674,-3.21397,-0.69957,13.187,-1.58769,-1.64161,-4.66087,-5.32591,-3.0153,2.24999,-3.89548,3.35315,-0.478482,-2.34346,1.27685,-4.1153,0.558082,6.68841,3.22818,-12.0651,2.37938,15.5973,9.33249,-9.12326,
endPlayer
// Player46
stat 5
	layer
		node -1.58068,3.00737,2.34333,-1.88683,7.25128,-1.60551,-2.10929,-0.241601,-2.89187,-5.11285,-11.8017,-0.142737,-0.454577,6.42712,-3.65571,1.05852,-1.62376,-3.91417,-5.06986,2.91233,11.3467,-7.21343,5.41308,-6.6082,9.00084,4.53118,
endPlayer
// Player47
stat 3
	layer
		node 1.74095,0.313243,0.61393,2.79544,6.21754,12.1465,-5.01317,-4.42765,-4.13705,-1.19021,4.42834,-0.975257,-2.68561,5.17891,2.11907,0.081313,-3.77697,6.7176,0.455544,7.65463,5.17311,-3.3682,-5.19596,5.8979,-4.5318,1.85042,
endPlayer
// Player48
stat 9
	layer
		node 4.31981,-4.74311,1.27898,7.37626,-4.14291,-0.420806,4.92423,-1.39148,4.85478,12.8366,4.62679,1.20616,-13.2009,-0.925493,0.070835,4.01948,-4.5859,-5.33556,2.4435,3.19236,-3.85169,-1.34501,-2.55299,1.45309,-2.61704,-2.59582,
endPlayer
// Player49
stat 8
	layer
		node 7.97416,-5.06844,0.63763,2.3812,-5.87654,2.49603,-4.38876,-0.72866,4.02909,7.86394,-0.921372,1.98411,-10.531,-9.6933,4.67441,2.52674,-7.18903,2.14935,-2.973,0.658376,-3.07327,8.39338,5.35518,0.288815,-3.52565,-3.18453,
endPlayer
// Player50
stat 9
	layer
		node -5.41851,-6.2499,9.56238,4.39513,-5.5643,12.2023,-4.76624,3.94905,3.05382,6.78251,-6.17564,-1.99835,8.94188,1.17542,3.25672,1.95017,1.84499,-0.929009,-4.64421,6.601,-3.92455,-2.01513,-0.487495,-2.73503,7.46562,-1.36258,
endPlayer
// Player51
stat 6
	layer
		node 5.22781,-0.797511,7.5854,-0.435231,-0.719788,2.1368,-6.16741,-5.4138,-7.01624,6.86001,-8.05758,-2.18359,4.84934,3.04624,3.98664,1.10918,-1.3435,1.85911,-4.17307,4.56283,12.1994,-2.4906,-1.55723,1.55461,7.99007,-1.84465,
endPlayer
// Player52
stat 9
	layer
		node 2.11328,-1.95086,1.60596,-5.56725,-7.58728,0.93241,1.95659,-4.68505,6.02388,-1.24664,-8.90578,0.746709,-1.78904,-2.23945,5.63652,-7.56007,-3.48998,-5.79667,-4.6004,2.88433,4.71799,1.91003,0.811416,-6.39322,0.505376,-2.7503,
endPlayer
// Player53
stat 9
	layer
		node -6.90107,4.23198,-5.5074,-3.98128,-8.90001,4.5568,2.54477,-4.37798,5.63964,-1.29889,-11.254,1.91151,-12.1808,3.53293,8.96263,-2.92653,-10.5482,2.70207,-1.90845,3.49086,-1.24055,-1.80532,0.0396526,-0.943433,1.70261,-3.79953,
endPlayer
// Player54
stat 8
	layer
		node -8.40058,-1.60388,2.59053,-2.66859,-2.4364,11.5423,10.6081,-5.07683,3.44971,-0.495198,-11.6384,1.63997,-2.29575,3.37573,0.556062,-2.44658,-4.06798,-9.7555,-4.61744,3.75904,-0.956092,-3.03861,3.19679,-4.4416,-8.62097,8.3495,
endPlayer
// Player55
stat 5
	layer
		node -6.05324,-0.568513,-3.79371,-2.51701,-6.34757,13.0946,-5.38875,-3.13052,-3.18845,-7.01404,4.82176,14.7245,1.47935,-11.6702,1.74103,-3.70956,-5.11332,-3.91241,-4.57895,5.17781,3.63957,-2.81173,-6.68469,-6.94841,10.3183,6.9181,
endPlayer
// Player56
stat 7
	layer
		node -3.98257,2.94224,-6.34169,7.83088,5.51624,10.1514,-3.24152,-1.72835,-2.28907,5.8353,-12.5737,15.6926,4.07799,6.22695,-0.947302,-1.78221,-0.00827376,6.27716,-6.55594,0.962218,5.72056,2.47817,-5.50402,4.43319,-1.24564,-3.11402,
endPlayer
// Player57
stat 2
	layer
		node 2.91755,3.55174,-3.08582,9.05741,6.6893,11.8796,4.51822,-1.1652,5.28955,7.22514,3.25593,0.916475,-3.41235,0.588721,5.66553,1.46514,-11.2437,5.63829,-3.22841,-0.10385,1.97072,1.63792,-2.62309,-3.30275,-7.91904,-0.314618,
endPlayer
// Player58
stat 8
	layer
		node 2.14402,-3.21355,-1.18058,2.12868,9.75305,-0.414354,-4.74512,-1.00265,2.78224,-2.37418,-5.70212,-0.0939488,4.1873,1.98176,5.05818,2.80991,3.90857,1.99835,1.26731,4.33979,-2.6507,-0.836986,-3.49147,-4.00189,-0.0207114,-2.10674,
endPlayer
// Player59
stat 8
	layer
		node 10.332,-6.13594,6.56497,0.299059,-11.8477,0.802233,-4.34281,-5.24733,4.08413,3.76329,-8.86041,0.937754,9.175,2.1054,1.02998,1.51878,2.22741,-1.17769,-5.863,2.31965,-3.07509,-3.17831,5.21598,-5.51724,2.72347,0.0126435,
endPlayer
// Player60
stat 2
	layer
		node 1.84971,4.31931,6.93742,2.62776,2.4388,12.4032,3.39834,-3.13927,1.65018,3.22536,-4.84537,-1.62775,-4.12639,1.92811,3.59534,4.71418,3.25838,2.14135,-2.79675,13.8524,13.4022,-5.33867,-0.818541,-3.191,5.94049,-5.72216,
endPlayer
// Player61
stat 8
	layer
		node 4.94574,-1.05223,-1.54565,-0.142833,-7.84099,5.95544,3.66836,-4.06445,4.91457,3.44881,-5.8363,3.99046,-2.41686,4.45979,-2.22721,-5.85049,0.983063,-6.72311,-9.49635,10.3843,2.07232,-9.03314,-0.990263,0.381957,1.92694,2.68742,
endPlayer
// Player62
stat 5
	layer
		node 1.97248,-0.873704,1.94584,10.7253,7.88197,3.82323,4.51406,-0.303882,0.474028,6.37259,-13.5718,3.54517,-2.6206,-0.414016,-0.192574,4.52702,-10.798,-4.40078,-7.88723,7.98305,4.17574,-8.16819,2.48947,-1.74479,-6.46355,2.40039,
endPlayer
// Player63
stat 5
	layer
		node -7.27179,4.08925,-4.3429,3.06593,2.11655,1.72798,7.39452,3.26135,1.78926,-2.67247,1.22215,3.89236,-5.01113,8.02515,0.340622,7.11559,-10.7094,-5.07941,-1.75358,4.26864,3.58346,4.47247,8.87007,-2.99256,-0.295945,6.32274,
endPlayer
// Player64
stat 5
	layer
		node -7.69306,5.0893,-3.35542,5.30706,-4.84149,1.63517,10.6896,1.47886,2.93153,-3.92849,3.76282,-3.05636,-4.82977,8.92442,0.623407,7.74679,2.14071,2.57582,-3.53346,6.62909,5.47614,-5.50587,-3.19387,1.28475,-8.63286,7.62512,
endPlayer
// Player65
stat 7
	layer
		node -6.33904,1.48,0.168649,5.49619,2.20559,1.72851,-4.26068,-2.83731,1.22261,5.50532,2.74535,13.0426,-6.64436,-12.1053,3.2198,-0.637005,1.37699,-6.23289,2.02571,3.97063,3.17886,3.3648,-3.91011,-5.62613,-13.0162,1.46144,
endPlayer
// Player66
stat 5
	layer
		node -5.03271,0.59311,-5.32423,-5.14615,-5.94686,5.8141,-1.64793,-2.86881,0.874678,9.51623,4.42954,13.1641,-3.48853,-1.87577,2.96878,1.97469,-6.0324,1.52166,0.716285,4.76908,3.16065,3.93985,10.2885,-3.65284,-9.02052,-2.29518,
endPlayer
// Player67
stat 8
	layer
		node -8.38989,4.01697,-1.81341,-1.18302,5.7002,4.25283,7.87602,-3.66297,-1.52771,-8.2333,7.19014,-3.13132,-3.32721,1.80264,5.2286,2.95701,-7.17399,2.05782,-6.83947,2.41918,3.28031,-1.94599,0.248204,-7.20648,-1.26794,-3.70164,
endPlayer
// Player68
stat 2
	layer
		node 9.16295,3.02196,-1.15346,1.06795,6.44424,4.04737,6.2543,0.09746,9.28955,-4.76446,-9.50153,-2.88153,-3.54297,6.14632,4.54089,0.670453,1.23076,2.9804,-7.66432,1.36121,4.16544,-0.666689,3.75469,-6.87235,-5.58089,-6.53947,
endPlayer
// Player69
stat 5
	layer
		node 1.78506,0.356245,4.80322,-7.2825,-10.7077,3.70041,-6.20299,-5.54901,1.77155,2.57753,-9.00871,-4.2311,-8.50228,3.04425,5.56475,3.83357,-4.99437,1.87789,5.99223,3.4097,-5.92734,-0.575016,-2.53724,-2.74671,0.656088,-2.73901,
endPlayer
// Player70
stat 3
	layer
		node 6.58376,4.69449,-0.101786,5.94965,-5.33213,7.94561,2.6527,-3.51817,1.4736,4.08099,-7.99497,3.69332,-4.53407,3.40829,2.34499,4.47118,1.9873,3.08123,2.51081,7.43089,-14.0045,-2.46866,2.16709,-1.49546,1.80307,4.42016,
endPlayer
// Player71
stat 8
	layer
		node -5.04296,2.50923,-7.12006,2.02012,-7.71911,-1.55841,4.09477,-3.88529,-0.951091,1.25795,6.64135,3.70853,-5.66582,4.37969,-4.88064,2.13556,-3.20114,-3.06255,-3.15097,13.1512,-11.2934,-9.8172,-4.64135,0.664063,4.05928,-3.11999,
endPlayer
// Player72
stat 4
	layer
		node -8.9614,-2.07292,3.99033,3.94756,1.11736,7.3866,3.85345,-6.25132,0.956834,9.39286,-5.07223,4.24371,-3.87,5.4888,2.79636,7.16551,-9.4255,-7.23982,-2.93018,7.23413,-8.84232,0.694819,6.89691,-3.92635,0.543906,-2.98028,
endPlayer
// Player73
stat 8
	layer
		node -0.750972,-0.48788,-3.18826,-2.48593,1.58659,-2.28153,-2.83295,-3.18997,1.98085,-2.38901,-8.96422,-3.78,-8.34272,-1.1188,-6.55896,3.90166,-0.793933,-0.188508,-7.66439,5.388,5.92325,-3.1108,-6.80106,-1.17102,-1.35271,-2.59348,
endPlayer
// Player74
stat 9
	layer
		node -5.23912,-6.80808,1.7498,6.69161,1.95344,0.23911,9.36711,-5.40641,1.03136,4.02922,-9.77419,0.240764,-9.92437,0.823977,-0.645387,2.80267,-12.3889,1.4734,-7.43183,3.78416,4.44671,4.86414,3.42746,-8.45537,3.54319,1.2368,
endPlayer
// Player75
stat 4
	layer
		node 6.70212,0.0740133,9.21078,3.06304,3.16703,2.34336,10.843,3.78041,4.50541,6.27914,-10.0506,-1.56694,-3.38122,-0.320398,1.7446,2.12073,3.22114,3.89456,0.43701,5.51673,6.37591,-3.02275,5.41564,-4.88733,-11.8505,-0.91004,
endPlayer
// Player76
stat 7
	layer
		node -4.49797,1.74207,-0.0782013,-0.998325,-6.55322,3.65183,7.52454,-2.11015,4.01828,6.0598,-0.392824,12.8207,-4.83093,-0.615344,4.84073,1.51978,-2.77927,1.57509,-2.13936,1.48893,1.69922,3.84886,10.2684,-0.189078,12.7356,-7.45356,
endPlayer
// Player77
stat 8
	layer
		node -4.98058,0.713573,-2.70141,-0.646497,7.75664,-5.19076,9.51197,-3.08729,-3.97494,-10.1002,1.03242,-2.05942,-4.87568,1.64346,5.86884,-1.66536,-1.56995,7.42584,2.49867,3.91117,2.13195,1.76415,-1.97501,-7.49897,4.34527,-6.49648,
endPlayer
// Player78
stat 6
	layer
		node 5.36879,1.98283,6.00049,-2.31994,7.65156,11.7703,-5.26153,4.75355,5.25907,-1.88458,-7.89353,-7.39056,-3.56057,-0.390428,-0.141153,1.06154,1.05406,1.8507,-6.18177,2.18184,-0.470446,-0.378489,0.897353,1.22584,-0.893818,-3.07527,
endPlayer
// Player79
stat 10
	layer
		node 8.65879,6.76085,8.11708,4.41652,-2.60525,8.06435,3.77883,-7.14031,9.05406,-3.57245,-6.35009,-6.17187,-1.64414,3.31847,-9.79086,0.0783776,-5.30957,-0.0447972,6.34785,2.61461,6.21957,-1.79754,-2.37888,-2.53593,1.53481,1.51414,
endPlayer
// Player80
stat 7
	layer
		node 5.27454,-0.333168,-1.94658,4.64774,-5.31512,0.214992,4.37723,-6.1889,2.6627,-6.65838,8.03892,0.976859,2.45124,4.96078,-3.46337,-4.81947,-2.5819,0.779751,-0.0215809,5.51409,-11.4742,-7.27999,-3.93833,-3.73299,-1.75153,7.85205,
endPlayer
// Player81
stat 6
	layer
		node 6.49892,2.93374,-1.06369,0.528521,-4.65158,6.62318,4.39192,-1.8874,-0.532165,-0.353874,5.05145,-1.31668,-8.65386,-9.89664,-3.81497,-4.79898,-0.954838,0.341609,6.52211,6.20086,-10.6381,-3.51382,-2.5724,-4.64547,-2.01965,5.98603,
endPlayer
// Player82
stat 8
	layer
		node 8.78071,-2.16387,-0.0630127,0.512446,6.08895,3.6619,4.71381,-4.26269,-1.03328,9.35181,3.06847,-4.80792,-9.62732,-9.90906,-8.96203,-10.3801,-16.7382,2.05055,-6.63641,5.91903,6.57952,-9.54613,-6.7593,-7.97104,0.61026,-1.04067,
endPlayer
// Player83
stat 6
	layer
		node -1.1294,7.19861,-3.5383,6.61082,0.445013,-1.58477,11.2394,-3.61089,3.28072,8.96526,-8.71594,-2.47781,-1.17225,-14.0284,1.22646,8.64235,-12.7274,-8.35876,0.147756,0.270212,6.3848,2.43391,-7.11688,-9.16869,-8.78365,-5.3315,
endPlayer
// Player84
stat 8
	layer
		node -3.76379,5.88834,-4.90676,2.11273,1.6318,-6.20981,12.0783,1.76869,1.7045,-0.34831,-12.0893,-3.8812,-0.0459885,-0.857404,-3.11562,4.27406,-13.0004,2.63762,-6.1602,4.46873,3.36261,-3.1648,7.25062,-8.51077,-10.4811,0.914255,
endPlayer
// Player85
stat 4
	layer
		node -1.1468,4.525,-4.9837,-8.65369,7.76048,-7.52806,9.53951,-3.0636,-4.12897,-2.92672,-7.04435,-3.68627,-5.3299,1.48468,2.52608,2.3786,-6.91195,3.02287,5.6189,3.8039,4.42398,-1.59046,7.47261,-10.6118,1.66013,-7.82255,
endPlayer
// Player86
stat 7
	layer
		node -7.96114,2.41302,-0.629819,-4.50396,9.17475,-5.9932,11.0029,4.17458,-2.04043,5.14335,0.123088,-3.06716,-4.05919,-0.483176,2.1318,4.62805,0.255333,8.2699,4.80944,8.64574,1.8507,-2.99812,-1.24898,-0.853598,2.06855,-4.8857,
endPlayer
// Player87
stat 10
	layer
		node 5.48126,2.97397,5.54288,4.2078,-14.8077,-4.37508,-6.11548,-4.1148,-0.238623,10.9801,-1.39149,-4.37221,0.200137,-1.18117,5.75481,3.1274,-3.87662,8.60449,7.54414,6.38798,2.16999,-4.94678,2.36038,-1.39021,6.7267,-2.16174,
endPlayer
// Player88
stat 3
	layer
		node 5.03699,1.63661,12.4552,-0.489904,-13.6149,6.67266,2.92604,3.93363,0.264253,-4.30502,-1.07507,-3.48462,-3.68769,-0.972354,-9.37087,-8.61041,-6.14235,3.41578,2.27738,2.13659,-3.62766,-8.45906,-6.27828,-2.51925,8.11352,-3.11752,
endPlayer
// Player89
stat 3
	layer
		node 6.05778,0.567215,6.17931,5.39919,-1.14005,3.471,11.2458,-4.75935,8.05991,5.20955,-8.77942,-3.87625,2.00886,-0.263275,-2.23219,1.40921,-4.03417,3.56197,-2.52139,3.11963,7.10816,1.513,2.30889,-2.78273,-0.528818,1.08045,
endPlayer
// Player90
stat 2
	layer
		node -6.97508,2.9322,-0.141402,0.462639,-2.87713,12.6867,2.08957,5.00669,-0.500498,-4.63116,1.6533,1.56902,-8.62199,-4.37341,-10.5031,5.56154,-3.75915,4.30038,-0.481999,6.26415,4.72821,-2.36073,0.76575,-6.58141,-0.190616,6.43891,
endPlayer
// Player91
stat 5
	layer
		node -6.20197,2.03489,-0.951138,2.0851,-6.20966,6.84275,3.81316,-3.26963,3.23966,9.63336,4.8384,-1.88852,-5.95931,-9.843,-3.22046,7.78507,-10.0666,2.0128,6.09811,-10.2498,3.02233,0.756852,-0.633093,-3.27978,4.75891,-5.72389,
endPlayer
// Player92
stat 5
	layer
		node -5.4427,1.09479,1.46962,5.25423,1.15673,-1.91629,-3.62825,-3.68807,-0.0923221,7.03087,4.71982,-4.71898,-5.56161,-11.0854,4.07588,-9.4342,-13.3475,-9.66088,2.24166,1.91813,2.21325,0.83611,-6.76073,-8.76923,1.19208,-6.18169,
endPlayer
// Player93
stat 6
	layer
		node -3.71706,2.16153,0.00824488,0.30268,1.77383,-1.99604,-4.41037,4.52771,1.84845,-3.67936,-11.502,-7.36242,-3.05431,-2.04042,0.965793,3.39504,-7.17837,2.73376,-6.3472,3.29355,6.54101,-0.415136,-9.50817,-9.10715,-9.36966,-6.79073,
endPlayer
// Player94
stat 6
	layer
		node 0.00401768,5.01707,-4.34093,1.60681,10.4749,-6.10929,1.49099,-6.3648,2.87535,-6.61715,-7.73472,-6.07174,-3.08997,-2.5104,-3.02814,4.63471,-6.98457,-8.39614,3.83159,6.23953,4.18149,-1.16873,3.52471,-3.14586,2.51901,-5.28179,
endPlayer
// Player95
stat 5
	layer
		node 0.252761,3.98851,8.02931,3.95949,6.50499,-5.3871,11.6537,2.96464,-1.19067,-0.856214,-1.22651,-7.33168,-0.654623,-0.520881,-2.6034,-7.61798,1.6108,0.625833,3.82599,6.40044,3.98557,3.38415,5.87304,-2.42838,3.07683,9.84329,
endPlayer
// Player96
stat 2
	layer
		node 4.93464,1.31121,0.894122,-7.07968,2.92627,0.477148,9.07837,-1.94182,-4.55601,-0.613175,-1.27627,-5.78711,1.82075,-3.65645,-8.31564,-8.13109,-7.60982,3.53396,1.373,2.3655,5.55311,-2.42967,-6.16698,-8.01102,-1.62192,-5.5179,
endPlayer
// Player97
stat 8
	layer
		node 7.11925,0.985308,-2.0549,7.62608,-1.51448,10.7212,-14.0426,0.206655,-3.93776,-6.75885,0.311842,-3.50146,-2.37139,-0.954362,-8.62199,-8.37807,-4.0266,-0.912519,0.122893,0.0426143,4.59534,-4.0597,-0.84464,-7.20217,9.61533,-5.6669,
endPlayer
// Player98
stat 9
	layer
		node -6.98041,0.320314,2.38813,-1.18257,0.93861,9.57134,3.49094,-0.226911,2.25343,5.356,0.110755,-4.5198,3.12937,2.90635,-1.9618,0.946954,-4.56119,2.85064,8.30882,3.18266,2.43055,-8.54577,1.07714,-1.91146,0.0708255,-1.12587,
endPlayer
// Player99
stat 10
	layer
		node -8.29564,7.06573,0.374252,5.1979,-4.70659,11.7856,-0.622132,7.40595,3.76467,-1.67994,-1.1535,-2.63754,4.74331,-2.89181,3.90124,4.21498,-2.67907,-0.167169,7.17811,4.22975,5.10732,1.74415,-1.93835,-1.67726,-4.02242,-3.27174,
endPlayer
