// Player56
stat 6
	layer
		node -56.9423,24.745,-63.8143,51.5599,9.69764,43.4168,83.4434,77.5554,-56.2419,-4.90244,-95.4647,72.4423,14.4061,4.29687,-132.152,-0.15614,-25.9902,-37.6613,26.902,-26.5881,-78.8982,-209.264,-118.918,10.3652,76.7511,62.6323,
		node -33.8675,78.5076,-68.0494,25.3783,-18.4802,15.566,-14.9497,54.0411,-14.2076,-41.864,-92.3917,-63.3097,28.8776,54.8239,56.0748,23.2413,101.193,-43.8095,-168.356,109.1,-179.021,52.2287,79.3785,30.8475,-28.8315,19.1873,
		node 5.94914,76.7709,71.2947,95.4579,75.004,-64.6522,47.9578,21.0387,5.12788,53.3718,-17.2055,-6.229,48.5421,60.7875,-81.8076,-13.3418,-33.288,29.2809,15.8709,2.99895,-72.5235,-11.3482,-43.677,5.35091,-80.2475,-100.52,
		node -21.0587,14.4274,-11.4296,-12.7506,35.9262,67.5968,-12.1799,-207.311,-89.1583,72.2823,43.9049,64.4174,67.5691,-14.2624,-3.70795,-48.1122,-22.9356,-84.0809,87.3166,31.0745,-140.488,-32.3219,-58.026,-35.0787,0.828724,27.2561,
		node 51.3937,72.6364,-50.0304,39.412,54.6229,-5.87935,40.9516,-23.7713,7.98289,7.16512,78.184,7.45378,2.01795,-9.48893,48.7161,-35.9081,19.1468,10.6278,34.9857,28.1238,-76.6213,18.2988,8.28218,-9.72982,-12.7374,-16.4501,
	layer
		node 89.7485,75.8327,35.8636,60.2737,67.074,5.7636,
endPlayer
