// Player92
stat 4
	layer
		node -77.5321,239.285,-111.26,-5.9664,-6.6299,-69.294,-130.037,9.68778,7.36539,-122.011,-57.2892,-32.7377,-28.5215,63.6203,-10.6014,-68.1768,-121.565,13.1313,-95.9421,-32.8204,79.4053,-59.3994,42.0171,27.5283,74.7871,46.3531,
		node 2.73947,-50.5293,46.4444,74.0442,25.1423,-16.2803,-17.4362,28.4022,36.2483,62.1439,30.7174,61.2877,6.7066,62.9586,6.30406,-2.82705,60.1824,60.113,62.1671,37.694,29.1611,62.631,-89.312,63.3123,-28.6343,24.7097,
		node 44.4941,-6.67935,-87.8155,8.18778,-122.039,228.209,45.4957,-10.9838,-79.8223,39.8251,-56.989,39.6602,32.9497,64.6626,-6.62609,73.095,-34.0712,7.80596,-31.5881,-1.21849,-76.6383,-31.9646,37.0394,-24.295,-3.55817,-141.57,
		node -51.4455,198.275,-65.0081,64.1335,22.2733,-57.4516,-63.5507,-22.6602,-46.3342,26.7204,213.485,30.2037,60.6115,19.7878,67.0165,61.2572,-60.7751,69.0016,-26.3458,-1.04876,-66.3794,93.8827,-43.3834,13.318,18.1873,-0.30221,
		node 10.4972,-76.9977,-63.3935,15.7004,53.6956,32.1878,-17.1247,53.2886,-82.8843,33.004,30.4999,-77.0276,-120.952,-17.2613,60.088,58.9535,-65.4832,-7.87051,43.5265,-13.1736,-88.9222,-29.4702,8.27879,32.8513,35.1101,-101.784,
	layer
		node 8.26299,6.34493,21.8445,70.6838,-31.4391,-115.605,
endPlayer
