// Player97
stat 8
	layer
		node 243.214,-119.762,112.839,60.4109,196.008,-201.685,-141.52,95.7159,120.766,198.223,249.221,348.949,245.985,-139.752,339.382,36.7232,221.163,174.646,276.66,-200.557,-178.507,162.328,294.162,305.686,63.432,328.96,
		node -151.527,-152.611,36.3075,208.917,-212.742,-135.667,149.958,17.275,241.971,-188.649,-220.767,49.1999,189.576,141.069,218.193,111.431,245.543,314.948,-193.037,67.109,-173.509,289.085,214.022,156.972,-178.275,155.383,
		node 211.905,299.009,-159.674,93.9975,182.788,-104.994,176.61,185.236,185.661,-146.842,70.0625,320.158,9.62204,-169.16,190.057,374.464,201.169,157.144,-208.836,88.6124,-190.792,252.604,232.649,310.019,240.715,187.093,
		node -193.944,-103.834,255.086,201.724,-168.612,26.8391,197.501,138.976,192.13,-223.349,-183.844,174.84,-157.02,224.394,-141.451,-159.112,-155.199,-211.738,185.511,-197.17,-191.868,192.338,222.276,96.9918,214.834,-154.925,
		node 305.566,197.839,248.944,168.444,78.5022,200.601,-180.288,199.114,-167.124,304.584,-122.632,226.302,-144.281,221.959,314.514,197.989,-185.263,154.446,56.3534,176.434,-209.164,362.409,-178.344,171.616,174.852,108.021,
	layer
		node -152.505,50.6085,154.015,-154.426,-186.775,109.751,
endPlayer
