// Player10
stat 11
	layer
		node -84.8101,178.139,-155.935,121.573,125.623,51.0894,-99.2648,-142.705,55.8094,-27.9392,93.4062,-96.7505,-110.123,-85.9887,191.471,-24.482,-112.453,-45.4081,66.7786,24.3432,235.922,167.796,8.96777,239.263,109.4,-88.2556,
		node -105.421,-92.4657,241.12,-153.104,119.296,293.734,-115.888,-30.4977,-74.597,-29.3686,258.995,-77.0008,104.803,246.631,233.452,-88.5607,-10.147,-133.636,-103.55,-134.941,66.3413,1.1669,144.287,-84.1261,-127.391,-105.26,
		node 86.8461,-46.5193,67.9673,-125.334,125.675,-124.618,-176.645,-119.803,-174.068,-97.5343,58.12,-93.071,-81.4756,-128.602,-101.454,55.0483,285.112,-120.038,-100.682,145.341,-117.103,269.397,50.2162,208.21,-88.6274,-26.6567,
		node 100.742,13.8146,59.9342,97.7377,-177.32,-112.524,-72.6957,-112.414,215.536,136.204,-117.574,-82.3346,-93.1287,-167.196,-112.488,12.362,-150.813,67.2317,-85.3066,-97.9792,95.1726,-70.4947,-33.0855,157.217,-45.3656,-144.119,
		node -17.3144,109.309,-111.213,58.9675,89.9977,-134.386,84.6385,-105.37,-147.658,120.99,-101.834,-99.1983,-93.594,37.8757,-90.0922,-74.3369,-132.429,-113.991,-162.974,113.206,21.2524,22.8068,69.5252,-103.648,-128.618,-122.596,
	layer
		node -68.5941,37.5294,154.594,96.9492,-78.6815,-149.144,
endPlayer
