// Player35
stat 7
	layer
		node -38.9802,-53.3631,-82.9285,-46.3211,45.5433,-2.54765,-150.105,-10.4856,78.5236,-157.891,-31.732,8.59547,67.3653,55.6968,-5.07165,40.4693,-86.0672,7.44783,87.5281,-19.9559,38.9522,6.27202,-36.0112,58.5981,4.18622,0.802185,
		node -15.1365,-79.5917,-59.0889,-85.4144,-34.9028,1.92589,2.35378,8.95366,-68.607,17.1642,6.00508,-33.0221,4.71973,71.1076,-145.862,-24.7077,5.09107,-9.35658,4.45697,51.2512,-45.3966,-23.428,35.1644,71.2413,58.551,15.2946,
		node -68.2961,-1.54517,41.6399,33.4725,44.1665,-20.1878,10.9541,-37.3102,2.41059,40.2498,17.4855,37.9411,-73.9717,-31.1318,-56.9376,66.6031,-153.156,-35.3825,12.7212,-56.8049,65.9636,44.2904,-13.9604,-21.8645,8.57128,-53.5173,
		node 10.5125,-15.0026,10.8773,18.4715,-157.185,77.2916,7.74353,26.7089,19.18,30.9598,-7.34395,72.6624,-140.182,-26.1609,-72.1117,-8.32505,73.3474,-18.108,75.7004,36.0719,31.713,-38.8034,94.3763,-45.3948,-48.3996,-12.4213,
		node 75.3224,-4.74889,44.8954,65.6975,25.7373,146.627,-1.68208,8.29751,22.5244,-94.8825,59.3627,-25.2866,86.0925,22.7245,37.1692,-73.5052,-20.804,54.8931,99.415,50.3493,-25.4369,6.78032,-20.5036,-64.3369,-41.6122,29.816,
	layer
		node 10.6199,53.5471,-98.7913,-22.3948,-135.228,-166.192,
endPlayer
