// Player93
stat 6
	layer
		node -22.3647,-134.927,-57.3975,68.9099,-34.8582,42.1266,-41.918,-21.8003,-56.0623,61.837,-55.2553,22.7936,24.5277,61.7292,-11.531,40.2648,48.5506,21.6694,87.6076,-3.33779,52.3334,59.9722,103.61,77.1213,56.909,15.9497,
		node -11.8729,-80.49,-118.368,-14.4402,55.1429,-57.4863,25.8352,-8.9065,-47.0522,26.182,-167.971,-54.656,55.5344,-20.894,-164.334,-39.3463,37.7772,7.77297,-59.8715,47.157,-38.4675,70.4191,-48.5556,-8.27413,56.3997,9.62849,
		node 71.5455,6.70163,37.8966,33.2243,34.1261,-87.4945,-13.6615,-42.0415,34.9909,-98.7244,68.6353,44.2738,33.8967,-11.3552,12.2315,-9.46844,-160.814,-26.4959,4.44387,-124.157,-3.38699,36.9042,-15.1799,-18.0597,25.8514,-14.2006,
		node 53.4255,-18.6904,10.1231,-99.2676,57.6185,76.1279,3.90925,-90.2659,-91.8839,-27.601,64.4421,-14.9867,59.2002,25.1159,-25.008,11.6498,75.993,74.6565,33.5644,-23.7421,-77.4146,-47.0704,-37.7651,-58.4612,-97.2041,-6.87214,
		node -2.56536,-10.8419,55.325,-58.6096,32.5601,14.5257,50.0054,20.5164,-80.235,42.6801,60.6263,13.8245,-61.354,23.1289,-60.0662,29.1198,-20.5831,26.827,14.709,64.7433,-24.2738,70.5821,-96.4322,13.3857,-40.1804,18.5245,
	layer
		node 24.7667,9.65428,43.3323,-18.7107,-55.5223,-75.6551,
endPlayer
