// Player14
stat 4
	layer
		node -23.0592,-9.09004,-68.5121,60.4186,-37.7189,-77.6526,-25.6022,-7.55028,-53.555,68.9997,72.0793,24.6962,68.7237,62.7542,40.6267,62.834,-70.7927,16.1628,92.2557,-8.97039,49.9683,59.4484,28.1724,64.519,10.1335,5.38927,
		node -5.56567,-77.4298,-105.108,-97.5036,-34.1147,-56.0524,-125.777,-16.8215,-62.5495,10.1572,3.81473,20.5598,1.48878,-132.061,-155.14,-51.4032,33.5931,-15.6676,48.0283,-0.628967,57.5429,4.86286,38.7543,70.7736,41.2991,28.1415,
		node -72.3388,20.9247,42.434,30.3584,-36.4262,48.5009,-16.2248,-52.7587,3.23437,-59.1811,69.3507,45.9288,32.1915,54.2281,-51.0102,82.3746,-169.622,-10.7621,-19.7592,-47.5918,40.4512,47.7132,-80.3757,86.4993,22.6667,-26.3871,
		node -74.7771,-86.7398,13.2184,-44.9762,-85.2969,-29.4703,-3.76367,19.0807,-97.5456,-16.8394,44.6186,-1.55757,22.9028,40.3803,-49.9103,-1.24812,70.8681,-18.5274,70.8089,-55.1166,-80.2178,-46.641,74.2296,-65.6105,-48.5457,75.764,
		node 70.0098,-9.86354,60.2491,-44.9859,14.8021,-11.862,5.18782,-57.4191,43.5379,-10.2986,32.6537,11.1478,42.4462,-19.9362,-69.8638,-19.5385,-14.5894,33.4498,98.9988,2.51365,-18.566,-6.1947,-98.7846,-52.6752,-43.2461,-55.8804,
	layer
		node -33.2367,-53.3039,-54.9247,-18.9645,45.4839,-104.902,
endPlayer
