// Player30
stat 9
	layer
		node 62.0634,-132.353,71.6282,-51.4071,-31.2405,-9.3739,61.1259,-9.11614,21.8323,-167.207,-49.3446,24.3524,15.0602,56.2464,59.1578,-172.413,-80.6467,16.2128,-18.492,108.861,54.1014,-50.1716,-183.778,75.6437,-14.4514,19.1239,
		node -13.8427,-77.4542,-54.3005,-97.1728,-40.3959,-54.1757,37.888,70.6689,-51.3911,22.9055,-169.784,-33.2585,-68.0766,-124.79,-146.164,20.949,23.0306,-150.221,8.1385,42.7429,49.3064,-20.3443,38.1253,36.3591,-82.7707,16.1461,
		node -3.88658,-22.565,40.7601,22.7336,52.1186,-71.1067,-12.5081,-51.2618,11.7917,-102.423,64.1633,-22.2696,31.6288,37.7787,18.4608,-92.2953,-54.1514,53.1844,12.9575,29.0576,64.5242,35.4524,-16.7671,70.7859,17.3364,-66.7637,
		node 56.1565,-53.8846,-135.889,-100.955,-11.3886,30.3228,20.3993,-49.5486,-5.84659,33.66,43.4957,-5.79562,-110.915,22.342,40.4543,-4.80423,50.0623,-30.9477,70.4362,-54.0698,-134.662,55.0212,94.7013,-56.4832,-43.7545,19.9772,
		node -0.745865,68.5959,66.7639,68.5996,-22.6258,11.344,7.09222,47.0266,-36.9405,-13.9891,37.7484,-10.5012,-91.9779,-6.3391,30.5112,-83.9287,-25.1522,62.1599,66.027,80.1321,-9.851,-16.8954,-90.509,-56.1715,-41.9277,-59.4727,
	layer
		node -31.4782,-71.6146,54.2383,-28.5848,57.7624,32.9099,
endPlayer
