// Player48
stat 6
	layer
		node -20.0789,-48.5715,-206.975,239.058,-171.29,-96.3958,-23.4734,91.0165,-93.0233,-106.499,-7.95252,-41.3582,-234.9,-91.7138,-235.091,-30.4559,-149.895,-86.7982,-253.714,-275.403,-249.926,-33.8785,-106.7,-84.852,-125.991,-90.4159,
		node -241.357,-152.794,226.176,130.218,-143.274,-135.447,-128.678,-30.8471,209.279,-67.5081,279.791,-165.857,-38.0069,-216.564,-231.849,197.228,-107.292,-85.6221,88.4661,-109.012,-166.632,-228.518,237.064,46.4468,-169.523,-177.895,
		node -5.60947,-173.439,-253.463,-146.155,-247.456,-97.1524,-250.244,-11.1825,268.493,-99.0424,274.103,-64.4541,-158.208,-118.453,12.8694,-176.926,-162.631,-218.867,-23.7424,-83.4801,-199.098,-212.558,228.542,-18.959,-101.246,-136.27,
		node -272.914,124.056,-15.3127,-124.907,-23.2341,-125.365,-71.8495,-150.27,-217.612,-229.051,5.76974,250.871,-260.808,269.847,-31.685,131.464,-194.842,-145.145,-59.5472,-168.238,-61.9626,-187.319,-49.2601,-79.1206,237.064,-108.221,
		node 66.4707,281.575,98.2694,-87.9284,77.8281,-70.5988,-230.892,-248.175,-168.281,-22.1176,199.326,-157.674,-64.8421,-26.9608,6.0891,-230.649,-187.902,87.4932,-71.9156,167.498,-216.166,-163.981,-38.6549,-36.2323,-140.001,26.535,
	layer
		node -195.313,-249.003,-248.628,76.3132,-71.9214,-238.7,
endPlayer
