// Player75
stat 7
	layer
		node -17.6876,-132.072,-101.245,-138.435,-240.334,-234.828,-93.9975,-255.745,-97.9436,-107.173,-183.455,-171.027,-88.3244,-122.05,-232.437,-30.496,-138.779,-64.0967,278.883,-281.015,-148.109,-27.2359,-106.453,-113.881,-131.342,85.5826,
		node -240.651,-154.911,25.0604,-31.0997,-197.312,-75.1727,-165.766,-70.8518,223.911,-70.962,-229.565,-173.781,-31.6247,-121.735,276.09,192.887,-113.556,-139.392,-227.824,188.702,-167.139,-235.071,39.976,208.21,-177.853,-89.7131,
		node -14.0779,-248.844,212.886,143.189,-119.473,-94.2618,57.3538,-36.2733,279.838,-245.177,109.438,-54.6955,-22.2319,-58.2418,4.67173,-89.9923,35.2227,-217.4,-78.0283,-77.2742,-281.254,-250.437,-89.1582,-67.2045,-99.5939,-137.679,
		node -228.828,-54.9571,-146.586,231.109,-55.0739,-112.517,-96.8569,-257.124,-211.482,-227.205,-41.9147,-51.015,-258.127,-190.696,-51.268,-37.9926,-221.9,-165.943,-108.469,-108.102,-6.42657,-184.187,-26.7994,-83.5494,224.847,-56.1016,
		node 55.4992,274.653,92.995,-161.248,84.8827,-55.6823,-227.443,-233.128,-73.0553,-172.187,248.097,-149.593,-53.1369,244.422,202.431,-83.0558,-135.686,71.9949,-74.4676,-214.621,-92.6412,-131.203,-249.319,-34.0622,-221.736,-17.3084,
	layer
		node -203.208,-202.015,-43.6145,249.493,-50.2158,21.5064,
endPlayer
