// Player30
stat 6
	layer
		node -34.7853,-42.0757,-29.1963,137.33,152.826,-66.8431,18.0881,-94.2372,-110.006,79.65,30.4149,-47.977,96.8594,134.753,-65.8044,183.415,218.596,53.6058,80.3019,48.5239,-49.5503,-134.432,25.8086,106.072,-178.463,-86.5474,
		node -11.3726,-31.1742,-13.4894,-64.0539,-79.1405,-102.501,17.6675,8.7415,-0.399818,-30.2711,31.5228,106.614,-81.4032,-50.4125,105.919,-115.211,-33.7402,81.2409,9.06948,181.8,14.1554,67.5014,199.364,-93.5272,-91.9338,-109.659,
		node -68.363,-69.3993,-55.2491,-51.7996,-30.2932,-25.4421,2.21117,-155.562,-88.7934,-72.1397,12.354,-33.2013,-26.4647,-107.721,-8.59418,-10.5905,51.4649,-48.6513,205.6,57.3303,-7.74908,121.418,16.1458,103.267,-60.2068,220.096,
		node -96.106,158.538,-53.3935,82.9167,-110.92,-45.0461,-78.3858,-43.8187,-21.3084,-66.4321,208.01,202.834,-0.994375,70.5885,38.0178,-105.677,8.50961,-20.7655,93.4566,-31.1027,-99.2423,14.4904,110.528,43.945,-102.701,17.0229,
		node -26.5696,-13.3505,-46.3638,-34.2125,-138.113,54.8011,86.9571,42.9095,-99.4702,-90.7063,38.1654,-97.735,-131.559,116.104,28.8081,29.1719,-103.74,101.208,51.1389,-36.316,-36.3902,-89.0969,-32.0212,91.957,-1.50133,-61.1301,
	layer
		node 112.938,-38.5589,-34.5878,-31.042,90.0302,-43.9369,
endPlayer
