// Player1
stat 6
	layer
		node 66.1142,51.1075,-9.8722,-36.7231,25.851,-78.1648,110.323,53.684,20.5803,-62.4626,-63.0639,61.2582,-74.0785,-0.82767,-0.120322,-10.5405,-11.2994,78.0413,-30.4282,-32.9818,29.0778,-90.8893,4.36985,2.94676,16.2104,-13.3711,
		node 15.5436,28.0991,-5.24723,6.73231,62.6409,-93.4399,15.6927,-48.5668,-69.9964,-5.99224,-51.0349,-189.541,122.775,15.2819,59.6315,15.5025,-13.5584,-47.7588,28.1842,53.2745,-3.49835,-139.581,-115.852,-97.7923,-98.7322,-88.6237,
		node -51.1552,33.0903,-14.1113,-29.4949,-40.3792,73.3714,-48.8615,-73.4397,-67.6449,-74.7226,39.173,6.96409,-87.0386,78.0403,31.1377,-154.719,-134.109,-31.2361,-96.7313,-72.1592,62.079,26.3558,28.3768,-13.7767,-23.5701,37.7893,
		node -30.7403,-40.2965,-19.0437,-68.9466,-2.32458,-69.3609,-118.213,-38.3883,49.1126,-59.6401,50.6684,-73.6051,-107.151,-3.88168,-145.9,-12.0892,-16.597,-98.0968,-3.82054,48.3544,-11.7495,-45.7598,-32.7358,124.509,51.4597,-145.377,
		node -33.2618,-2.34492,-70.7196,-130.731,-10.1626,57.2814,-33.8095,-212.606,-89.2482,-18.4794,1.36615,-77.385,-72.9384,-29.6127,-105.48,-90.8367,2.83264,-22.3973,-82.5281,-55.9858,-93.626,-10.5598,28.8326,89.5109,-96.9889,-105.256,
		node -75.3023,-52.9624,27.0376,-149.541,-25.9797,1.0938,65.2585,-10.1249,39.1132,-48.6176,-29.838,21.1905,23.5596,-79.1026,-75.8683,17.0774,-29.8349,169.798,62.205,1.40423,-89.1133,-85.793,-14.8417,12.1203,99.5522,-81.499,
		node 22.905,26.3582,-72.9411,-62.3733,-28.6254,-76.1212,83.1385,6.33954,-86.3922,-72.7384,-6.59764,66.8312,31.4372,-10.9389,3.85404,-9.58328,-60.932,-87.0635,57.7344,-148.112,-80.7926,8.11621,-32.4613,18.2473,13.0059,-52.5118,
		node -18.8301,23.4748,-59.7865,-19.5759,16.813,-16.8583,97.1084,-75.6706,-19.0686,-70.9375,-2.16928,-85.9198,-5.03289,-42.0385,-65.9582,-20.6532,65.949,-133.388,30.3815,-22.1446,-38.031,-37.1585,-87.3044,8.51145,-56.5673,-81.7808,
		node -35.6973,18.516,-155.364,-9.73007,88.9391,25.8975,61.8483,-88.5405,32.6366,7.34939,-80.349,-36.8527,-7.56805,15.0912,-42.0891,33.873,-105.648,51.7007,75.884,9.3671,22.0049,2.2997,-21.5157,-135.873,-5.72981,-36.1124,
		node -10.9467,4.4686,2.60449,62.8652,-95.9209,83.8458,-75.5458,28.8148,26.0551,-69.7813,-92.6391,-15.8793,-22.1446,-45.3022,-29.6625,-99.5749,16.839,50.1947,-92.2196,-84.0591,34.0049,-14.3959,-109.739,75.3047,-70.3608,28.3189,
	layer
		node -66.6744,-27.3873,-30.6563,-76.0097,13.963,-82.9696,70.5885,-13.8805,52.636,-92.1814,-21.1155,
endPlayer
