// Player76
stat 6
	layer
		node -143.028,45.9865,-2.82685,-139.126,52.2656,-78.2821,109.793,59.2079,-12.6248,-58.4715,60.4832,37.7583,-82.5403,-4.56417,-81.5369,39.3712,-9.02587,-16.4055,-47.4104,-50.5196,-46.2429,-123.776,-12.9939,-110.148,8.55107,-10.7845,
		node 17.5828,8.21675,-106.615,2.65829,60.1153,74.1875,19.1219,-31.1662,-29.3229,2.4313,-73.3926,-29.2841,98.4827,6.90271,74.6981,12.32,-16.0123,-32.1475,24.8019,49.8469,13.4311,-144.001,-118.555,-70.5678,65.4623,-84.3232,
		node -49.4321,35.7099,-8.28788,-131.762,-42.5806,60.5841,-34.7479,-126.884,-86.8453,-65.8488,28.9626,21.7087,-94.2374,67.8497,46.2677,-153.922,-132.442,26.7491,-155.267,-69.6953,-87.2896,23.5856,-42.7097,52.6022,-71.7113,23.6736,
		node -26.0753,-162.891,-15.781,-88.8036,-77.5233,-56.3606,-37.9869,-46.5099,76.8238,-27.9191,10.188,-75.2752,-126.298,-5.33927,-151.758,-9.093,11.3055,-91.2583,-7.66637,77.8719,49.4421,-58.0626,-18.012,101.789,35.8869,-150.139,
		node -37.0759,-4.08385,-65.5522,-134.697,-83.8428,78.3833,76.8238,6.45248,-73.9895,-30.9972,-7.62661,16.0974,-53.8393,-137.16,-52.3434,-17.9219,58.1963,55.3715,-94.4897,-57.0306,-87.2658,-16.4706,52.152,93.254,-101.413,54.6412,
		node -81.616,-47.7091,-99.6507,-158.078,-22.7787,-15.5672,65.2531,-0.549499,42.0803,-60.7108,-39.3543,-110.532,16.0128,-82.3856,-77.4491,-150.007,-23.4284,196.48,34.9295,2.62816,6.10151,-101.381,38.7329,-42.7597,80.1998,-83.5552,
		node 18.2417,-26.0476,-82.9426,45.7412,-26.2607,34.9069,106.155,3.57632,-50.3445,-78.7137,9.64636,46.7208,56.8475,-1.10801,17.1774,60.093,3.10468,-102.637,17.9942,-140.607,38.4628,-7.16189,-48.087,-4.51171,23.5684,-48.9718,
		node 46.0549,13.6369,-56.3578,-58.1435,17.243,-38.9476,87.746,-71.621,-38.5261,104.476,-9.24985,-92.7578,3.15847,-8.5661,-68.9487,-39.4626,-79.0581,-123.563,32.7973,-54.3382,-27.8931,140.353,11.3814,59.7313,-86.6562,89.9885,
		node -33.3767,-0.766526,-54.3709,-6.91374,89.5342,25.1335,89.1408,-92.4361,33.9607,8.072,-73.4861,-31.9239,32.6157,41.9095,-36.4583,30.0844,-69.7877,43.6728,86.0418,11.7424,26.2235,1.59094,-17.2996,-123.204,-1.04281,-89.2338,
		node -15.9964,2.29043,-4.26999,74.1597,-77.174,80.0302,-57.7098,30.7335,43.9148,-68.0918,-94.8017,64.405,-27.6465,-44.2898,-82.6619,-33.4702,29.1098,50.1302,-88.8288,-1.50167,43.7103,-21.2023,-120.494,-76.1898,-74.1936,34.8824,
	layer
		node -22.1429,-31.1406,-15.8335,-24.4159,-71.216,23.2321,32.5428,-80.2912,-35.0523,76.0306,-34.3914,
endPlayer
