// Player39
stat 7
	layer
		node 63.9825,43.3272,-103.795,-128.27,28.4195,-74.7635,96.4634,-217.207,-11.3661,-50.006,-21.9809,25.1403,-75.9425,13.1058,-56.0746,-10.1347,-14.255,-12.4428,-53.7093,46.7376,21.2999,-110.096,36.2834,-2.42247,16.7369,-76.3094,
		node 22.1949,25.7795,-23.0492,25.7578,64.4849,73.7372,28.5924,-27.1277,-22.5457,30.745,-58.9431,-168.194,125.278,6.78808,-20.7547,13.6965,-16.1273,-45.6823,34.6987,51.568,-11.5506,-150.975,-110.683,-116.609,-80.781,-103.371,
		node -46.2074,36.5795,-13.6032,-22.573,-49.4917,64.4329,-30.3444,-132.569,-94.5276,-76.662,5.14614,7.55465,-96.7865,79.0614,37.5488,-152.55,-133.164,-44.9466,-153.127,-90.6442,-88.1801,-82.1146,29.1376,-20.7269,-17.0953,36.4179,
		node -24.8201,-16.2154,-78.465,-85.242,9.46732,-80.2962,-92.028,-41.0447,-67.6363,-37.7678,50.7711,-72.8743,-116.485,-2.506,-135.709,-9.01207,-16.3822,-97.6707,-129.218,35.9603,37.3933,-48.0418,-25.9668,124.33,41.5368,116.047,
		node -32.5632,-13.4718,-63.4414,-121.517,-79.2577,97.6247,-34.5479,-211.164,-79.0084,97.2425,77.6268,-41.9472,36.6547,4.64881,-104.492,-11.0929,76.3708,-6.3106,29.4554,-53.499,-92.2036,-17.3256,38.8883,95.3281,-101.996,-30.0723,
		node -67.5079,-45.5853,44.038,-153.64,84.7509,-12.5909,65.3048,-2.14163,32.2173,-20.9874,-19.5249,52.5549,11.5238,-57.123,-81.0387,-146.852,-29.0834,174.623,66.2646,-110.655,54.1553,-90.0129,33.7664,10.1587,98.994,-87.7418,
		node -7.9708,-21.076,-75.8939,43.3466,-24.8711,28.5322,78.6095,-3.46749,57.6215,-65.6945,0.119245,15.3673,3.38141,-11.9654,0.135645,-17.5876,-56.4748,-69.5441,2.68471,-0.438299,37.0123,-125.522,-79.9624,16.6574,3.37662,-54.0861,
		node 53.6988,-8.38851,-31.6771,-70.4032,26.3122,-34.2043,-87.1671,-71.0106,-6.05752,-152.463,-7.87142,-84.0214,16.7241,2.6931,-77.734,-22.6473,-50.5562,-129.068,8.33257,-45.8424,52.5593,-52.8637,-89.5192,65.229,-39.7876,88.0349,
		node -36.3158,-4.6426,-147.154,-1.25326,-16.1591,26.3738,117.438,-90.7834,32.7084,18.9856,27.119,-19.0231,-2.51598,18.0872,-27.6168,35.6938,-20.8345,38.2939,-2.0954,13.5364,12.0291,20.9294,53.8474,-140.695,39.4182,29.8856,
		node -12.3212,12.7773,5.4131,62.4335,-83.4728,84.1966,-63.7048,44.2001,29.6203,-54.5434,-123.342,-16.2985,-26.0272,-83.9483,-23.0016,-32.8252,-3.58137,53.8053,-88.8243,-81.8425,33.8016,-19.616,-121.778,85.9635,-54.303,-22.5515,
	layer
		node -75.5222,-25.8954,-60.513,-38.8943,8.47889,-81.0997,95.2043,43.5159,80.4443,5.07928,96.4634,
endPlayer
