// Player60
stat 9
	layer
		node 63.9595,10.0011,49.1483,-99.9362,54.726,-80.4343,105.318,83.5006,-2.79392,-71.8725,-17.0329,81.1209,-66.0265,-118.718,-51.1312,15.2623,-37.0412,-15.409,-40.4179,49.3631,-47.9271,-85.8072,3.22188,1.07729,78.916,-19.1949,
		node 9.61256,31.1633,42.2267,-2.80211,68.5554,57.8983,0.445678,-24.1969,-13.2543,29.287,-63.1246,-171.756,130.801,29.4362,87.3303,13.4967,-19.9304,-62.1643,17.337,52.0716,58.7671,-132.515,-116.473,-93.4765,-84.6171,55.2281,
		node -52.3254,26.8041,-36.3872,-36.1256,-32.8186,72.2942,-19.9396,-122.979,72.5213,-0.423823,24.614,4.86119,-88.7001,67.8238,45.9821,-175.485,-112.963,88.0317,-95.6552,-58.9008,-95.2166,23.5878,-53.3168,-20.1167,-47.7762,31.8391,
		node -14.5806,-30.6398,-81.4684,-87.3668,3.35989,-56.2651,-111.6,-59.01,-62.5189,-58.3824,57.7099,-84.4213,-108.36,3.51534,-145.855,-9.60534,-3.36114,-98.6348,-157.284,75.9531,-26.7874,-55.4813,-14.3988,97.567,56.5349,-136.657,
		node -30.6605,57.2767,-28.2722,-137.627,-73.9375,71.6547,-24.5987,-5.3981,-83.9203,87.0567,12.6329,-41.0857,-53.3159,9.895,-76.6789,2.99902,60.9041,-7.21135,-95.9511,-53.6246,-92.4974,-20.5379,83.2333,86.638,-102.582,-107.533,
		node -23.8621,-45.6695,47.822,-126.568,75.9805,-25.0676,73.0692,-9.35224,44.6648,-22.7664,-20.6219,24.7573,12.9337,-50.6302,-64.7303,-31.7739,-23.9522,177.423,-39.3092,-101.817,-101.25,-92.9688,39.282,11.7055,102.474,-73.3282,
		node -129.875,23.3736,-75.5511,-51.7714,-28.5596,-78.5356,84.3467,4.9413,-86.714,-83.2134,28.7985,56.4851,65.6672,-9.21218,10.3671,70.9409,-55.9613,-79.1657,-10.7289,-146.014,16.7288,-124.111,-49.5991,-14.1874,15.1716,-66.0472,
		node 49.9987,12.2384,-55.8421,-74.7343,39.2687,-21.705,91.8972,-71.4967,-12.391,-136.868,-10.5631,-74.5493,6.25771,-15.328,-74.9659,-25.0233,-75.3221,-127.688,29.1291,-52.2722,51.4853,-79.4688,8.88119,-14.0666,-81.0872,-77.7753,
		node -38.218,3.30653,-163.709,-11.673,-79.5179,25.6576,113.288,-93.2399,47.4835,10.8335,47.8863,-15.2226,-5.52291,-22.5582,-34.7188,27.687,-95.0028,34.8964,-49.3651,29.3383,15.1784,21.968,56.5707,-138.495,39.1055,-37.5586,
		node 47.2197,-4.61672,21.6199,71.2361,-86.9915,86.2695,-59.3888,28.4824,35.5268,-72.3442,-88.3348,-66.5186,-150.291,-90.4087,-47.4951,-91.7019,2.85423,-13.2401,-86.7924,2.86046,33.3492,-30.9857,-121.738,85.3553,-68.5504,35.8757,
	layer
		node 82.7532,22.1111,-47.4041,-55.536,-29.5669,-29.5669,-222.566,-10.7901,-96.4668,-57.0995,-79.9665,
endPlayer
