// Player8
stat 5
	layer
		node 87.7971,15.1294,-99.4644,-131.224,6.71605,-82.145,117.913,80.0682,25.9066,-53.9185,-62.654,42.5443,-81.4201,-1.57424,-78.9095,20.5616,-19.8727,-10.0638,-49.2985,44.1773,28.1005,-27.1675,20.0651,23.0088,21.1605,-14.4146,
		node 19.2227,36.6533,44.5768,33.4096,52.5049,69.0809,21.0964,25.5494,-51.5026,41.2077,-54.8393,-174.933,140.955,-11.0744,60.0546,15.1157,-22.5191,-43.4876,37.4195,30.486,18.8027,-90.4065,-109.374,-73.9792,-75.8269,-83.4125,
		node -45.337,26.2401,-13.3971,-22.976,-49.7004,72.5036,-30.1692,-109.206,-54.1357,-59.7912,39.7364,16.3885,-94.8163,37.2447,45.0758,-154.106,-131.215,36.6255,-91.2796,-50.9525,-24.6481,50.5758,-52.3856,75.9988,-81.1242,-62.2502,
		node -20.4045,-15.1868,64.0351,-63.8298,5.73225,-66.8315,-97.4989,-59.2233,72.8959,-59.1617,7.75407,30.8054,-128.578,-2.72831,-138.972,-28.5364,-15.2457,-99.7614,-12.8995,35.3252,-12.7744,-57.0044,-19.5686,114.281,41.0391,114.628,
		node -50.8938,48.7389,-36.2978,-137.553,87.4787,84.4487,-26.723,0.291288,-66.7011,-12.2079,0.29589,-80.4032,-74.1798,9.5523,-81.9178,-1.58461,2.3616,47.8487,-92.0228,-52.5645,-81.8844,-23.4288,37.4479,94.9155,-81.378,-101.496,
		node -80.0199,-30.3038,30.8533,-166.149,78.3592,-14.9526,71.5775,7.75395,50.4202,-52.902,-46.3757,30.5554,7.49596,-53.2613,-56.6679,-144.031,-22.1644,179.575,35.1596,-84.2272,-98.2059,-92.0314,-14.3681,8.13433,106.782,-69.0586,
		node -4.74418,-18.5377,69.7893,-67.0345,193.244,-71.2921,113.059,-15.3673,-81.7489,-61.2855,-3.08083,12.3212,33.9159,53.4201,14.5701,-102.528,-64.2071,-72.5222,-6.57442,-2.67466,33.2846,11.583,-51.3367,3.81044,17.1269,-61.1165,
		node 51.3722,-8.74161,-43.6394,-28.1509,13.3804,45.5418,41.9941,-71.4959,-17.9836,118.588,-22.1071,-79.9331,-5.38154,-41.488,-64.089,-25.8129,-82.2329,-128.049,32.5884,-65.031,-38.1695,-87.2974,50.6448,62.7914,-86.681,85.5527,
		node -43.9921,-0.178729,-166.537,-29.4405,-63.2306,-19.9659,112.534,-84.4596,34.1296,18.7206,28.572,-24.5274,-15.6917,19.0583,-44.2183,41.4797,-95.5009,35.3297,-43.5376,19.8734,30.2406,67.3864,-6.62831,-87.2045,-6.2225,-103.893,
		node 34.2677,10.136,-14.0762,55.5251,-76.8876,98.1187,-117.93,32.1388,36.3633,-85.6115,-90.4642,-8.21375,-151.122,-88.9641,-23.6586,-44.4796,19.06,55.1089,-90.8639,-83.2157,82.0707,-16.1149,-111.774,82.865,-66.6363,37.624,
	layer
		node -139.066,-25.8688,27.4236,56.0556,27.2623,27.4236,-130.705,-89.6508,-96.8621,-49.4394,-84.1858,
endPlayer
