// Player9
stat 5
	layer
		node 70.8749,54.4877,-103.267,-130.333,52.2987,-78.0867,119.38,83.9366,-1.40822,-55.9709,-22.2766,34.9567,-81.0346,-0.732284,-50.9753,16.1178,-32.6964,-12.6926,-53.1911,47.272,-49.3749,-109.571,-32.3657,23.748,9.1014,-12.4961,
		node 39.4126,45.0809,10.9629,25.4189,57.9887,-90.7804,25.6007,-29.4094,62.1575,24.5677,-37.7933,-180.531,141.99,10.4833,-78.8279,20.1929,-10.8896,-47.9098,108.003,33.6393,-8.75509,-98.9021,-59.9384,-75.1168,64.7003,-108.817,
		node -36.5155,34.4593,-13.8765,-38.7235,-38.1582,71.7832,-29.813,-102.915,-65.8996,-73.9929,27.514,4.89261,-96.1967,49.5934,46.6213,-164.158,-112.729,30.1813,-93.5253,-49.5485,-24.0446,28.1655,-52.126,66.2098,-47.9674,38.5159,
		node -30.1292,-41.9962,63.3099,-90.3385,6.71069,-72.3311,-120.436,-60.0619,44.0863,-36.1515,50.198,27.6847,-106.275,0.326231,-140.005,-11.8252,-12.6589,-97.406,-13.7801,46.9874,-12.2762,-122.562,-20.7118,92.4108,42.5583,-142.803,
		node -36.0622,5.60996,-40.8646,-136.668,-73.9631,50.7683,-35.9587,-212.794,-92.5375,90.0006,-0.267376,-93.1856,-71.1558,-28.336,-106.088,2.59994,74.6995,-6.01421,-90.7767,-54.1392,-92.1611,-9.50869,43.3125,95.4412,-102.268,-98.179,
		node -76.4062,80.5799,54.6599,-158.648,-20.7356,-16.9677,61.7473,-12.4131,50.4011,-7.619,-51.7087,48.6083,17.3235,-81.8602,-57.5992,-138.633,-25.4379,203.53,38.1591,-111.464,1.86421,-89.5818,52.8028,4.01831,105.477,-71.6225,
		node -7.03405,27.0161,64.1825,-65.0586,-56.1273,-76.11,97.9791,5.44202,-86.6472,-76.7066,-8.3516,52.5856,32.7531,-13.2156,11.4397,-21.8674,-67.9097,-74.8046,-6.05673,-2.69847,34.3085,8.84807,-31.8759,14.6995,15.1949,-62.6589,
		node -12.4313,21.5601,-72.1869,-69.087,37.7482,-35.7421,-87.4518,-73.4031,-15.6145,111.207,-3.10235,-84.2946,5.50292,-44.4182,87.9936,-36.2492,-72.7308,-129.103,25.496,-65.1472,56.7422,-85.4332,41.6194,7.85762,-81.1348,89.2143,
		node -46.0872,3.71748,66.0209,-6.75059,-63.3661,-18.6384,129.398,-87.767,34.2887,15.736,25.0173,-29.1255,-12.8658,16.9577,-45.8681,31.0743,-105.81,50.4647,-43.4978,15.6247,22.5442,1.35213,-17.6508,-94.6611,-4.24843,-37.7933,
		node -5.81405,10.9426,18.3434,54.4495,38.7806,96.8646,-127.347,31.5242,44.6926,-83.4862,-90.076,-65.7076,-35.5259,-65.7124,-30.0537,-37.0575,-3.8803,60.5923,-79.9656,5.29929,82.2289,-23.4978,-113.557,84.3441,-67.6392,36.6076,
	layer
		node -64.5031,-89.5042,26.7361,55.1927,28.8474,58.1316,-75.3845,34.5686,-21.4087,-3.62317,-4.844,
endPlayer
