// Player54
stat 8
	layer
		node 73.6171,7.89582,-2.66209,-124.803,44.5746,-75.0609,54.6768,59.2785,23.8526,-46.7172,-18.5698,-67.042,-80.4196,-116.437,-58.0555,29.9932,-23.7549,-14.2725,-36.7244,-26.5672,36.0291,-19.7183,2.25286,-0.256178,20.6975,-81.9078,
		node 12.7423,7.36317,17.4237,27.9593,-78.6157,67.9617,11.7239,-29.2972,-61.713,-4.34761,-67.574,-150.655,135.751,20.359,100.366,32.6937,-13.2392,-31.5646,30.1003,27.2013,3.01232,-112.636,-109.516,-87.7422,-80.5331,-88.7816,
		node -47.2337,12.4158,-39.5685,-18.4846,-26.2286,71.8584,-57.816,-131.43,-60.3965,-79.4152,6.36588,30.1962,-97.7457,30.6826,34.1623,-158.076,-132.789,-43.8951,-92.6053,-70.2087,-89.0623,24.9141,-49.532,52.3963,-75.7341,42.8241,
		node -25.0882,-39.6801,39.7049,-75.3229,15.2271,-90.2187,-93.9289,-61.2639,21.6886,-60.7911,8.65322,-87.4555,-114.762,-63.4214,41.7736,-25.4013,-5.93061,-108.703,-1.01732,54.8479,-24.6998,-132.767,-20.2889,100.187,44.8242,-137.815,
		node -30.6357,4.75039,-67.3251,-123.758,-96.0013,47.9712,-28.4782,-2.5692,-77.6304,93.9533,1.28722,2.53793,-73.3447,-31.251,-59.7681,-17.234,63.5593,-5.48822,-94.3732,-52.2272,-94.9084,-18.9801,41.588,96.6079,-102.38,47.517,
		node -76.22,-35.4253,40.38,-155.06,-21.8499,-5.1031,58.8227,5.48087,43.4803,69.3807,-48.345,-105.838,13.0681,-58.7562,-63.0198,-147.82,-25.4999,180.934,25.341,-49.9348,11.8279,-103.1,47.5513,0.919312,86.8122,-88.6748,
		node 16.1076,-26.711,57.8577,51.0298,-16.9027,-26.934,99.1019,2.01883,-81.6362,-70.6622,-0.576233,46.3772,-42.0855,-8.08674,17.6144,62.3587,-66.4549,-54.645,26.8768,-133.193,38.8261,-79.5728,-54.9731,-11.4645,4.19866,-49.3272,
		node -15.1844,10.7495,-59.7036,-24.4147,24.0114,-36.2913,-81.8878,-51.6701,-15.0661,-113.504,-9.40025,-62.0864,-72.9464,-40.7278,-65.373,11.5408,-74.5981,-129.163,29.5211,-78.5097,66.6903,-47.8995,16.4586,-1.42243,-92.1456,-75.9838,
		node -28.772,-0.904705,-155.414,-13.2394,-18.7535,22.4323,114.242,-83.6443,29.5883,18.1553,46.3971,-44.6682,-7.71114,38.9697,-36.1662,24.6421,-98.6137,48.5152,79.9429,26.478,23.0911,73.3439,-0.124135,-134.51,19.2156,-43.4892,
		node -21.6097,7.99359,21.5205,-86.4483,39.38,79.4073,-73.7892,48.1939,26.7195,-70.5942,-81.815,-16.6355,-149.39,-94.8542,-36.6761,-44.094,2.55304,-78.0135,-93.7527,4.84273,41.734,-14.9023,-118.161,84.2586,-63.9126,31.7854,
	layer
		node -44.9295,-53.6344,-78.6157,62.3025,-47.6556,28.6244,62.9318,-8.46155,-90.2418,54.4988,-78.1703,
endPlayer
