// Player13
stat 8
	layer
		node 80.3078,8.5912,-12.5465,-47.1985,23.778,-74.4028,94.9191,65.8228,3.2549,-37.7809,-12.7873,72.6726,-54.9992,1.03021,-81.0195,36.6417,-21.0192,-13.2007,-36.7982,-37.8783,23.123,-111.006,-13.7304,23.3288,21.7194,-10.6718,
		node 39.9525,25.088,16.8742,26.5569,55.0596,25.3138,-91.2709,24.8814,-32.0452,44.4538,-61.3463,-180.503,99.9091,-6.15036,52.1005,28.9633,-10.8436,-38.1268,30.437,51.0457,53.1832,-133.069,-120.402,-81.0608,-80.5767,-102.823,
		node -23.7578,24.1247,-29.0942,-16.3001,-32.6347,75.9982,-59.8926,-132.509,-59.3675,-88.4079,30.6563,-55.0855,-95.8686,81.2514,37.7856,-193.693,-140.432,-43.7078,80.3186,-53.4367,-104.699,27.3231,27.1895,-24.06,-28.5694,40.5968,
		node 101.564,32.1676,-60.2687,-87.7485,19.1303,-86.5351,-93.5899,-45.7937,26.2324,-54.5718,55.1758,26.4156,-46.2789,-0.826102,45.3228,-10.6474,4.57401,-98.0847,-4.58249,73.6185,-13.845,-129.393,-36.6583,94.3305,45.1709,118.097,
		node -36.2431,5.35553,-54.9223,-143.352,-87.2931,69.4671,-38.3782,-222.193,-87.5732,-17.2732,5.02647,-67.0312,-34.0253,-29.3015,-43.9193,-23.4542,12.6018,-20.5572,-93.4617,-73.2875,-89.0006,-119.572,28.1337,112.952,-107.598,-102.622,
		node -76.1899,-60.6232,56.9709,-167.534,-19.6972,-6.97084,78.249,-6.12155,53.6789,-6.03594,-21.2328,-117.539,10.9399,-81.7081,-66.5963,-146.358,-31.2904,203.541,28.6877,-51.4775,79.716,-113.696,48.6872,10.7892,80.7749,-67.1852,
		node 41.3402,15.6482,-82.7424,52.3451,-27.5782,19.459,75.929,2.63242,-78.0795,-60.7319,-3.41039,46.1216,5.08962,53.4281,21.927,58.9167,-61.9368,-76.4871,-7.36369,-1.85946,42.0512,-75.7923,-74.6355,14.4813,16.5397,-57.5055,
		node 36.2708,-1.74083,-49.0138,-51.3134,13.8688,-38.4727,92.4741,-68.915,-21.0467,-135.729,-0.985256,-64.1379,-1.14128,-18.716,-87.3703,-2.84439,-83.9242,-116.962,40.4476,-61.6299,53.2745,-38.7611,16.2778,-0.798651,-91.4833,91.0341,
		node -53.0309,-7.12221,-162.623,-28.0493,90.6032,24.8097,114.916,-94.3242,27.5896,28.6127,39.2605,-30.8287,-10.576,8.3912,-31.4098,36.4907,-71.4233,-83.7112,82.7777,31.2773,12.7116,-13.9892,52.4519,-136.949,-3.67737,-93.7734,
		node 47.717,0.645692,-2.88234,57.5195,-88.2675,93.3318,-79.7895,55.0395,-69.2416,-84.3579,-75.7803,-20.3575,-11.8583,-84.1579,-49.4794,-38.016,7.09446,12.1796,-85.1567,-82.6785,87.1432,-21.6939,-31.633,74.9672,-64.331,34.302,
	layer
		node -13.6867,-51.1773,-51.6576,-51.0228,11.6231,-35.8781,-11.8583,22.5214,-19.5235,-2.64275,-33.7596,
endPlayer
