// Player93
stat 10
	layer
		node -141.837,5.53581,-10.2884,-53.1109,6.41008,-75.4468,106.941,57.8601,-3.88422,-58.4767,-11.1567,22.1498,-76.4907,15.2873,-66.7824,-9.87775,-19.3726,79.8178,-24.8849,-30.9388,-47.4865,-108.616,7.63871,-5.54961,7.69603,-12.6952,
		node 15.2471,40.2463,-111.748,24.2563,63.4034,-96.5654,15.9633,-26.039,-18.1208,39.0637,-73.5643,-177.403,121.992,-4.59503,82.9471,37.3256,-18.9966,-58.8777,28.1813,51.4116,65.4399,-134.832,-114.768,-86.575,-83.4189,-92.2777,
		node -19.7479,48.1321,-23.9244,-25.7944,-50.8913,68.0971,-49.7738,-75.9294,-71.7406,-78.8053,30.9511,23.3789,-93.5081,69.2378,37.3855,-189.495,-136.281,27.0737,80.7387,-53.3365,63.3157,29.3207,-45.1303,-23.6216,-28.4818,29.16,
		node -29.0126,-21.4227,-87.3344,-77.0259,10.3582,-57.7351,-91.8913,-41.1452,18.784,-60.7102,53.7884,-22.654,-106.812,0.726628,-141.74,-3.23999,-3.49542,-98.4622,-17.4887,33.1668,-13.3155,-48.0251,-37.9742,109.901,52.1569,117.206,
		node -52.0482,5.88871,-74.1224,-122.072,88.2624,48.2373,-19.6865,-218.709,-79.0361,98.1949,-6.69718,-84.509,-48.6637,13.693,-83.6754,-4.21891,14.9524,59.6105,-96.2243,-56.5743,-91.5858,-19.667,45.9158,91.2802,-98.125,-105.375,
		node -73.2162,-55.3821,62.3838,-155.784,-35.9086,-7.13497,70.5892,-14.9802,-79.9778,48.9172,-40.9038,-100.657,13.9477,-80.4544,-74.7052,15.606,-25.5255,202.236,39.5234,-83.4529,4.77847,-93.0258,-16.8758,4.03282,97.6031,-89.2084,
		node 24.2799,9.32349,-37.5914,-49.1658,-28.2576,-25.436,78.2463,-0.692615,-84.8801,-70.2749,23.5395,23.3561,34.1201,47.43,22.8861,-8.03094,-72.3463,-72.6702,18.1561,-3.58054,41.655,8.6009,-46.9124,4.82198,21.8495,-44.136,
		node -20.7625,-1.95655,-67.3267,-61.8839,24.8348,-44.7273,46.3705,-74.2088,-19.3471,109.817,-83.5287,-81.1252,-5.98055,-30.6022,-68.2282,-2.77105,-84.1292,-127.657,31.1394,-45.3876,63.5956,-51.4682,54.7169,0.117886,-54.6013,-78.5097,
		node -39.9617,2.55941,-159.937,-2.83197,-86.3053,21.3377,111.656,-126.061,-124.782,-61.4804,33.6249,-35.7183,-10.1404,-79.209,-47.9592,26.7223,-90.884,36.7925,64.7767,6.13817,24.5994,-14.1949,49.4468,-96.1027,31.4916,-91.2564,
		node -18.6079,-6.65792,0.325566,-86.169,-79.9449,91.4233,-52.3245,44.1416,-60.8367,-68.0386,-86.7193,-18.58,-27.2709,-86.5742,-96.1478,-38.8194,12.3089,55.2717,-89.4674,-83.0933,83.3333,35.7469,-31.6455,91.3734,-50.7035,31.7597,
	layer
		node -67.3267,-143.283,-17.19,-21.5095,-50.1618,-19.2733,29.2548,-23.2694,27.9858,105.16,61.4991,
endPlayer
