// Player90
stat 5
	layer
		node -51.9523,-60.4296,-24.6437,-0.506027,31.9477,39.6836,-35.4022,35.3964,-52.9655,-40.316,42.3972,12.2665,20.0285,7.13669,-15.2322,-74.4368,-3.62997,38.8182,-1.69227,0.0581732,-94.558,-23.1316,-25.8398,-79.6037,-36.4037,20.6975,
		node 7.47117,2.28835,11.4221,25.9519,43.4991,119.141,-26.6598,53.1421,91.8053,23.7689,21.1816,-10.3821,75.583,23.6613,31.459,6.09972,47.9779,-82.5061,7.95673,21.8455,5.48308,-26.8953,6.68837,-28.6877,29.4012,-26.2828,
		node 33.3262,-9.93241,8.03635,40.4595,87.0807,118.318,35.1589,-10.3451,59.2086,26.82,6.7698,12.7623,25.3855,63.4094,7.71892,-17.0515,-13.2605,31.3563,-23.66,-10.5614,23.1656,86.1824,-20.3266,-65.5278,-73.4219,17.9689,
		node -59.7964,12.2354,-60.0353,56.1777,-1.86832,32.0308,-10.0942,26.6051,22.6368,-61.2676,-10.6326,-52.7462,-33.6683,-29.6634,-32.4637,-38.5192,-32.0635,26.9564,-71.6778,-37.4623,-34.1107,8.52363,5.76639,-6.89604,71.205,-33.406,
		node 2.53703,-53.5364,14.9291,55.4049,25.8509,77.9945,-35.6914,16.0543,69.6953,-4.34391,8.79395,32.0029,43.1437,24.4026,19.0151,76.899,43.8719,-29.4666,37.2621,52.2149,10.2268,30.2294,71.2812,-3.81773,-32.7726,-66.1158,
	layer
		node -18.603,-23.2805,8.0013,6.04627,-12.7427,-53.2605,
endPlayer
