// Player22
stat 6
	layer
		node 59.8443,73.8887,-19.2109,-69.5453,52.8153,-34.3867,4.61751,-2.70733,17.4388,49.8584,41.8549,38.6502,19.6076,-31.9015,103.754,16.1778,-6.59781,-22.3127,-8.78334,-22.1629,-97.1388,57.6711,21.5187,-70.2554,-7.64247,112.32,
		node 8.87395,6.17433,6.30799,-25.5944,-54.2308,-90.5483,-18.7337,17.0428,-85.1231,71.3489,25.0608,-24.8059,-16.2919,-7.29575,-3.55484,-85.0828,37.6968,-19.1264,-1.61184,8.94152,16.7583,50.9663,-3.70722,14.8641,-52.5787,-4.99241,
		node 9.49896,-6.56914,9.07944,16.1569,-5.69114,31.3404,19.5154,-42.3587,48.9001,-55.2841,35.0473,-63.5185,34.9977,43.4633,8.72923,12.3301,-1.14303,31.875,68.4485,-15.0954,5.82912,-12.4101,-113.221,-46.0415,-88.1462,117.434,
		node -93.8904,-36.3852,34.4298,28.4379,19.8061,-40.5642,74.4175,-75.5749,16.7468,112.83,-2.66792,36.244,-17.4285,21.9872,-30.7589,-23.075,30.621,-21.3409,-66.2511,-74.9387,-26.5367,0.122901,52.0403,-8.63363,-32.49,57.5867,
		node 9.63262,-16.1524,-24.5503,-67.2473,79.2361,40.4266,32.1194,3.38536,69.8503,56.4972,-32.7578,-22.3759,46.4945,-25.2785,31.8637,4.94103,42.5464,-7.15441,31.6406,-44.8956,18.9139,22.1981,23.4221,-93.2486,38.2627,-26.3177,
	layer
		node -2.35763,-63.9989,34.0276,-14.6586,-40.0254,40.903,
endPlayer
