// Player51
stat 6
	layer
		node -26.3528,39.8192,3.85475,-74.3545,26.1799,43.3322,-10.8517,6.72981,-46.3341,-87.6528,42.5317,18.6074,-82.7151,2.79237,40.9639,-29.3166,-2.11837,-16.1936,-8.87823,-92.7175,-105.097,84.8763,34.3752,-72.3655,-7.43175,20.4874,
		node -24.2325,-18.8435,26.6137,-16.3945,-52.9429,13.2759,-90.8129,-20.5262,85.4223,-33.7101,45.0771,-17.2456,-19.4544,-101.514,0.631362,41.7343,7.44282,42.2065,14.8471,-28.1887,-3.93161,21.6262,-8.31599,-32.2296,24.8552,12.2635,
		node 4.27984,6.64313,-34.0697,74.9468,96.2131,-21.0734,84.9867,-15.7776,-0.119839,36.8302,-6.00924,-69.8868,30.9886,-46.0578,-9.38789,34.3913,6.55891,-2.47189,72.9794,-14.327,31.0406,-7.24033,4.49709,-67.4212,46.5797,44.0836,
		node 16.1117,21.3414,31.0143,38.1758,52.0984,-19.2937,63.0179,-68.4364,84.0007,70.2494,-7.50253,27.0709,-19.5417,28.7694,15.1349,-25.8435,-33.0581,117.676,-70.3856,26.5103,-69.3885,-75.8277,-61.5724,4.02749,-81.3982,7.31257,
		node -4.79866,-63.2746,-13.4857,70.7024,85.072,26.6559,-76.9937,-16.3994,64.412,-43.7655,-33.7659,35.9882,-28.4754,3.31112,27.8645,0.730185,83.5034,-8.79093,-38.0387,66.6292,85.8667,30.7257,17.8379,-28.6713,39.4787,-71.2627,
	layer
		node -17.7558,80.7241,-8.84734,-71.1654,-38.9174,83.8446,
endPlayer
