// Player64
stat 6
	layer
		node 126.917,-5.78754,10.6098,35.2394,-13.2528,-2.97053,-32.6347,-146.562,-5.95502,62.9486,-110.208,-2.30538,-23.599,-11.7903,40.9182,-4.73469,5.87966,-130.689,3.98649,-35.1855,28.0066,55.8542,-32.7067,-28.8184,-6.65709,-181.163,
		node 22.8371,-48.1561,-7.71135,-19.7714,-44.1846,160.678,-7.62538,32.7667,52.3798,16.8434,0.949979,52.1363,-10.2946,-36.4855,-70.5506,88.2884,-54.4651,48.4354,3.26636,77.6925,1.20519,51.5665,-17.0178,-74.4226,5.70899,36.0105,
		node -15.6734,72.839,24.2388,25.8737,-37.5249,-111.316,-51.1465,12.2043,19.7484,63.1605,41.888,-13.2484,-29.6096,-7.74518,-6.39998,11.3616,-73.4041,74.8952,-12.9425,13.7177,-7.21993,-46.0485,1.06064,-23.3631,-59.9139,5.42652,
		node -6.89304,-123.471,-34.6843,-12.6281,-21.8664,-35.8233,5.46302,26.8651,-11.4246,-21.9036,69.9614,-36.2135,22.6507,19.217,-44.7861,1.83839,28.4037,82.3668,73.2672,-49.2272,-45.0749,11.1893,44.959,-6.5061,42.4402,-16.6552,
		node -0.66019,-43.9583,76.7761,3.99985,24.2468,4.58409,-6.85425,-37.3514,167.852,-70.1949,15.8343,13.8728,-36.8225,-114.225,-18.8669,50.2039,1.57281,-51.0266,36.8803,24.3911,-2.53863,35.1073,15.6519,71.175,46.8611,54.8477,
	layer
		node 15.559,-60.0293,-6.77742,21.7731,-5.44581,9.02991,
endPlayer
