// Player32
stat 6
	layer
		node 130.708,-37.5073,50.0623,33.5611,-20.4944,-9.46098,-25.6116,25.8771,24.3196,5.0005,17.3405,-62.073,-15.7026,4.18633,152.354,0.461636,11.5637,-137.137,-12.9137,-4.96857,45.8604,61.0686,11.1725,-78.6129,-11.3839,-185.756,
		node -42.6437,13.9397,74.3744,35.7574,-44.7017,9.86314,0.805551,28.6616,-49.0112,14.8873,-3.39601,10.0326,-45.4692,1.98662,-1.4813,36.1558,57.2543,53.1944,-3.96351,-16.205,-0.722666,54.5948,76.6562,-71.6662,23.8493,-8.11951,
		node -16.172,21.9387,33.6884,-0.779068,-48.2356,-21.6348,29.5282,35.9092,12.5448,3.45706,79.9746,-8.78578,-64.5561,-90.8272,-28.1361,-8.76434,-71.5674,-0.406534,-72.7628,33.0038,20.38,30.9713,197.256,-38.3879,-63.8164,-7.78833,
		node -14.2408,54.6701,22.4402,-26.6965,-27.6551,-45.6614,-134.862,26.6166,-17.9404,-4.31545,52.2308,31.3413,29.9768,27.4458,33.9962,20.2035,14.6064,52.7552,70.9028,-29.2519,-38.2964,-1.08788,49.8511,-18.3123,6.90701,-49.0346,
		node -59.8027,-17.3366,-13.331,7.89033,88.2456,8.3491,-169.632,-26.1579,182.989,-9.22471,-48.354,7.29207,12.8284,22.9105,-9.17619,57.4453,19.903,-201.786,-8.68413,-60.2831,35.8245,126.126,21.569,81.8209,50.5989,5.02065,
	layer
		node -2.31945,-34.7863,8.60748,16.4138,-197.084,-15.4687,
endPlayer
