// Player58
stat 7
	layer
		node 109.485,123.422,4.40976,12.0567,-2.88479,-2.34709,-186.516,-70.479,3.05841,3.08942,-2.80903,-49.2824,-17.2564,3.07926,51.1328,9.41515,3.56321,27.8832,3.11561,-60.4661,137.786,-87.4927,5.49599,70.6491,-1.96635,31.4552,
		node -25.8223,-26.2613,70.619,-114.127,-63.7279,7.63793,-10.7734,41.399,-41.6949,-24.3659,-15.1133,-11.1394,-7.49933,-120.406,-78.6908,49.7926,-10.6319,44.6045,46.9565,-9.37997,127.428,10.1242,4.20785,31.5249,22.5498,6.82693,
		node -6.73332,-16.7725,25.8863,-11.6196,-20.6028,-23.0758,190.236,8.72654,-30.3717,15.5543,-36.294,-73.4072,-86.3001,-6.0309,15.7294,7.81586,115.186,55.823,-57.629,33.7365,-24.4163,17.9202,-6.9362,-101.571,-60.2871,-47.8266,
		node -17.2204,56.364,-27.0512,-16.596,-22.8546,19.6129,-0.281571,14.3591,-12.672,-14.7319,68.2341,20.8973,49.2205,26.3081,-36.8794,16.7512,-26.6042,86.3622,-58.9627,-54.7812,34.801,-3.3717,47.2376,-3.89523,36.7802,-11.0345,
		node -5.72782,144.079,-13.4908,54.3797,18.4177,20.2585,-9.05167,17.9606,191.546,19.6818,-49.1048,-38.4678,51.671,-7.82788,-178.462,106.399,-60.5098,18.3395,37.6084,30.0402,-6.78676,45.172,16.3295,68.2997,0.00117392,65.6364,
	layer
		node -4.79902,-51.3215,-5.10817,3.33599,-50.875,75.1112,
endPlayer
