// Player88
stat 3
	layer
		node -34.9073,76.1233,27.3735,-7.34745,51.2794,-22.004,10.8784,-81.9265,76.2725,24.0861,-7.36041,1.37769,34.8861,1.62427,2.83691,-22.1091,-44.1413,52.3434,-27.5446,-19.5645,95.8236,32.1026,-4.13433,-44.0226,3.1288,82.6863,
		node -27.8005,-70.2327,21.8184,-10.8082,-25.9265,53.5656,9.68963,-23.1307,9.85923,28.913,-13.1656,-39.558,44.9995,2.71987,33.4295,-71.8611,14.9179,-97.6764,-21.3522,-21.1632,50.6536,-82.3568,-84.1187,16.0974,-19.649,-34.6332,
		node 22.1714,5.76316,-32.0595,-8.50853,-16.3441,-7.47055,-1.68807,-27.4243,0.118827,-55.3336,2.57463,52.1576,37.9038,-11.9615,6.27338,-40.9246,-2.41587,-103.311,-3.16811,-9.87316,-42.846,13.5785,9.74506,13.7344,22.8593,-12.5183,
		node 50.8417,-77.6133,12.429,38.875,26.7004,-7.72507,5.84053,30.9148,-53.5796,9.30937,59.9147,15.5862,-17.6456,-0.0827345,87.1277,45.3057,63.2732,2.66127,28.4413,-48.1489,-28.8218,-77.127,1.39283,20.7608,-76.5092,-46.2303,
		node 11.4918,35.8303,35.1869,36.2514,11.061,-62.7325,-46.4941,5.27439,12.4755,-31.2472,61.2231,47.5669,9.29878,-26.3689,30.2222,-7.47797,61.0928,2.33725,13.2264,-27.2777,-22.7718,4.53712,61.5732,22.4856,9.48449,17.5039,
	layer
		node -22.6457,35.0385,6.50583,5.35109,-36.712,-39.4022,
endPlayer
