// Player46
stat 6
	layer
		node -37.7051,-53.3889,20.2629,-34.0182,-14.2947,-16.4641,78.8371,-15.6796,-28.3624,19.0168,-79.2047,-46.1798,48.6552,-7.35807,6.47215,-17.7863,-16.7287,-28.4564,-31.3972,20.8857,97.867,-53.1599,-10.3466,-39.9667,39.018,-14.3547,
		node 22.8015,-19.5082,20.0585,64.9887,-83.9789,46.103,54.7842,46.6347,-71.0285,37.0961,-93.0535,47.8268,-29.5018,18.136,32.1978,-23.1912,-77.221,-67.9548,-98.9086,25.9008,-14.0462,-11.8425,-91.7055,-41.9174,-20.4362,-16.6772,
		node 15.4893,-56.4232,-35.3978,51.2259,33.2449,-80.2939,-18.3506,48.1301,19.1624,-7.47599,-105.463,11.0918,40.3536,-4.20213,-73.5448,-36.3754,34.8751,100.433,44.6486,-14.8188,-28.0407,-32.2408,-25.6324,2.30529,-19.7272,-81.4683,
		node -22.6441,-69.0419,-54.512,-15.8465,14.0048,-10.1193,20.2436,-50.8442,25.5236,-0.466248,-10.7146,9.95494,45.6316,28.7354,6.38071,-9.00241,15.3588,3.65859,31.6741,58.6161,-7.81877,64.2435,1.42816,-6.912,-14.4019,-45.16,
		node -71.1668,-24.6118,33.0439,-68.9674,-72.141,-1.76909,70.9716,-5.91957,-1.74466,-4.16885,68.0683,32.1877,-75.0784,-26.3751,14.4057,-22.6512,18.7893,1.19708,-8.67756,3.82149,-20.9577,-56.1693,-47.4966,126.41,42.3239,-4.64982,
	layer
		node 23.2762,-20.1011,11.7918,18.4608,-57.8921,50.279,
endPlayer
