// Player65
stat 5
	layer
		node 45.0095,16.2788,-67.6421,-20.3951,-15.9768,-76.6463,20.3373,-27.0662,-29.7626,7.57319,-6.50485,-32.7104,12.5202,-22.5576,12.4018,9.76223,-16.9175,62.0095,-17.7793,16.2256,94.831,54.4545,-9.92958,-35.327,24.0641,43.4145,
		node 25.6889,-40.9306,20.203,21.5829,-76.3399,53.0072,54.2223,25.7216,-0.80061,29.5362,21.6248,-5.47846,-34.0135,22.6593,31.0172,-26.4218,52.3409,-26.9994,-102.317,-17.7166,-16.4792,-17.279,-13.6432,-41.7635,-19.5566,-24.1523,
		node -12.1555,-0.172338,-41.1986,60.4921,-16.0231,-27.829,8.27526,38.1165,1.21794,-46.5762,-6.5136,-12.7958,-48.7968,-4.99333,-85.5834,-9.12057,28.8214,100.604,45.3722,24.1048,-29.015,61.5496,-23.7446,0.580455,-9.99011,-72.5768,
		node -19.1257,-68.5672,-58.8145,61.7545,23.275,64.8106,5.76483,-53.0874,37.4417,7.51663,-14.1333,-9.81279,58.9758,12.0803,-15.7586,54.0477,-27.2446,-21.4704,22.6634,-9.76569,-26.5945,-93.6158,2.57446,-3.88947,-84.205,-48.4053,
		node -68.3419,-26.0617,43.5579,7.92516,-67.2641,12.457,0.756708,-4.45608,-1.01231,-5.06074,65.965,-35.5166,-73.2424,-23.5893,23.8643,34.797,16.9855,8.8412,-28.7349,6.87135,-17.293,42.1008,-64.277,121.212,42.7968,4.39983,
	layer
		node -13.8147,22.2944,61.8674,-43.4071,53.2227,65.9939,
endPlayer
