// Player90
stat 5
	layer
		node -30.66,55.3473,-6.59267,-20.2318,-13.0576,30.8119,19.7514,8.451,-49.7826,-0.176074,3.67107,-20.9856,39.3408,11.0118,-1.85138,-17.0317,-2.71021,28.5237,-21.0454,22.7592,33.5918,-62.6643,-7.28081,7.06437,2.68726,-14.6755,
		node 25.0238,1.18824,18.1255,11.341,-32.6614,21.5879,5.36039,14.0535,26.2374,37.781,-94.5191,12.6507,-74.2841,27.2191,8.25945,-16.2109,-71.1166,15.9017,-10.1771,-18.7855,7.67056,13.3452,-14.6889,16.1108,-18.5806,-14.8706,
		node 28.8114,-56.7502,-36.5567,2.60394,-42.6912,-22.5297,-23.5883,-53.256,3.77722,-11.5531,9.56769,-5.98213,19.2675,7.45371,-85.035,-3.41513,19.0341,29.4286,36.3213,-24.6885,-41.074,19.7233,-0.203679,-11.3679,21.4013,-13.4648,
		node 23.1766,-70.7499,-52.921,79.8705,16.8325,-2.14331,4.93408,38.6299,28.325,-4.66062,-41.2955,1.99625,23.4621,-66.4078,-40.1748,58.3898,33.3819,48.4803,-3.90766,11.2858,-27.1776,26.3199,0.146123,-28.3751,31.6994,-22.5166,
		node 12.5663,-60.5957,-5.8729,-62.4593,-74.9356,-40.9391,16.4859,48.7026,22.3376,-30.3543,-6.15273,35.711,-69.7935,-22.0932,-34.224,-4.95413,-24.3595,1.55456,-13.157,56.5182,37.6617,55.9918,-55.3374,-63.9091,42.0134,-37.7423,
	layer
		node -17.6604,-98.5997,3.82487,0.348445,6.24982,2.54,
endPlayer
