// Player76
stat 5
	layer
		node -36.5042,3.12903,-66.7352,46.0918,53.7257,20.3249,18.2889,-57.9826,77.7697,-2.48123,21.1632,-9.07631,36.9353,18.8541,12.4302,-7.72699,16.4437,-7.81916,-4.22081,25.2052,73.1677,48.1783,-5.50814,-43.7283,15.2599,-51.8368,
		node -40.2084,-24.5365,-28.1664,-1.76097,19.2774,53.9629,7.07959,25.9338,-3.99559,48.2134,-6.47684,-53.5702,-41.1174,-8.20637,-74.0324,-15.946,50.7569,-26.27,3.45494,20.8795,22.5105,-29.85,57.0418,-7.02152,-6.14378,-24.4143,
		node 17.4345,2.82512,72.1219,-19.0903,30.7671,19.2333,26.2006,-2.3313,28.4212,-47.7404,9.18243,-31.6576,-2.68925,-55.0618,-87.5077,-7.88112,34.8563,-77.1579,44.2898,56.3348,-18.1199,-8.69784,-1.43261,3.93687,-12.1586,-48.5373,
		node -43.4731,-77.5276,-8.3758,62.7435,21.8761,67.5584,34.6737,-57.0415,43.6393,24.1315,-2.77814,-16.8778,30.1682,34.47,-29.0221,51.118,29.9195,-102.308,28.6122,53.026,-26.0751,25.2641,-16.0445,-29.8435,-33.3995,-45.1992,
		node -69.6666,34.0217,44.1858,-0.490476,-67.6734,2.09718,-57.0163,-0.422928,6.31462,-38.6193,64.7637,-35.6642,7.40838,-32.3377,18.9649,-18.8418,47.8704,7.74002,-28.378,6.7664,-4.56023,3.0598,31.0164,119.293,1.30617,21.7906,
	layer
		node -31.9333,-37.7574,20.2247,14.7635,-0.933463,23.1578,
endPlayer
