// Player6
stat 4
	layer
		node 82.1407,-5.90276,-49.0436,152.401,0.0124368,166.487,72.7815,-80.1913,1.11458,20.8187,19.488,-6.96781,-35.2693,150.244,41.9942,-83.6437,103.205,-81.2158,-28.7753,10.889,83.434,-113.21,31.2978,-62.7744,-103.815,57.6355,
		node -87.832,145.543,104.949,-134.083,115.184,32.2946,98.6808,-25.3724,-26.0786,6.59792,57.7848,3.88606,-67.0032,58.9883,26.6684,-22.6395,-69.2806,-5.14789,85.3589,59.4797,37.4105,80.5881,30.5609,-27.6681,-3.90565,12.9334,
		node 0.442316,39.0172,10.4701,-7.67817,91.306,-79.8068,53.7868,13.9606,-61.7529,35.1019,-115.344,6.53697,48.4612,25.383,125.023,94.4915,76.7663,-130.328,28.3015,-0.229267,-76.3085,-27.7507,-129.128,-55.2441,8.57794,-102.407,
		node 25.0104,46.9779,-55.8396,13.5129,-39.6665,13.4699,3.79727,77.8649,28.1968,3.31989,-90.7448,32.8195,-61.7908,1.54508,-37.7645,11.8205,-56.1051,31.9471,64.5763,143.744,92.7155,29.4082,-140.569,26.5439,-47.7718,-56.8606,
		node 57.4134,-108.4,3.17687,-129.795,-18.6697,64.2396,39.4053,-33.2284,135.488,20.0245,-16.93,61.7926,6.49036,229.994,64.8328,-3.82046,-89.6742,48.0531,6.14293,50.4449,75.7512,-14.7748,-114.043,31.5766,14.1041,-27.8093,
	layer
		node 86.9818,-12.1848,50.0417,-57.9747,-3.72463,-68.4299,
endPlayer
