// Player43
stat 11
	layer
		node -67.774,20.1818,47.9048,18.3782,55.1385,15.011,-99.4362,-63.4511,13.5013,-136.695,-1.08621,-81.4345,-24.1544,-17.6094,98.6508,-44.1144,33.4801,12.5187,23.1798,3.46082,20.9193,1.25415,-131.12,-67.4306,160.699,1.71418,
		node 20.8218,142.813,-123.524,-124.327,-129.155,-33.3302,-46.1993,-19.8344,-58.3058,78.8366,41.9377,12.3749,27.3663,97.9961,-67.3522,-20.3946,-51.033,-2.0098,80.1076,68.3554,3.84934,21.0529,41.563,-35.6686,-20.2695,-32.4993,
		node -128.892,147.694,-112.534,86.2242,103.239,-77.495,-69.4389,-16.9075,20.1088,8.45107,-113.263,30.5611,-48.0166,12.6958,6.573,56.1182,8.54607,-5.89792,55.5267,-11.6794,-121.43,94.2169,-41.5484,37.8297,-2.32365,6.36359,
		node -122.6,68.167,19.0048,5.3309,-16.2877,-38.2076,4.53421,-3.34291,-21.8735,-60.5142,-50.7313,41.4395,-61.0322,91.3522,-14.9542,18.3311,-61.9481,2.90724,40.4779,-74.9847,77.8628,-23.342,58.1116,50.6452,-109.337,103.694,
		node 24.0554,-6.35335,-94.3503,110.08,57.0384,15.8857,36.7105,97.9294,-42.5824,-100.786,-57.1061,27.7098,11.0053,-92.5662,-20.6919,1.14562,16.3388,34.9198,25.3972,-36.73,-55.9847,-38.2659,14.937,31.8398,-101.024,101.418,
	layer
		node 45.3724,26.5896,-27.2507,7.1999,-123.846,49.2526,
endPlayer
