// Player19
stat 8
	layer
		node 1.09281,-31.1055,71.9078,17.4056,-104.395,13.8821,72.6923,-72.0545,45.649,39.8998,7.87925,-121.302,-29.6113,130.072,17.0048,-55.1237,106.071,65.1746,46.6908,8.81849,12.557,104.142,-38.7979,-61.0393,6.97136,6.91165,
		node -70.8381,86.0123,-9.53373,-114.915,120.895,-7.22469,-117.111,-22.5018,-58.759,-33.6429,1.67811,18.6095,4.73107,-2.37595,30.2865,-84.7314,-84.2958,-2.55839,-21.4425,73.2184,-18.6017,74.8669,46.1258,-21.0192,-2.70507,-30.2304,
		node -134.26,39.8494,15.0829,73.9053,100.254,-93.9166,66.2414,-122.084,5.23333,201.825,-70.2966,-43.2727,49.3457,-26.8131,6.66607,-132.345,74.6871,-23.0453,-2.30332,-114.997,81.6986,99.3221,-121.49,-34.0193,-68.3519,-0.779284,
		node 25.0189,63.8608,-24.5922,3.06534,11.576,-59.5081,8.32003,-53.9861,-20.4968,28.0308,-70.1336,9.65895,-70.8293,82.2825,11.5469,5.89593,61.7671,16.4072,61.0475,53.171,83.5328,-26.8842,12.5009,19.7391,19.2217,-52.3542,
		node 66.1119,1.45886,9.34395,106.461,63.4895,-26.1749,72.1204,-34.3465,-35.5968,-22.9607,-123.405,-5.47082,-22.0885,63.3668,-14.164,-5.91896,-74.3705,-140.071,-5.93083,-23.9107,-38.3464,70.542,28.962,181.508,-12.3144,-0.386984,
	layer
		node -137.573,15.4978,18.4708,-120.711,97.9902,-65.4475,
endPlayer
