// Player91
stat 9
	layer
		node -57.296,55.5734,-65.1368,-39.3405,-26.8272,-49.6725,52.5693,36.4973,-26.153,-95.284,-3.66598,24.1278,-69.6789,3.87718,-9.12456,-5.40501,-46.5351,47.9695,-25.5788,-37.9466,1.07977,59.3495,-83.5396,-55.2062,0.253738,19.5794,
		node -36.6336,10.1638,-27.3733,-31.6956,28.2266,2.86489,-70.9534,-1.08973,-80.3633,-81.3466,-35.9704,21.6909,26.96,-30.0655,5.77908,-23.3944,32.5697,-14.5054,53.064,62.7647,47.6982,-8.14672,-76.6746,-79.4581,-33.8552,12.9607,
		node -22.8214,-46.1202,1.26833,42.2141,-29.1743,31.6317,-83.4797,-12.7983,7.22319,2.46584,-24.8729,52.0755,69.5874,36.0878,34.3483,11.7254,-21.0754,-33.9458,42.4917,60.5653,-31.231,35.1234,-52.7368,-1.21523,36.8783,-4.39109,
		node 12.6309,10.8124,-13.13,49.4285,5.30095,-26.624,-9.19059,10.8156,-5.58917,32.1087,-4.83981,-27.3332,18.0987,-57.0108,11.0907,5.19597,52.5131,28.0654,-9.9207,-55.0707,-46.1913,-9.8026,40.2997,-25.8705,3.40858,33.3287,
		node 29.0081,13.9809,-79.7794,7.21295,-95.0657,-8.16244,7.28385,49.526,10.1916,48.8223,-58.2862,-65.5071,8.40683,-64.4959,5.0823,14.3537,-2.46784,-71.1043,-35.5125,-9.2668,-12.6397,-56.7143,13.6029,-45.2869,-58.1178,-17.7643,
	layer
		node 18.7524,4.51222,-4.88282,7.23867,-49.7097,-26.7752,
endPlayer
