// Player15
stat 5
	layer
		node -50.8711,12.6375,-9.16831,-8.24137,-0.503735,0.990634,19.7104,-45.2615,7.24898,-97.5293,24.4715,-0.175961,86.9226,3.18351,-9.19482,-20.1392,-62.3471,-96.8439,34.6243,-51.6177,-15.0422,-57.8304,-27.505,23.3622,27.7883,13.7922,
		node -17.2668,49.5371,29.8054,8.06643,-7.49404,-36.4653,-35.34,-30.1408,30.4765,38.9932,-52.4471,12.0503,5.80916,-43.1869,-4.25671,-0.793737,-2.09217,4.23836,-27.2618,-11.1814,-22.1835,-10.5616,30.2684,-78.1058,19.9604,40.8225,
		node 96.3885,-61.1921,3.11227,36.1009,-3.9908,-69.5546,18.0092,0.449654,48.9231,-61.1911,-14.172,71.7057,-43.107,34.7501,-56.8491,1.69688,12.5225,29.2291,-3.24821,-9.16094,0.547562,-9.44313,-23.7845,55.9058,23.8052,32.2517,
		node -20.1013,31.6002,-32.9183,1.87515,14.426,40.4265,19.667,13.3621,28.2568,2.85446,-0.670288,-52.2316,18.1823,-44.7981,16.5088,58.5265,-7.42969,-21.6296,-2.34457,-93.8888,20.518,14.9792,-58.4529,-13.2843,-3.18826,2.33465,
		node 57.9576,-17.715,28.903,27.5493,4.34055,21.6198,44.8418,41.5902,-18.9238,-4.45906,-55.5018,-33.9459,4.59818,-6.29633,23.2067,-58.2806,3.37131,-41.2658,42.1004,49.1298,2.13453,8.88105,-101.33,-31.7578,-3.1872,-14.3894,
	layer
		node 56.6476,-50.1321,-39.36,35.3998,42.9108,-76.554,
endPlayer
