// Player42
stat 6
	layer
		node -53.4644,18.0936,-66.2966,18.2071,11.338,-2.55959,14.9933,-24.6353,11.6944,-46.7376,-30.7595,5.19636,5.92916,6.57744,4.34233,3.07572,74.3822,-94.4073,54.8974,-22.7397,5.57445,54.3505,-70.0182,31.0274,6.10887,88.2258,
		node -36.3487,46.112,-35.2188,9.36174,-11.862,-31.9928,-65.2259,-15.384,76.2146,15.7085,-49.3511,3.77364,6.00207,69.7144,-60.844,53.2718,-6.57688,7.62233,46.1017,-43.0066,-26.7037,-48.9069,-75.4508,-88.4258,25.479,53.3484,
		node 6.26202,-58.0251,8.24015,28.1312,-12.9811,-15.2095,21.4208,21.6008,6.90096,-43.9838,0.353309,66.3835,34.529,-0.80638,-47.8866,1.50448,-34.2719,82.2409,34.3487,-32.9614,-38.8307,31.1976,-24.7987,10.5559,11.3959,-20.369,
		node -9.11595,2.69898,6.44029,-1.44709,8.872,-5.85956,17.3923,32.0789,29.089,-37.3538,-1.3339,-80.6016,-9.77938,5.87113,18.1871,29.6024,2.51517,26.7637,77.7392,65.4935,-60.0951,-15.3602,-61.3649,-29.5452,21.912,48.4822,
		node 26.0467,-14.6777,21.046,-3.52983,-36.6236,17.6404,12.3759,-2.43041,1.37928,27.0466,-30.9658,-36.179,0.478539,-5.84698,-9.79311,-15.7603,6.76253,68.9126,-25.0743,-15.1599,-0.19121,-57.7816,-24.2266,-75.9793,-20.2968,-37.2603,
	layer
		node -56.9434,-12.5393,-2.20981,-35.9498,-17.0982,-50.6875,
endPlayer
