// Player12
stat 6
	layer
		node -58.6142,9.39806,13.0137,19.3214,13.1885,31.6328,12.6754,64.525,-18.1954,44.1498,-0.77787,24.3906,-58.8562,-13.4222,-15.8716,-0.78926,52.3294,-94.0338,32.9463,-40.091,9.20669,69.135,-89.1668,27.8686,-39.2497,71.6868,
		node -38.8141,36.1689,11.6962,4.3204,33.1358,-23.5693,-41.9321,43.2373,40.133,20.6435,-23.0707,23.4424,-91.1868,31.0835,-2.92338,-21.0023,-10.4589,-3.47779,46.2091,-20.19,-63.7048,-4.62999,0.868429,-71.3338,1.14506,15.1033,
		node 98.5201,-65.0595,-0.951893,56.2604,-7.62144,-22.5567,16.2176,-2.8797,22.0269,-9.20528,28.1481,66.1914,81.9809,48.5046,34.4825,-32.4661,3.4896,-39.0395,-43.5427,-35.2679,-29.4583,36.1686,-24.0019,15.5233,47.3482,-12.6959,
		node -7.15644,-2.24728,-30.5615,-7.41449,27.5461,-21.6422,17.3356,18.8036,-5.26966,-40.3036,18.0789,-41.882,-60.477,3.47225,14.7133,8.63234,-2.49029,23.4166,16.7329,77.1909,9.20924,18.7852,42.3698,-18.6235,1.07736,35.7998,
		node -52.9657,-4.36253,29.2138,25.0484,-47.0167,24.5061,44.7913,-57.9608,14.0474,1.91572,-57.1522,-44.0042,-26.4276,58.8719,23.9115,-54.8119,14.0613,-41.7622,-30.4639,-21.8922,9.55013,-1.50192,24.0573,-0.123589,-0.891227,62.832,
	layer
		node -66.8336,7.3099,52.0093,-2.91603,-15.7033,7.90819,
endPlayer
