// Player3
stat 3
	layer
		node -57.3182,15.3968,14.4601,9.09668,13.0299,-3.77215,-1.24589,65.0639,-49.0746,-92.0093,11.6485,21.1956,-66.852,-7.91127,-11.8743,-73.1283,-50.7953,-91.102,30.4534,-55.8808,8.58073,-67.7427,-97.8386,8.88033,-37.4387,5.26154,
		node -16.5812,2.79128,-30.2184,-53.3069,23.0379,-22.5184,-40.8672,-40.4992,-9.52739,21.8422,-54.6475,13.5114,5.42551,74.6042,0.822434,-29.4284,-8.63452,7.96903,48.6608,-38.7463,3.0967,-15.6097,15.0954,-71.7358,27.5517,20.308,
		node -38.0437,1.21576,-0.20179,36.0184,-33.1141,-55.3847,28.2904,35.8404,45.0465,-77.4917,8.55887,68.3414,79.5458,54.9765,-48.4898,-32.7158,8.01468,-37.7485,-48.4226,-10.6385,-31.7721,39.3022,2.33089,14.8026,-54.7033,-31.0608,
		node -76.195,-3.48661,-28.0196,-47.1215,27.0382,10.5621,19.5932,14.0063,29.0663,46.7264,17.1235,-42.2522,17.276,2.85537,66.1326,3.53203,-1.16049,23.3523,13.8882,77.575,6.41983,22.6434,41.6444,-29.8933,-1.31035,28.9688,
		node -15.4757,-12.8219,-30.2035,14.2487,-45.44,25.5628,45.1586,-8.47209,10.0104,20.2323,-52.647,-61.9473,-11.6272,-52.501,21.7967,-54.2146,-84.4663,-74.5274,-28.8245,4.02767,-62.4068,39.199,37.2847,-19.9638,38.7804,67.082,
	layer
		node 57.5978,-36.8597,54.3887,-58.9468,-10.2005,29.1747,
endPlayer
