// Player50
stat 5
	layer
		node -2.76867,3.48117,10.1858,9.01261,-15.6212,-52.8122,24.0955,76.7676,84.4918,64.7386,-8.97172,-22.3198,-40.7146,-9.91791,-97.8544,33.0812,16.2555,-45.9048,-14.9804,73.1148,26.0173,43.0168,-31.7036,-43.3337,80.4645,-115.781,
		node 48.7593,-8.68577,1.21406,-91.3177,30.5981,-4.97532,110.541,-120.852,-105.554,105.699,87.5552,-11.2947,-12.1854,30.3915,42.1209,-97.6308,-31.0918,114.298,46.9932,-10.2283,123.75,46.566,-154.243,109.252,116.208,-9.53735,
		node 98.3829,-36.7646,35.0401,67.953,-100.638,52.9056,87.0003,12.8738,55.0351,47.8355,-46.7793,-88.3971,-16.355,-145.661,7.6114,54.9025,-76.0954,64.5611,-4.86248,-122.616,-39.2196,21.2586,78.606,108.853,48.7008,79.583,
		node 50.8942,-109.804,30.2882,11.3607,92.8252,7.89748,-64.3769,-19.4664,88.8952,30.3415,59.3312,57.4629,17.9637,27.1361,63.4218,40.3018,-13.0891,44.2931,-41.2636,46.6996,99.7689,-0.79431,-81.9804,36.7321,-99.4336,11.2915,
		node 113.623,77.1776,54.25,5.83596,31.4393,14.6403,20.3025,13.654,-28.2941,8.73079,58.1168,-25.3379,-3.37944,41.1672,32.7232,10.8091,54.8959,50.6876,106.171,30.1328,-51.5775,24.0864,44.088,-137.753,29.3893,-74.237,
	layer
		node 41.4158,16.2254,16.103,25.4992,-36.4146,-50.0308,
endPlayer
