// Player84
stat 6
	layer
		node -30.8718,-126.179,49.0492,97.4511,-9.17075,103.22,90.8012,0.329284,91.4354,61.3485,29.6039,35.0869,94.2338,61.3961,-70.8812,15.1299,-90.8931,78.6822,78.527,50.13,38.3445,63.2069,97.856,-50.6099,101.803,-129.466,
		node -52.0082,48.9067,100.478,3.69304,-112.683,-4.97181,118.099,91.799,36.203,67.4434,75.2974,-37.9262,-109.57,52.1629,104.312,98.3479,-23.4065,27.1713,103.887,26.7938,65.2364,20.6409,-32.9715,76.7469,86.7808,40.671,
		node 101.835,43.3561,56.5249,39.6739,-114.709,56.5163,-115.877,93.7947,59.3345,38.494,-38.5013,-74.596,-171.943,3.32375,136.58,24.6174,-21.942,27.004,125.809,7.80904,52.9953,-78.5305,-9.53317,-36.6753,34.9827,64.0611,
		node 110.435,-105.142,38.2006,-4.19773,98.673,52.4665,60.4665,64.8822,-132.567,-41.1299,9.88011,-170.63,5.84348,88.378,138.518,-149.55,92.1955,34.3168,-18.8174,1.91009,48.5046,18.434,98.8077,33.1952,-91.9588,68.79,
		node -25.9541,-100.261,-158.921,90.1194,71.3215,78.6127,-151.447,45.3764,-30.8306,-105.814,-65.1647,-11.9981,-6.56817,53.1531,76.5903,24.6959,61.0706,47.8788,10.1588,7.54911,-59.6012,113.511,-38.6547,5.71038,38.2868,73.1782,
	layer
		node 38.9235,-120.624,99.3768,14.5519,-11.651,-147.292,
endPlayer
