// Player86
stat 8
	layer
		node 16.8877,30.7533,2.5662,-11.6095,-7.73201,-51.053,29.1444,77.4466,75.9121,6.38974,81.4158,75.9924,90.3482,60.5244,-70.3543,108.029,88.4484,67.8227,-33.1029,47.6839,39.075,58.193,88.1102,33.6529,71.833,26.619,
		node -48.9653,-49.5946,39.3624,41.2533,-20.9742,-13.7481,-118.537,23.7635,-5.02534,86.4559,77.2957,-39.9192,-6.02742,-185.92,108.921,98.0074,133.819,-52.2505,-64.4204,23.0833,75.3254,28.6959,77.7576,94.9424,-18.2909,41.9447,
		node -4.2114,-34.1939,39.527,48.4796,51.1749,56.1489,-115.488,-27.3243,63.6904,37.662,-28.0464,-75.8862,-20.4147,0.0896463,48.4002,40.188,-73.9429,-100.59,119.607,9.60419,6.67276,-106.204,112.111,55.0309,38.4426,62.6524,
		node 109.298,-114.047,14.4957,0.852278,-8.15172,-28.3004,-63.5358,125.008,-51.1691,82.0284,54.3712,63.3414,12.4437,99.7773,143.881,34.4223,9.58502,26.8506,-35.8467,48.5505,-108.791,-15.401,88.9539,58.5288,-100.273,1.25185,
		node 35.1164,104.118,-153.674,-31.6981,66.0757,16.139,-16.1463,18.9641,-27.5184,-14.2539,45.4361,99.0699,-38.2247,-24.6785,93.3536,4.69419,106.06,-14.3271,86.786,112.471,-47.337,117.156,-10.8722,43.5591,98.6259,78.4333,
	layer
		node 115.272,61.5912,1.48727,98.5698,66.5589,4.77446,
endPlayer
