// Player18
stat 6
	layer
		node -1.21176,11.4228,4.04362,84.0543,69.0736,23.3701,-147.671,4.56857,74.7839,62.6484,78.3254,44.4956,-44.359,83.0045,-84.0829,-0.042353,24.4943,66.338,0.432383,67.9841,39.4179,55.0467,10.5992,-74.814,91.6088,47.4731,
		node 47.5886,-7.69713,-9.28852,29.0157,-1.4656,40.1566,115.741,-190.845,-112.593,103.582,80.5304,-38.9134,-130.064,44.45,-9.50452,-94.6302,143.175,68.7418,40.7732,38.9414,-39.9376,30.0539,74.6086,40.1287,38.0116,33.4944,
		node 99.1464,-66.7235,30.6463,35.5568,50.7377,22.9981,-23.2842,-112.446,-57.9122,-8.75186,-7.821,-96.6896,68.6627,6.58043,22.0097,40.8564,-78.344,1.86484,33.7011,-4.5556,-28.3652,-109.16,118.743,54.7732,41.0492,39.64,
		node 101.59,122.37,-131.575,50.7752,-11.5572,-33.9393,52.2507,57.0566,62.9357,-111.945,-45.3514,-174.028,4.39537,-31.883,150.73,42.7781,-24.8978,85.0642,-39.8673,51.3362,-100.221,-14.1281,97.8619,44.1001,-9.49334,7.40803,
		node -6.231,97.4064,26.9587,142.064,45.7355,15.3628,-161.135,7.27068,68.2736,-11.4099,29.9712,-7.02767,-11.9453,-29.8869,-13.7465,0.106259,118.942,-18.4586,105.28,4.85794,-46.091,-114.472,104.152,2.68963,31.4246,-68.474,
	layer
		node -95.1326,56.0447,97.1734,-5.97084,47.502,104.357,
endPlayer
