// Player66
stat 6
	layer
		node 42.0801,33.8462,-3.06872,36.9715,-6.88312,20.7823,-141.914,45.1743,109.293,5.0675,45.6865,-106.082,25.6396,6.88757,-117.171,105.157,89.7809,33.5555,4.47828,83.9339,29.1479,65.4945,-66.789,-43.5084,73.3738,89.3539,
		node -43.5073,90.824,-111.848,-7.02828,-113.035,102.601,113.931,-121.343,-14.7406,78.8669,70.2913,-32.2124,49.1998,-194.542,61.1192,101.378,16.3466,-15.6342,28.6765,-104.473,80.193,40.9222,73.2461,89.4595,20.3283,47.9987,
		node -122.027,-140.423,55.3776,27.2616,91.6986,22.4457,68.7121,90.5317,-52.5544,43.8704,-34.6081,98.2084,-170.373,-148.697,81.2356,38.5218,37.7674,26.0259,138.092,10.1217,93.3204,-105.106,-11.8098,85.5996,33.5753,-10.7399,
		node 110.755,44.0331,-2.73937,13.5534,97.8419,-36.9804,-82.3557,119.96,97.1218,-12.8018,-22.8413,51.5479,8.21542,100.643,138.911,23.5354,80.0063,36.1689,-15.4595,52.6866,-111.965,16.6619,87.3417,54.8507,-26.3131,72.0272,
		node -5.31278,96.0901,-156.661,89.917,39.8832,7.97399,99.3857,31.4393,48.9064,-10.3676,44.1529,-92.3348,-49.8232,-22.8092,89.2778,83.1088,109.096,-21.0035,87.2475,-9.45541,43.6659,83.875,-8.81594,-141.033,42.2668,80.5042,
	layer
		node 23.334,-99.6981,54.5923,-134.808,49.5794,43.8966,
endPlayer
