// Player48
stat 4
	layer
		node -32.7286,-24.434,11.6714,-43.0508,-4.27205,-23.4303,-136.531,59.6325,87.005,-4.95491,-61.4271,-103.976,80.5557,62.3059,-117.675,100.291,24.6211,83.1922,8.40298,29.87,53.9351,58.52,10.7591,142.765,45.436,-124.292,
		node -43.8256,89.1959,4.50396,33.1778,25.2202,1.26785,117.783,-193.296,-32.0779,77.9297,73.2589,-44.7321,154.747,-183.482,113.143,56.2957,143.531,17.3965,54.4456,89.0345,128.377,30.3447,76.7123,72.4147,36.1744,44.7406,
		node -20.3799,-140.796,-1.93879,-112.897,-97.5494,20.679,-110.663,1.97389,55.0292,21.3024,-73.2997,76.5731,30.9174,-148.546,24.3226,39.4207,40.1913,25.2301,133.522,-3.87257,14.6743,-32.3709,119.047,-26.0682,9.32972,113.182,
		node 112.349,-110.092,15.3004,14.1202,-11.6002,11.1698,-78.9991,121.568,86.0891,-110.985,5.82644,29.1394,42.4212,96.6349,134.033,-2.16898,42.2607,59.4288,9.83435,40.126,104.797,-1.71448,96.5891,39.6422,-0.425796,27.2551,
		node -15.8269,4.95294,48.8501,130.571,40.2301,75.3344,81.7464,18.5674,80.5556,73.243,81.6486,39.7875,-3.2536,-21.7559,-8.51859,24.5745,129.126,-18.2215,103.78,10.329,87.1339,-116.349,49.4031,-9.31326,42.0789,84.6208,
	layer
		node -85.8545,57.4251,-186.325,26.6955,-23.4378,-79.6055,
endPlayer
