// Player77
stat 5
	layer
		node 14.6417,32.7097,52.919,-11.0073,-11.8777,-25.4775,25.5276,70.646,73.8872,59.6946,-25.5786,80.8633,28.6708,11.4518,-80.0935,102.064,85.2119,15.9617,-29.6917,83.8062,33.8107,46.8422,4.7173,129.278,104.426,26.6185,
		node -46.5265,-52.3747,41.1266,28.8133,-155.566,139.369,110.473,23.5097,-6.34287,79.9506,73.8918,-33.1464,51.5567,30.6183,110.243,101.627,133.96,-44.1603,29.7603,22.6278,77.9908,32.0567,85.1267,100.907,-20.0302,29.6941,
		node 58.8074,-34.1354,40.8987,32.9722,52.7734,28.8156,92.6021,96.8915,-58.7794,41.7255,-22.7331,-95.0164,58.3805,21.8364,15.7761,41.368,-76.8913,25.4415,62.359,8.89376,6.26108,102.653,-13.9538,-16.9995,27.3183,93.0939,
		node 111.285,-103.596,11.1625,10.7467,-53.7342,57.159,-61.7929,124.905,98.2383,-52.3583,108.616,-170.932,52.5748,101.653,145.068,34.8948,-84.8132,-110.183,-14.8808,63.3258,13.8571,-13.0464,90.2208,61.3463,-102.963,31.284,
		node -7.31862,37.6016,-151.096,5.85072,61.9452,62.3946,95.9745,23.5292,-26.3062,-31.207,-134.281,-95.204,-7.63913,-34.396,89.5739,80.8289,26.9781,32.3426,87.0573,8.61866,-53.117,118.158,-11.193,-16.7687,42.4605,82.1308,
	layer
		node 40.1683,63.9492,38.8861,-86.9654,-18.9367,-48.407,
endPlayer
