// Player4
stat 7
	layer
		node -93.8537,208.968,-107.715,207.94,-138.706,-94.8364,-97.2073,-100.645,15.2534,-119.897,-185.796,-67.7746,-67.7896,-131.222,-21.3157,89.9037,-218.227,-112.345,-203.648,-35.0566,256.453,-65.8816,70.4219,-100.299,57.7512,43.9418,
		node 43.4283,213.724,-137.627,52.0509,-132.911,53.524,-77.6413,-195.944,223.015,21.342,-135.969,-113.584,28.2015,19.2442,-3.28638,-78.2819,-41.5177,-150.807,-210.023,-106.103,66.0275,-187.742,4.49285,-126.287,-55.2387,228.411,
		node 259.765,-59.0718,224.408,-26.8976,-120.407,-60.792,-15.7071,-105.986,228.393,212.547,-25.7527,-95.0937,239.374,-72.7082,229.848,77.3547,-89.2914,-94.3954,205.759,-128.98,18.9918,-89.2264,-108.839,259.127,-0.74875,183.491,
		node -135.689,47.7222,3.24675,-30.7838,48.5378,-86.0311,225.535,112.266,-44.233,-86.4135,60.7162,49.2074,-184.387,-79.3124,-117.404,-83.0669,-105.766,-134.321,74.8517,91.1094,-6.39274,250.46,-113.553,54.8775,-9.80058,93.8622,
		node -177.925,266.492,291.289,-74.4593,56.7747,-105.708,4.34656,-73.6488,-191.039,-158.036,-78.2266,-55.7049,263.171,-106.679,-13.222,-140.794,250.621,-24.1662,-77.3045,-88.8081,63.4462,21.3211,74.7657,-72.1973,-37.0296,233.399,
	layer
		node -104.996,-123.508,13.6384,51.8921,-83.7594,-83.5886,
endPlayer
