// Player99
stat 8
	layer
		node -31.1142,212.705,-202.595,-124.813,248.114,-114.204,-112.175,23.9497,-213.338,18.4257,-136.745,-55.1633,66.8443,-127.374,-14.9172,-112.573,-169.94,44.2788,-205.569,-123.608,238.076,-85.2837,247.98,124.906,-133.552,243.896,
		node 12.9851,208.269,-146.168,221.316,-92.4417,36.507,-72.1475,-24.0674,184.109,24.9144,-79.3371,67.7799,-126.518,24.3416,4.82678,-82.064,-138.494,-76.8282,-36.6056,-103.289,-139.792,-193.027,-156.422,49.0552,-63.0969,207.42,
		node -79.6195,-47.7972,220.25,188.49,250.192,209.527,-92.1719,-111.06,-34.6804,-59.5465,-27.3726,127.541,253.475,-53.7101,229.018,-223.16,-177.095,-94.5607,-104.444,24.0722,-80.0861,-83.5918,-112.003,-14.4413,-135.526,-123.657,
		node -59.9401,91.3803,70.6972,-79.5043,-115.345,-220.239,64.6656,-23.7692,-137.86,-105.026,76.095,-149.761,-181.315,34.434,-77.5703,-26.8937,-129.927,99.0764,89.2457,-109.173,-97.8171,-96.9314,-113.754,251.602,-99.3787,47.2087,
		node -174.476,-118.313,-9.02969,-75.2644,248.283,-102.466,-126.447,-67.9875,-200.463,28.6444,-125.276,-65.1376,257.937,248.744,-102.504,-79.0628,252.107,-13.9024,-133.378,-94.4648,71.0924,177.345,68.8845,101.396,-43.7878,286.518,
	layer
		node 42.6056,-26.6133,-134.14,-18.2885,21.731,-92.4565,
endPlayer
