// Player56
stat 2
	layer
		node -150.317,-80.059,-161.88,-119.791,-138.461,-174.623,-67.4009,57.871,-144.213,-110.158,47.5053,-127.86,-129.935,-127.554,-38.0315,-30.9076,-177.192,-221.962,-108.922,-1.86942,-40.4967,38.8727,-41.6602,-91.0576,18.9487,-82.0815,
		node -194.551,157.513,-59.8482,-162.034,-165.648,72.0335,-187.821,-24.2065,-142.926,-117.634,-106.16,106.517,-175.193,-160.82,-155.345,-141.49,-134.6,-135.486,-106.257,-155.714,-173.874,-58.7708,-153.856,-123.759,-14.7619,-43.3053,
		node -10.6123,-208.575,-157.443,-78.0931,-67.8518,-128.984,-121.356,-173.134,-136.701,2.61475,-130.99,52.1852,-54.3799,-136.687,-57.3212,-125.735,-108.268,-105.884,-149.461,-110.57,-111.335,-70.628,-126.739,-132.18,-112.706,-127.637,
		node -48.5722,-179.906,36.2135,-167.356,-131.069,-106.858,-155.243,-147.96,23.3282,-99.9989,-132.427,-66.5836,-109.178,-82.0245,-96.1436,-112.134,43.563,-35.5274,33.5132,-157.555,-112.289,-204.847,-135.979,-169.141,47.8752,3.64698,
		node -117.284,20.2535,-128.536,-106.995,-117.816,-102.627,-125.1,-19.7195,-155.287,-149.586,12.2066,19.0048,14.2095,-50.8774,-108.245,-150.449,-123.88,18.366,-117.135,-114.298,-41.6551,-166.932,-157.688,-91.5588,-176.844,88.6811,
	layer
		node -113.313,-8.69072,-72.9206,2.76428,41.7245,-66.578,
endPlayer
