// Player54
stat 5
	layer
		node 13.5849,89.2107,77.0734,-25.9138,127.442,-73.9171,131.435,137.436,145.094,155.985,168.688,-137.839,217.884,36.8962,197.52,221.867,42.6776,174.902,87.8189,-30.129,64.8447,63.4619,101.431,0.597987,77.648,245.315,
		node 94.9582,-40.4445,143.092,208.498,126.826,245.176,162.72,133.565,148.139,128.375,20.906,150.994,-111.636,163.56,-87.2797,87.9663,2.76666,-88.8829,48.5315,-60.2047,-8.00362,-109.731,157.491,165.837,129.248,234.141,
		node 104.612,130.021,116.19,99.8709,253.243,-119.911,51.7019,49.3588,115.383,93.7077,-82.123,90.7313,-115.194,151.98,69.7194,106.466,-66.7712,-110.846,56.6286,51.5548,91.4816,81.1055,153.393,209.676,91.3547,127.724,
		node 127.41,159.308,-115.274,-173.048,-11.705,83.2098,84.8441,86.33,-157.749,142.206,119.097,-117.935,91.8224,149.838,103.994,-51.4605,-15.463,29.6278,28.8706,48.3305,-22.0987,248.581,-30.0119,-151.461,65.884,149.543,
		node 150.448,-137.638,-182.693,91.9512,-52.0947,92.9355,177.594,179.535,87.6501,-71.9197,98.3094,116.315,138.289,97.1759,123.422,86.1427,172.325,90.7833,267.647,85.4504,58.5188,26.5739,130.434,-64.1982,-10.8001,141.808,
	layer
		node 239.403,5.11431,206.856,118.358,58.9595,85.9467,
endPlayer
