// Player55
stat 5
	layer
		node 16.6851,11.35,8.52001,73.0795,22.9626,-24.6726,80.8232,9.54827,-110.041,39.4057,-44.54,-1.34706,7.51876,-15.7299,25.6043,5.92397,38.1869,-52.3713,7.92565,23.8571,71.9229,-56.366,46.2385,-15.8438,-51.1112,-6.06345,
		node 28.4099,50.4707,16.0262,92.1231,49.0763,73.1791,-30.9202,55.9099,9.9211,77.9143,32.5448,96.4893,10.1954,20.6755,25.3475,10.7365,106.612,38.4225,93.5976,52.3709,-48.7023,-60.5271,-35.2478,-41.6906,-28.7708,105.967,
		node 50.9477,-4.7545,-12.9286,-101.339,43.0345,33.5146,11.9106,88.7331,-6.94353,10.8237,78.2763,8.32645,9.43709,-66.4135,-110.806,67.0633,74.5009,-154.219,-74.3505,23.5158,94.3277,-49.9755,161.362,14.8789,-7.81471,90.9614,
		node -34.1986,-37.9102,86.7243,-4.29289,2.68317,-29.5079,100.086,5.41935,-35.822,2.70846,65.6186,44.6186,-81.6615,1.79381,-79.8504,69.0819,-13.004,13.2936,-36.4058,87.5327,1.9172,-22.7304,-86.4717,67.0994,58.3441,-23.839,
		node -49.9099,-43.1035,-58.9601,5.0158,20.2447,0.0756676,-7.43521,94.6068,-7.75886,88.5563,23.9911,-9.57606,-62.8809,-70.3667,-8.11586,-67.9497,93.8707,91.3882,102.07,-26.7597,30.378,53.6892,-13.1983,54.6344,72.0162,-29.8779,
	layer
		node -100.278,-28.3128,-33.8535,103.128,-18.2957,45.4369,
endPlayer
