// Player69
stat 7
	layer
		node 80.3005,86.4497,0.489758,80.196,132.559,103.423,77.9088,98.5367,-28.2522,-106.115,21.6087,-13.8393,8.8584,122.501,-23.9305,-17.4001,55.4155,90.3097,-38.9673,29.3463,75.9815,-70.25,39.5521,30.3591,18.6657,-25.7484,
		node -30.2119,-29.0969,34.2239,-78.7103,8.28309,45.0627,-36.6892,12.3044,3.36723,89.758,37.68,3.61768,-62.2514,-10.2733,-61.2449,60.446,2.84443,34.2955,9.06303,49.4407,-17.311,-132.77,59.5135,40.0327,-16.0639,-8.56702,
		node -6.17285,34.0781,140.762,-63.3326,47.8684,25.5602,76.7881,65.5602,81.2993,64.3147,2.77109,2.72578,-36.7553,-62.5129,-168.124,92.8998,1.77978,-160.702,71.1882,45.9909,107.828,-45.906,-34.3118,-100.758,55.4952,1.19441,
		node -25.782,49.345,104.501,39.0044,-5.837,-29.0438,89.7281,1.11101,-43.0148,-19.7105,65.2464,50.9616,4.45669,-89.871,-42.3861,55.0116,-21.344,6.20915,-21.5113,35.4697,119.049,-97.2574,-34.7763,67.1184,-49.6856,-61.9545,
		node 157.85,62.2336,9.77852,36.1476,-11.9226,49.3643,2.62694,113.338,57.514,78.9613,84.9605,81.052,77.8977,-55.6629,-17.8808,126.74,39.7266,91.9595,-114.083,-25.59,23.7877,6.52011,-81.3975,45.8339,61.8627,99.3547,
	layer
		node -56.1999,-14.5492,3.21872,-53.8512,78.833,78.1445,
endPlayer
