// Player52
stat 8
	layer
		node 84.5845,106.113,-3.75747,88.7134,132.876,6.22176,74.607,4.02726,-97.6244,-106.894,17.6601,-2.81346,-26.9921,-33.9971,26.5903,-14.891,-110.869,33.2862,-33.2471,28.4266,-12.33,-1.22536,8.83492,25.5073,110.572,-4.33352,
		node -38.6903,45.9506,-96.7356,-77.7688,55.6215,82.9902,3.2184,90.2589,88.5379,-27.9494,32.9081,2.37629,-3.81313,-14.4102,-45.5525,3.20565,-8.39442,61.8169,67.7137,27.0364,-54.0401,-43.6537,-29.8767,-26.4606,-27.9733,-47.0161,
		node 60.2766,147.794,135.816,85.0685,51.5926,44.4012,81.8245,57.2877,57.4122,-15.758,-154.685,-3.98022,8.80432,-48.7519,-118.789,93.4265,104.015,-151.446,-70.43,41.7417,92.4753,-0.928752,166.28,-99.9029,43.5722,0.685743,
		node -10.0619,38.4544,68.5396,-3.31083,-117.535,-28.1037,81.6044,0.781018,110.946,117.484,65.7156,43.3415,-23.651,-93.6577,-51.2766,56.6567,30.435,49.4432,78.5304,84.4009,-3.75525,-98.8282,6.68728,65.3896,-71.7771,-47.1332,
		node -74.6531,-58.5147,-61.2279,33.5951,-7.78185,86.454,-8.12606,105.231,10.3745,85.8185,54.1429,-104.658,71.314,-63.8354,-10.4888,11.7868,38.3817,79.5218,-115.619,34.6964,76.9824,47.5587,-8.82433,-11.7832,-46.9936,2.35584,
	layer
		node -43.2794,-30.3385,-4.52363,-58.0718,37.8767,16.6914,
endPlayer
