// Player42
stat 6
	layer
		node -29.8006,103.361,-31.7286,75.5699,125.988,-22.1411,78.6626,1.52384,-30.2413,-109.923,-27.6826,-54.5411,7.95378,123.443,-29.4825,18.9672,64.6772,91.7425,-10.4306,19.8015,70.9639,1.74741,7.77138,40.0669,108.003,10.9943,
		node 91.1584,-31.404,-85.0802,-80.4611,51.1469,82.2194,-30.5857,19.6416,90.6052,91.0331,36.4526,89.0875,-71.6354,-125.315,-56.0653,-11.4685,113.446,48.4748,147.832,-55.8289,-45.7042,2.52419,57.1169,-25.919,133.87,-22.4199,
		node 62.1018,143.761,125.071,5.55853,46.2173,18.4702,87.0964,-2.38201,86.2397,-17.0035,-51.8344,-12.4625,-45.6943,-48.0388,-135.694,54.2204,14.9042,-157.005,-66.8531,26.1764,-92.1325,-18.3608,-34.2849,-99.6045,59.7696,144.841,
		node -23.0891,41.7381,103.545,34.7767,-120.786,1.60539,-75.7503,-17.8028,-91.7185,118.953,65.4729,49.2291,-35.0959,-37.4933,-51.294,67.0202,-46.9067,-39.3295,79.9307,80.054,78.9261,-1.98914,-112.426,13.2288,-72.9971,-30.6955,
		node -83.9572,71.4923,92.2239,99.8795,20.1874,48.0491,1.1605,62.2088,12.7288,80.4124,91.0556,66.272,-29.8857,-13.2877,-14.9998,12.357,-3.17846,-13.0302,-116.061,-31.2606,83.2442,-57.7677,-70.9543,58.6614,-47.6213,97.202,
	layer
		node -60.1942,55.6405,-99.2164,-21.259,-35.3891,-24.816,
endPlayer
