// Player67
stat 4
	layer
		node 15.0459,-51.3667,1.64592,98.8505,131.229,-32.2168,77.9099,99.7307,-37.7768,35.2611,-104.907,-19.0869,-35.1242,131.97,-64.6583,-24.9817,41.4042,93.8842,-7.16166,29.2605,64.1437,-72.6881,-1.22411,-5.31257,10.7724,-24.6772,
		node 11.1748,-34.5683,-7.92847,-7.0161,49.6167,44.057,-29.5719,12.7424,-10.6014,90.1995,34.9748,86.5243,-74.9352,-13.3976,24.0016,60.0149,3.47815,28.7613,10.1725,-28.9167,-49.901,-54.9041,54.9696,8.0619,-16.0875,-9.72791,
		node 50.0775,-4.63227,140.665,-100.149,8.49483,17.4822,78.5691,93.166,87.0414,-21.1803,-44.4439,-0.0503074,2.54389,-66.5402,-166.719,53.0376,82.5006,-156.987,-55.0915,-11.1264,100.781,-14.516,-35.0829,-102.431,37.4242,-12.9848,
		node -2.62921,-3.6079,103.706,38.5601,10.1941,-3.26629,62.9497,-57.321,-2.55449,-9.49643,68.1734,44.4621,-35.3997,4.96555,-45.503,-1.92873,-26.7355,61.9902,98.9191,-42.1485,12.2787,-80.4595,-2.46952,70.67,58.6979,-54.9561,
		node -113.005,71.1343,19.1286,28.9922,18.6956,0.187164,-6.08147,-68.8356,-123.756,75.3823,20.372,84.9162,75.4392,-67.411,-8.01357,3.15832,-6.03777,78.3,68.233,-20.7153,25.5128,6.04837,-128.478,56.0843,-37.2844,-31.0363,
	layer
		node 71.6193,-8.5583,13.8419,-28.0235,-9.18545,2.43179,
endPlayer
