// Player12
stat 6
	layer
		node 21.985,-5.78113,6.41448,87.1302,-4.03901,-26.5891,57.9715,3.51655,-94.666,9.22323,115.333,14.6358,4.77672,-14.8846,-32.3989,20.9621,3.16557,34.3677,-31.1657,21.2875,-22.4184,-52.3426,-0.190093,-11.4447,-37.2706,3.64796,
		node 2.14598,56.5756,49.3013,-85.0716,57.7636,-2.18042,42.26,56.2075,-17.9604,-6.85545,-64.9235,94.7247,-74.9746,27.5921,-46.4527,3.61477,10.7976,40.8833,-1.04636,69.1507,27.5216,-44.4342,-30.2368,-20.4023,-4.12775,-59.197,
		node 62.0964,0.171436,-23.3987,91.1636,42.4079,26.3736,16.5069,-59.6522,-3.56542,-19.0589,-66.6835,4.73076,6.5861,17.4441,-125.159,102.892,-17.7806,-149.787,-65.1987,26.3163,-59.9279,-46.7503,-33.5647,-103.427,77.7337,-5.60159,
		node -37.5648,34.4418,121.916,22.2809,-120.723,-26.2337,85.8655,41.4521,-87.5182,122.392,-28.7996,90.6762,-0.912747,-92.1753,47.3677,-38.4582,12.2488,5.30489,-5.69342,-53.0846,67.3266,-62.0458,54.8874,-33.5044,62.3882,-36.5172,
		node -48.2759,-69.9541,14.2303,11.826,-3.23636,48.3992,56.0216,99.2819,-18.2353,72.822,-6.1742,20.4395,67.9252,-62.3274,-10.2873,9.54735,87.9193,83.554,-12.6822,-32.0564,29.0467,48.4423,-7.92378,71.7531,-39.9497,-3.35264,
	layer
		node -57.9539,93.6276,30.1919,-32.6603,-12.8469,56.3151,
endPlayer
