// Player43
stat 6
	layer
		node 8.82667,93.3688,2.97425,-24.3685,132.446,-34.1889,87.4835,5.52523,-96.1479,34.7118,-32.0238,2.24551,0.0994251,-47.5819,-61.1963,-12.184,9.00979,34.6105,-8.62373,28.1789,-18.6364,-55.4642,48.2516,37.9286,8.13084,-99.1563,
		node -25.6732,56.1471,-82.4167,-80.9259,54.3965,72.7734,-34.472,9.2857,10.9212,91.1901,-65.5228,96.2974,-1.45905,-14.89,-47.2779,-18.5685,1.90558,37.6067,-4.46417,57.8763,-43.8248,2.49532,11.551,-27.8964,0.419577,-25.3052,
		node 9.78287,37.0868,125.962,-102.969,16.9299,14.7736,-24.8455,66.3859,82.8214,88.4144,77.8484,2.7842,37.3365,-46.0933,-110.83,97.5322,16.6059,-151.976,-3.14976,39.1404,166.931,-20.6561,170.828,-99.6495,60.4329,141.274,
		node -33.9971,22.7142,100.5,12.3541,-118.961,-25.1775,82.3467,-0.209341,-35.004,117.636,-28.1077,-83.9783,-4.1174,80.3646,6.83861,64.2969,-64.4983,51.0626,86.9734,82.5075,67.3164,-14.2421,-112.963,10.5136,-3.75743,71.5684,
		node 142.159,60.9986,35.3904,102.843,-5.57677,-5.3041,-8.41048,7.3804,10.145,83.1219,53.8575,63.684,75.5575,-43.1985,-10.0848,14.1623,-2.28415,83.4561,-108.714,-32.2121,163.609,-54.4327,-118.089,48.0516,62.8114,0.771616,
	layer
		node -20.0864,55.6075,26.5528,66.5327,-9.00626,-57.3013,
endPlayer
