// Player91
stat 7
	layer
		node 16.9747,58.1122,128.855,93.4673,63.8752,1.10361,82.0632,-37.4745,-33.7036,141.567,-111.333,14.8513,0.801386,120.405,-52.3908,5.0658,0.548036,85.1045,-44.3082,21.3063,-13.9129,-64.7079,41.0433,35.9542,110.619,-26.7894,
		node -30.9354,57.5784,46.5638,-81.9497,50.7662,-12.4036,39.4052,55.8257,12.4238,75.6224,32.3796,91.3183,-72.2541,-9.31619,-2.8609,9.02196,9.91007,6.15869,13.3162,-42.0482,-44.3755,-6.2547,-34.1509,27.6507,-1.33889,5.07284,
		node 54.8816,-97.3751,-5.62523,-108.797,61.7383,24.6318,84.9045,-0.128586,-9.73743,88.4856,-155.339,-1.44342,10.7885,18.5559,-57.4793,100.118,24.3542,55.4836,-27.0347,-75.998,-100.134,-19.4247,-22.569,-100.702,41.9773,-20.7403,
		node -26.2516,-48.6924,112.325,-1.04456,17.5377,-10.6174,105.831,38.4896,-73.1754,116.902,-22.7312,61.8509,-3.66349,-89.6763,-36.0804,-47.6284,20.056,-2.35528,-7.60944,-12.7327,85.0234,-98.9109,-2.36963,-28.3539,62.2799,69.3205,
		node 159.417,-68.2764,31.4518,104.007,-18.0547,0.274467,32.8451,99.0163,-128.88,92.7484,54.0038,81.6329,64.9779,-71.2349,2.60366,14.772,40.9267,92.3164,-112.512,-27.2332,24.4597,104.663,-16.31,58.4926,-15.985,5.30203,
	layer
		node -102.887,112.483,25.4517,105.577,-59.6911,25.052,
endPlayer
