// Player13
stat 6
	layer
		node 82.0794,-44.7752,5.02848,91.5366,56.1616,-18.4391,92.4065,164.797,-3.61441,34.9883,117.716,-0.793282,-27.8043,-12.02,-17.7747,-2.86383,13.5674,33.9006,-31.1901,54.3292,65.9756,-50.0292,78.6161,-14.2793,113.653,5.35817,
		node 9.66065,-32.1322,48.6004,-83.5531,58.5165,-1.86525,2.81787,89.3786,2.32272,-15.823,-65.6107,95.5055,-65.4465,-124.417,-45.0666,13.5252,12.7494,40.0835,-7.76847,71.2998,-15.3292,-60.9956,15.6405,-22.935,-3.98761,106.026,
		node 61.4016,140.386,126.301,7.80329,13.7655,-22.6661,-18.4548,-4.09093,65.2969,-19.5538,-42.1822,2.6345,5.38068,-48.9328,-132.797,80.0954,-16.9697,-147.458,67.5379,31.1101,-2.78382,-49.5004,173.753,-101.99,46.6151,146.031,
		node 9.08168,36.7167,103.019,16.1207,-120.983,-26.9919,91.8235,42.049,-87.5632,-50.8769,-35.2114,49.6642,-1.60709,-87.0276,45.3515,67.1564,68.8943,-2.4237,87.1487,77.2622,51.5145,-166.27,60.4379,62.6602,44.7301,78.6682,
		node 150.134,-50.9488,14.7491,25.439,22.3871,0.373355,0.535493,98.1787,63.3431,75.9023,71.2752,61.8663,76.3899,47.6852,-9.82643,9.02033,38.2851,93.9697,-18.8928,-32.4861,91.2687,82.7651,-8.81978,62.4081,-48.1212,-4.03432,
	layer
		node 16.988,95.3159,90.814,91.4402,-28.3407,97.7309,
endPlayer
