// Player2
stat 4
	layer
		node -53.4378,7.44216,-79.8997,31.277,86.881,21.8983,178.965,-12.693,-85.3645,-32.9504,193.071,31.8456,-31.7892,-43.1305,35.8174,34.3435,-168.753,47.8905,33.5802,-70.0706,-43.7541,-86.7634,69.5241,98.0526,-28.3559,22.4116,
		node 110.54,-184.513,0.913605,-67.6589,-4.45776,-53.6624,176.981,-161.422,-19.0833,-46.5746,-91.9576,-33.0469,27.7535,-58.7832,-47.4928,69.9961,179.223,-7.25321,12.1294,-38.6097,-67.3733,-14.2923,-44.8865,67.6103,47.784,65.3763,
		node -31.7636,-69.7548,5.41163,-29.283,-43.3948,39.908,-39.3558,-14.2095,52.4205,5.66807,-111.872,-19.9148,39.1976,-162.213,-69.5064,-41.0266,-113.762,-80.8555,-0.516392,-38.3518,33.4507,-20.0141,181.696,-37.9433,171.322,94.0099,
		node 5.51433,-53.4335,-20.0537,-75.8392,-42.4216,-88.0624,47.8583,64.3906,-61.8758,110.127,36.63,44.4062,103.294,-31.4564,-19.3103,35.6972,-126.422,36.9988,-31.6986,-8.50494,22.94,-49.6713,4.48258,37.2523,24.6614,-56.2577,
		node 99.4896,-31.5217,38.0743,116.95,-115.821,-104.137,-4.20605,220.201,-4.3117,-58.0778,66.4724,51.2912,-84.1199,29.7688,59.3301,-3.93063,147.595,-180.799,-98.9041,-48.8916,14.9363,-162.797,20.0339,83.5696,-4.33598,18.0958,
	layer
		node 27.2296,-15.6123,-31.5538,22.6498,-26.5511,54.2847,
endPlayer
