// Player13
stat 6
	layer
		node 100.605,52.0878,148.663,-176.399,105.807,113.078,232.945,40.4117,-162.566,-175.876,146.115,209.545,96.2947,174.781,39.715,47.4512,110.201,206.328,7.94268,7.19024,-52.9276,82.0908,127.778,-137.151,-144.785,183.995,
		node 186.269,81.6474,-47.9019,47.1606,85.9049,113.813,111.218,113.863,7.76043,117.425,66.0291,-42.5777,89.7511,143.111,-72.1907,280.025,-113.147,-100.611,115.428,-28.9977,-209.951,-22.2876,-127.537,109.131,51.6394,111.65,
		node -122.03,-129.777,-147.432,122.306,105.396,-39.0129,121.545,-109.921,235.334,47.4599,-160.224,33.4205,135.487,55.3881,-132.586,129.586,130.51,18.9232,77.978,114.337,-172.208,-53.3588,21.6889,225.177,119.361,-161.112,
		node 181.521,29.5114,61.2109,215.634,-138.646,61.3588,229.701,42.8624,187.969,-116.57,83.2101,47.2334,-118.569,128.707,110.769,50.2231,44.733,84.0012,9.19515,-137.741,-161.217,33.9487,256.916,-138.851,44.9355,-57.4388,
		node -109.671,142.165,161.483,28.9886,11.235,39.7729,89.8667,194.153,-119.215,71.2382,197.953,45.4337,122.496,64.2463,46.8811,92.9999,105.02,-133.925,124.759,100.255,93.5397,65.7588,-222.879,74.9283,-133.961,237.448,
	layer
		node 183.037,101.622,67.3062,179.11,63.8958,-164.832,
endPlayer
