// Player85
stat 7
	layer
		node 129.132,-77.9375,147.823,81.2523,100.347,231.714,206.64,1.13494,156.111,67.6856,53.8016,118.078,-149.928,243.076,48.3325,-158.88,-140.935,87.9645,86.3425,65.7559,-50.3982,68.0531,119.762,120.849,-49.8359,218.066,
		node 109.474,128.567,120.574,171.245,86.275,112.592,100.191,-79.402,170.365,-8.18171,-107.342,153.355,81.8273,158.688,-64.6152,114.531,226.454,216.357,116.046,10.5996,-186.402,166.368,61.5686,46.4057,49.1307,63.5761,
		node 47.4798,226.006,181.14,119.107,219.2,156.46,118.285,-131.547,99.6246,130.056,-156.018,154.702,104.797,-68.8391,62.9486,-157.53,55.8184,11.7442,71.3504,179.234,165.189,145.933,19.5182,78.883,203.178,137.55,
		node -153.893,120.054,-120.388,-29.2902,86.348,-128.41,236.652,-123.978,10.956,198.219,176.339,-80.1507,-132.516,199.402,102.051,19.7852,35.9062,69.208,-118.704,56.1904,-157.885,-70.627,259.606,-132.339,33.2627,75.4455,
		node 46.2408,-46.8458,231.961,100.538,-16.0632,122.932,96.7958,109.636,-4.31097,-152.612,199.277,19.947,186.876,112.721,-146.148,42.3022,19.5423,32.4519,-149.173,102.535,-166.275,-166.389,-222.953,97.2424,122.881,238.995,
	layer
		node 2.86297,-68.4886,97.3827,-172.307,100.365,70.5775,
endPlayer
