// Player40
stat 3
	layer
		node 234.901,-63.0031,91.3265,32.6462,38.6855,110.032,182.306,51.0448,-156.44,155.798,51.3969,87.4601,-131.967,77.0084,33.8607,152.885,-177.207,0.918636,-222.077,-199.549,-43.5127,215.45,185.565,-139.086,85.3883,49.4545,
		node 103.845,133.37,-151.904,71.2173,-180.48,124.928,167.167,-73.4728,153.805,114.001,-32.5507,160.921,112.123,88.9613,-143.271,132.175,-67.7872,25.9593,-125.407,-150.27,-217.339,-57.5926,-131.657,166.574,55.3989,81.092,
		node 104.387,135.281,108.02,52.0667,113.988,178.107,164.807,48.7083,235.744,79.1807,233.947,64.8902,194.223,-163.783,16.8755,129.991,51.4336,20.0926,77.9372,-205.938,122.228,-7.69641,68.4624,95.4713,97.186,-162.6,
		node -130.697,199.083,-99.5283,178.362,122.745,62.9036,225.084,159.49,121.781,187.293,-203.643,61.5175,55.9199,74.1995,108.745,-9.3676,23.9335,64.7813,-106.591,139,-105.391,45.6086,-172.774,114.692,44.4759,-42.7449,
		node -124.109,-45.5794,162.474,130.118,-6.09827,38.0407,12.8941,195.027,214.777,79.6055,208.229,40.8444,115.555,105.636,31.3119,50.1025,140.842,107.279,-162.114,234.63,88.8886,61.9737,223.647,76.9285,217.218,-234.34,
	layer
		node -24.6236,165.242,104.558,80.6097,213.589,122.18,
endPlayer
