// Player3
stat 7
	layer
		node -55.6812,28.2846,-31.7188,-107.984,-33.1014,-47.025,58.2955,87.709,88.5043,12.9531,-91.8266,-14.959,21.7865,-69.0748,-203.44,-5.39369,53.3241,-14.4403,69.5396,59.4546,7.65655,-1.15163,-113.314,59.6796,65.4426,-203.947,
		node -31.6957,-11.6526,3.85627,25.9905,11.9813,-147.636,-8.40388,129.429,-162.36,-60.4749,-90.7002,21.4459,-120.867,11.8707,26.6406,2.03998,100.523,-27.7141,25.2755,99.2964,-15.061,-112.123,-59.7789,-29.4297,-28.5149,10.6715,
		node 51.4867,14.5062,-37.8324,32.0241,40.4348,17.8794,45.0152,1.92247,10.4853,56.7927,33.39,-60.3628,-67.4292,87.6701,-130.384,-0.371968,-45.3192,54.4225,7.78436,8.82112,-80.7903,-44.9328,-33.82,37.273,-166.781,21.1697,
		node 7.65866,-59.8553,-10.0853,-14.2815,-65.79,28.5192,-16.3415,51.5768,90.327,18.6976,-51.1942,-0.800217,-34.1125,83.754,18.7907,-64.7194,48.329,-66.7818,69.5812,100.054,-144.34,-44.8342,-72.26,-19.6211,80.2119,59.7117,
		node -197.4,45.0836,27.1542,39.6072,50.9042,-179.737,9.75925,-29.0215,61.0943,80.618,-24.1121,11.9085,48.4957,-165.855,-7.10028,7.45893,33.0835,-50.2379,27.4561,36.2471,32.13,92.4596,16.554,-12.3374,54.8476,5.99149,
	layer
		node -150.283,32.1845,-25.7793,-153.25,10.7983,4.44856,
endPlayer
