// Player5
stat 8
	layer
		node -103.979,442.131,-182.74,408.453,-117.177,-227.431,-136.954,194.857,-178.195,-149.928,225.704,-230.708,-97.4552,-99.1709,-174.77,125.389,-171.428,173.634,-259.119,-78.883,-151.033,-162.706,141.094,-233.608,-183.633,-291.283,
		node -188.913,157.514,-151.751,179.046,-68.0804,385.299,-82.0746,166.232,416.189,190.13,-185.209,156.613,-118.935,-133.11,450.271,-76.2221,-163.126,258.705,449.846,232.541,-109.853,218.256,-260.611,223.212,-130.31,-168.356,
		node -91.5618,-176.993,81.1074,-88.0469,171.812,-259.731,170.838,167.387,-218.281,463.846,198.855,440.55,-128.039,-192.322,-112.269,184.677,-260.931,-175.733,-186.085,-214.257,-114.975,176.286,22.6464,278.849,272.253,191.274,
		node -138.265,-196.553,-111.942,-188.741,-222.005,449.67,-202.551,78.3621,-259.671,147.796,134.446,-238.974,-223.429,-186.902,-157.47,-191.998,-73.3054,-68.6519,345.986,-106.753,-174.926,-210.105,-252.366,-217.414,-192.93,229.258,
		node -108.576,-108.678,180.062,-153.212,-243.319,228.131,-141.742,-174.604,233.964,459.659,-189.68,84.2893,-163.599,207.893,170.032,-140.336,200.778,-136.646,-189.502,-163.451,-216.821,-178.828,461.355,232.476,225.889,-65.125,
	layer
		node -249.771,-66.5882,129.103,-66.9562,-116.969,185.411,
endPlayer
