// Player52
stat 7
	layer
		node 128.334,-249.866,-130.926,-241.023,24.4255,-124.095,-137.117,-246.149,-221.501,-260.015,-242.731,-218.974,200.543,-178.548,-128.417,-129.275,-170.702,-130.845,-113.618,467.964,272.264,-251.227,-157.989,-145.745,242.646,-265.053,
		node -125.639,-179.457,-154.892,-117.531,243.276,-204.198,-77.1871,208.754,382.64,183.463,440.974,289.266,-180.38,-32.4172,468.822,-75.186,199.134,-215.983,-149.424,234.054,146.745,-173.005,-123.5,-96.4168,488.029,161.751,
		node -235.913,-179.088,87.0513,-78.6719,195.625,-169.858,-178.01,-218.463,269.354,-220.796,-194.032,446.063,169.721,-118.852,-160.859,201.049,-171.169,-159.551,-185.153,-167.711,-107.912,457.316,20.5486,-169.156,186.058,171.221,
		node -235.765,215.961,-104.875,272.856,-158.042,231.491,-141.352,-239.093,274.191,-280.518,-237.055,-143.114,233.197,-187.487,-169.228,-250.686,172.974,470.723,185.876,-177.224,-178.557,188.223,-235.243,-221.892,434.373,189.202,
		node -114.201,150.557,-121.692,-143.537,-245.921,225.697,-98.0005,-190.239,-71.4011,147.178,-149.407,87.0462,-162.527,287.993,-121.526,-102.259,-230.514,-128.575,-109.851,-214.347,-158.534,196.859,-180.556,139.426,-141.217,-64.0221,
	layer
		node 238.405,-178.149,-123.585,163.465,160.101,164.525,
endPlayer
