// Player50
stat 6
	layer
		node -42.0669,-59.5212,-79.26,-18.6756,-96.6922,-16.1399,26.4454,72.5862,34.5052,71.061,-98.1867,51.3498,-5.40386,71.0006,21.2512,6.94113,92.4268,13.9658,-51.7273,25.4273,54.003,-19.3949,30.2061,49.7351,65.7421,28.3615,
		node 30.3871,65.1795,-114.491,41.3372,55.886,-38.5544,-88.1913,31.709,-2.12527,-29.6205,94.1977,17.1518,85.5763,13.7498,46.6888,3.59118,23.949,20.2794,37.7305,31.2106,47.1994,-30.442,-61.8236,-44.3965,-40.8936,-33.1438,
		node -8.98021,98.8789,38.6788,19.6864,-12.8264,-102.306,-31.8795,41.0863,-90.5982,-49.1668,-5.97907,43.3592,87.1862,-41.5349,-31.3746,-109.086,107.196,76.3755,-11.9123,-100.733,-36.8408,156.931,77.4852,44.7425,-48.3035,59.5246,
		node -69.6351,-5.76723,-43.4334,-12.0934,50.6699,39.5748,2.9952,-4.965,-7.35146,68.6357,23.9339,-11.3073,-11.6592,20.9493,35.5449,-52.1134,-66.7247,156.292,22.7176,6.34166,52.9263,36.0637,-54.1761,44.8539,-21.0025,3.85489,
		node -64.9554,-12.3732,83.88,-60.3634,30.4908,53.6556,44.4315,57.372,-76.2582,95.5164,87.4484,34.4713,105.332,37.3827,3.2461,81.1219,-100.929,-31.0629,71.2009,-45.2437,-31.9655,124.842,-35.4948,-106.262,-28.6313,-24.1111,
	layer
		node 24.7071,45.0228,43.5778,-46.6332,-13.1034,51.735,
endPlayer
