// Player78
stat 8
	layer
		node 130.192,105.124,-166.911,-46.179,5.39775,47.7551,14.2808,-160.016,12.9041,-66.9651,1.43153,66.6499,55.7491,-47.9239,48.4657,43.4528,35.1649,3.45069,42.3918,23.5677,36.5996,33.5227,110.578,70.0132,-137.756,-12.5347,
		node 0.41742,102.41,-44.5544,111.078,185.043,-110.789,-89.0164,11.5376,-107.392,159.399,71.2268,-72.5267,-62.662,-81.5301,-60.8984,186.992,-50.8005,-20.7896,10.729,-51.5974,159.545,-155.158,-61.2386,46.0912,5.68954,74.8622,
		node 90.3662,-123.434,18.5785,32.4434,21.2558,-177.596,-60.3666,13.1429,-142.06,121.67,81.1731,49.5794,1.8784,82.4594,-161.034,108.508,70.6839,-28.2326,-155.379,72.4368,-33.6377,110.349,-32.4135,-9.6376,-43.7674,37.7633,
		node -48.5021,16.8925,-109.198,-10.237,-61.8841,94.1551,51.2101,-30.9811,94.768,-31.33,7.7615,-5.52709,25.7645,134.073,89.9825,3.08171,-169.721,-136.737,181.063,172.352,-19.1167,28.481,-61.7154,18.6733,-18.0303,177.833,
		node -138.9,107.451,3.82152,-38.1683,-12.292,96.8792,13.2679,-25.788,-9.61716,35.5496,100.508,-14.383,-44.8151,59.1647,73.8919,-54.8571,64.0294,20.9827,-56.9961,16.3711,-97.3238,-156.363,133.619,-6.48741,242.78,54.6854,
		node -39.0198,-74.9207,133.341,1.49561,3.41684,88.2174,90.0403,-37.0251,-40.4791,-35.0031,31.7919,18.8041,-38.5265,-134.009,-6.04523,195.827,-219.322,-15.7583,-51.7602,102.635,-67.019,209.87,19.4185,296.761,-54.4485,-8.86207,
		node 284.836,66.0008,177.596,15.7404,66.6472,-165.376,15.8625,80.4824,60.4809,106.564,-18.2213,-39.83,185.439,-128.282,54.7589,-113.369,82.132,21.1421,81.9897,85.7945,-21.9769,311.489,25.4946,92.5764,-40.4883,-14.6601,
		node 42.0477,-50.8547,265.96,101.028,125.001,89.1335,-170.467,-94.6664,-2.18187,58.2653,103.135,-101.17,-50.4711,98.7003,72.0778,56.4422,-70.1753,-7.74344,167.26,-127.285,76.8758,129.934,105.568,125.146,26.2456,42.5547,
		node 37.9602,31.5678,78.3088,40.9451,-143.724,-2.74979,95.0606,94.3597,-63.4982,22.4075,0.874005,-153.17,106.167,14.6057,-52.731,-8.38207,-36.766,-19.7874,138.997,51.9739,46.7831,118.78,-37.4087,-25.9276,-48.0211,-132.252,
		node 83.3758,46.6528,97.9933,82.3326,93.2587,4.52816,140.603,-0.672064,106.446,-55.4189,93.2839,79.7853,-156.016,79.2207,6.08412,13.1595,43.3937,60.391,55.9859,11.0289,19.7178,16.4546,86.9063,111.585,-0.18638,54.0414,
	layer
		node 23.1782,72.8368,1.42433,-31.2423,121.018,98.8363,24.6679,65.7251,-58.0737,59.3827,-30.5314,
endPlayer
