// Player36
stat 7
	layer
		node 31.9941,12.5712,-154.71,92.0178,13.0316,13.9667,14.9623,-172.065,27.5643,110.156,12.5719,-116.29,-151.886,-42.5411,61.8613,25.6281,-17.958,120.026,-80.6743,26.9245,58.3192,69.5518,102.047,34.7585,-138.182,-23.83,
		node 12.944,125.334,-53.9324,-125.956,2.21443,-113.448,206.288,-17.5143,71.8184,165.709,144.058,-69.2278,19.489,-77.7071,-75.6187,131.587,-50.4407,-32.5847,-14.742,-50.1492,-54.4119,-108.116,67.0022,42.2725,61.3911,57.6,
		node 86.708,-141.493,12.0009,-9.37034,26.8415,30.4328,-71.4089,66.6559,115.848,8.11029,-53.322,49.6346,-0.846197,-85.9868,61.0277,109.016,-142.533,-29.3482,-4.48125,27.3255,-175.756,10.626,92.4883,-27.2836,-54.4018,52.1374,
		node -69.9142,-81.9986,-22.8542,25.1849,-46.7018,99.2991,65.9326,-6.26764,77.428,-161.1,-109.041,72.9399,34.4367,-62.1553,29.9944,-5.55877,-164.86,22.1358,185.08,-51.9227,-28.1881,-86.1961,0.391796,-22.1657,50.5314,93.0916,
		node 109.584,34.2176,57.5288,-21.7248,119.637,85.334,13.8423,134.596,5.8141,91.8738,-56.4308,70.7056,111.859,59.3049,85.2295,-6.94154,85.2953,-141.081,61.6208,154.282,-28.723,-160.967,157.946,-177.811,-56.3341,67.6634,
		node -63.1145,-69.4159,12.5646,-31.9491,-60.017,-19.8083,112.916,-6.07189,57.8741,-24.1933,31.9626,-9.26426,19.3704,-28.4142,-1.64657,-127.923,-202.452,-17.395,-47.3676,93.7287,42.7113,169.945,22.031,297.426,-0.911506,-3.34003,
		node -157.266,32.7333,-28.5748,15.3276,99.0375,-148.674,117.891,77.1964,80.5611,103.116,38.3621,-25.8946,-164.744,116.929,93.4144,19.4456,34.2121,17.8924,-25.8186,73.5024,-26.8394,301.773,172.179,25.939,-86.3905,55.6522,
		node 97.2284,4.37479,-17.4884,82.775,-31.1419,29.0693,-156.566,-85.9709,-11.7121,24.6858,99.1874,-102.136,-48.8851,92.2107,-75.0942,98.1641,219.636,-73.4331,51.9935,48.8728,82.077,78.7154,109.039,105.873,-0.272496,60.0201,
		node 76.0334,24.1518,50.3928,-72.5105,-57.0844,127.628,69.3596,148.146,11.2111,-74.6918,15.9775,66.0977,204.323,-135.206,-44.1306,-55.7118,-65.5446,-20.4106,97.1555,190.056,7.66321,8.22164,-156.515,-23.2464,-66.0938,21.0316,
		node 60.4165,-122.887,-31.0594,108.517,31.7222,33.3254,78.7426,27.9183,110.115,21.7856,157.878,63.8339,-12.6837,82.7307,7.08565,10.5218,11.6312,-12.2798,54.9329,-91.7714,13.5491,17.5233,194.353,159.399,-1.05077,-39.2465,
	layer
		node 91.2863,-34.1975,79.5543,-114.931,58.2859,-10.7279,85.3361,-134.009,50.6958,-112.552,52.6985,
endPlayer
