// Player68
stat 6
	layer
		node 115.753,133.407,59.3654,56.312,161.136,-163.392,169.164,47.3493,1.34364,-125.816,106.342,-7.5226,163.322,-91.9531,17.8343,72.8442,62.3304,94.2529,68.9218,185.55,-62.8091,176.666,29.0499,8.97358,77.5724,132.93,
		node 112.789,199.161,-31.6627,-22.1507,4.19831,85.6282,78.1377,-2.49629,-17.0259,-170.778,-26.8081,-110.711,133.103,169.639,59.3994,175.463,76.6234,8.55687,59.1417,111.007,29.8615,-44.1402,68.6762,145.356,68.5458,37.4081,
		node 39.613,-21.9597,58.3551,37.818,163.879,37.2294,-99.0595,94.0083,-14.5305,22.7542,67.4487,-30.6172,116.25,-139.093,70.2109,46.9978,10.1756,64.5786,-78.7889,122.503,68.5753,65.9732,154.166,59.7717,-27.3215,147.771,
		node 184.544,74.6174,44.0628,157.629,47.2584,40.0336,83.5174,65.7215,42.9501,66.8183,212.382,97.9768,79.373,39.5652,58.7452,-68.2845,-40.3489,142.277,51.5963,50.4258,77.3746,33.8616,177.266,201.453,69.6936,-13.2622,
		node 24.748,16.5883,-88.8289,60.6016,79.5304,-32.0394,70.6963,152.467,61.4585,27.2996,100.208,-159.932,129.257,1.50636,4.40308,31.3277,34.616,30.3914,-75.8012,2.07031,98.2717,38.1037,49.6357,136.912,155.81,94.1625,
	layer
		node -100.018,175.621,-156.309,-41.1671,-37.1589,-12.4616,
endPlayer
