// Player62
stat 7
	layer
		node 29.6865,47.7599,-191.52,17.8443,6.85971,-85.8443,-40.0877,-45.3088,28.9954,-225.84,65.0995,-73.0832,54.1989,3.79527,43.2372,15.312,-103.344,-95.2708,53.2268,-18.4197,63.1397,-38.8317,38.9722,-119.515,63.0764,-68.9777,
		node -12.1167,-213.142,21.5311,92.1895,-205.127,79.0251,78.7543,37.3131,9.38458,80.4207,-199.48,-1.16743,-77.5192,-17.5772,82.2722,51.244,52.1078,-96.3925,49.7983,-87.4004,30.5087,62.9028,4.39309,-13.6058,-64.2247,46.9013,
		node -174.349,-74.9243,-5.2007,68.803,-121.931,-107.888,76.6645,75.7924,-60.3039,-253.889,87.643,-19.7392,-183.968,40.7914,42.766,99.5632,33.0638,23.7227,16.1657,-57.5379,55.7795,82.9861,-11.9614,2.84088,-63.7622,79.2531,
		node -1.07623,76.583,-78.5016,-55.5228,-99.2348,-230.165,33.8449,-61.5609,-55.3482,-42.4629,55.7969,-88.8105,63.7194,78.8572,49.0892,-163.086,-39.2573,-68.1669,17.3144,-4.30296,-22.5044,52.8,-0.465855,-36.144,66.0603,-5.57927,
		node -2.90844,36.8535,-20.0433,86.1178,44.4023,33.9419,9.37585,-125.917,-3.88061,84.873,75.4065,-82.9487,60.4134,53.5655,34.5453,-36.1486,54.5359,-199.623,23.9306,-16.6074,-41.7276,38.4983,-89.3334,-54.903,-47.428,-74.8813,
	layer
		node -115.434,-206.07,99.3488,-223.922,-121.834,41.0858,
endPlayer
