// Player27
stat 6
	layer
		node 23.9273,34.6714,2.18324,-37.7735,-67.7078,55.2465,-8.8093,-170.682,33.2054,-232.151,-10.2401,36.4883,99.1903,89.1183,41.2018,-21.2811,86.8717,-110.149,60.142,-110.779,-57.2577,-45.5958,-96.403,-98.1945,-50.6594,-67.7232,
		node -26.5627,-203.715,28.0051,35.6071,-204.84,-2.7533,-9.81777,-108.522,50.5295,-247.585,3.19663,79.3594,-76.5371,-13.8824,84.0018,-99.2149,43.681,-62.709,1.77401,95.8864,29.4124,-79.9332,58.5669,17.9773,-82.3608,45.5598,
		node -72.591,-118.096,-107.215,-209.716,69.6374,0.931832,65.7532,6.12928,-68.3746,-42.8261,88.4733,-34.6157,-205.449,-8.50477,-48.0836,-66.4958,-13.2858,60.7015,152.944,-49.9593,12.8107,44.0477,27.9252,82.494,-33.1027,52.4052,
		node -2.64678,40.8154,-69.639,-39.3929,-90.5141,-84.524,24.0652,-57.9362,50.9202,77.0842,59.6781,-76.8796,69.7358,76.4525,55.2221,-3.01436,-42.1885,4.02614,-39.9397,7.88949,47.7941,70.4279,4.78743,-33.3884,54.1704,-76.4714,
		node -74.0703,9.43122,-18.1783,59.6825,43.7064,-42.7995,18.3207,-109.484,-43.6093,-1.12954,12.5911,-58.8671,-28.5331,-217.096,38.6613,-71.7223,50.3528,-159.715,6.57141,3.74035,4.81373,-4.97078,-21.0867,-56.1865,65.7667,-12.1847,
	layer
		node -80.9265,-168.682,42.7803,-171.199,68.3641,-245.694,
endPlayer
