// Player57
stat 2
	layer
		node 43.1445,18.1646,-18.4997,-177.991,-26.5251,-2.81501,126.67,-94.2522,59.0556,96.8718,-55.8021,24.6992,92.4819,156.488,76.0299,-27.7683,124.393,47.47,40.1881,28.9501,3.24498,28.6357,80.9921,-33.4727,-37.9431,63.0818,
		node -88.8227,-77.0605,60.4805,75.021,-39.9712,7.15831,-50.209,-107.475,54.1195,-32.0394,-39.7057,12.9671,17.4846,12.0851,-93.3023,-43.4554,174.5,9.05938,35.4534,9.86566,-66.8268,-8.46041,-12.6007,110.966,-34.4699,76.8881,
		node 70.1673,130.691,117.3,-18.7871,98.6726,70.4526,-39.6194,-80.2205,-76.0196,-33.5968,79.0733,-103.67,98.0213,-8.45366,65.864,-62.0581,24.1303,44.164,34.4046,25.9891,57.7415,-28.5753,-15.4591,-108.139,-65.4424,-51.2957,
		node 57.1419,-127.525,32.3631,-41.5163,-45.1795,104.44,68.8571,-24.1161,31.3138,-72.9265,101.147,88.065,7.21682,-44.7659,-79.0033,80.5307,-18.7836,43.7285,-8.85042,126.732,84.9401,-56.2805,121.779,25.2503,151.539,50.0723,
		node 27.2598,-2.4015,128.995,-62.3325,-84.3283,27.4308,-5.04821,-3.60645,33.3765,-138.079,-87.0464,10.5743,-12.2574,65.1196,56.0461,44.0546,59.1782,46.7443,69.2952,-76.2763,59.4982,-63.8287,-40.2697,39.3231,-55.8948,86.5064,
		node 0.57185,35.5892,-116.676,-56.8294,76.5665,-94.195,2.4174,60.0602,-66.3192,30.8286,-123.297,-67.1737,136.786,-6.37492,95.6591,-65.7619,-108.057,-30.5797,64.5726,-7.65138,-50.5287,36.2731,-46.1434,16.2088,-124.518,-68.3797,
		node -2.88212,101.419,37.7193,8.94511,-36.0796,139.254,-115.306,74.4436,-34.5373,93.373,24.243,-82.0017,-73.5223,-144.402,82.72,152.875,48.5063,15.5025,121.667,32.242,-1.73957,6.86641,102.338,123.359,99.5609,4.81586,
		node -115.879,-27.2593,-23.3268,52.152,-88.2111,-29.239,-17.6001,-101.907,184.314,38.1318,85.2162,75.4861,108.496,0.62143,23.2854,57.9894,42.4874,29.9125,122.349,-7.8535,65.5472,56.0545,114.691,19.313,124.396,-56.8825,
		node -2.17376,-141.302,3.86431,-165.869,-34.477,-118.316,-56.6785,106.226,-2.78167,-88.1419,30.3296,-0.859634,42.1057,25.03,34.889,-26.9344,7.54777,35.7418,65.6131,-21.7636,56.0913,3.88433,62.0594,-31.5051,-63.9809,44.268,
		node 75.5674,-32.8679,12.4949,94.9117,-73.5537,5.33867,54.6614,-69.0896,101.73,63.4167,12.2058,58.6259,42.1984,58.0377,24.4986,-12.0875,41.8104,13.4554,48.9288,64.5279,7.65872,-28.6056,100.829,-48.957,31.7721,-54.3058,
	layer
		node -0.046394,39.2511,-5.15485,-108.083,-79.6348,33.102,-13.7942,-60.3077,57.7783,39.7035,-17.5112,
		node -44.4558,-8.52914,-59.3184,50.3586,-127.003,89.3076,52.9685,-76.095,59.4947,26.0035,118.469,
		node -43.0953,46.1732,22.0709,142.959,-45.4305,-40.1285,-68.6952,126.123,124.425,7.90227,169.665,
		node 38.6238,143.295,82.5455,111.78,18.8807,31.503,55.6151,-4.69843,6.84881,22.4484,-49.143,
		node 42.9836,-52.0882,144.733,-19.4812,111.28,50.178,38.254,8.29614,-8.14797,24.8189,31.0824,
	layer
		node -33.6322,31.5168,87.5489,-50.5117,40.3378,105.695,
endPlayer
