// Player51
stat 7
	layer
		node -71.3982,76.7695,3.57451,-138.729,246.738,159.927,230.277,126.828,56.9169,62.9327,133.676,60.2069,231.466,155.208,-93.9558,26.0393,168.641,105.812,193.485,244.235,87.5836,112.836,9.43187,49.2266,239.183,28.7595,
		node 80.9264,12.0067,164.521,148.369,185.325,24.8688,-50.1138,-29.5668,-84.6345,207.053,190.211,189.309,28.4845,184.069,-73.7945,246.45,108.649,171.041,199.095,16.7394,138.295,21.3356,-76.2713,82.9597,-22.2615,127.391,
		node 33.5449,213.092,86.9603,146.873,209.014,190.665,213.535,-92.669,103.419,187.772,100.605,140.638,-68.2671,131.514,-91.7546,176.445,237.619,109.533,64.2769,93.6732,160.755,-59.7971,139.597,164.667,1.54597,127.568,
		node 115.627,124.733,89.7064,112.39,185.955,28.2118,-63.8886,172.26,133.078,-136.588,193.967,96.0099,-3.54764,-71.7166,84.8728,150.069,158.586,-58.1144,174.722,152.883,50.0334,89.1167,121.687,115.784,-98.3383,70.4506,
		node 100.899,215.208,223.331,8.5803,222.988,82.0954,98.4026,34.4035,15.5345,71.4467,135.722,54.5988,24.2798,139.217,112.806,108.334,-16.9578,207.377,133.429,210.894,176.264,122.969,255.088,167.707,81.7395,76.5881,
	layer
		node 52.0653,217.072,146.417,-104.71,248.277,128.009,
endPlayer
