// Player30
stat 5
	layer
		node -67.9186,79.2979,16.122,138.931,37.3121,114.349,121.629,-58.2393,53.1131,79.8776,131.922,53.034,188.901,79.5359,195.456,155.204,162.496,124.644,-115.106,119.089,70.1257,114.558,163.344,43.8481,231.189,25.4516,
		node 85.1553,5.53364,185.287,157.643,8.1573,-55.3373,45.7222,38.0554,103.53,216.29,83.3455,115.378,23.535,184.933,-71.8937,-65.8238,-83.1453,-76.8063,199.594,-6.75372,98.4738,34.7027,158.555,75.3424,62.9879,32.7903,
		node 107.977,207.88,106.939,198.821,104.646,188.546,197.242,-83.7945,81.6484,189.939,81.0039,204.016,-70.9859,186.423,62.745,118.832,-132.583,-121.271,18.4951,76.5776,222.281,39.5211,19.4649,168.971,119.18,133.687,
		node 209.016,119.11,84.2182,72.1401,8.98875,96.1191,-67.676,-55.1621,236.897,57.4012,-104.458,190.235,0.709911,-83.026,123.84,58.723,101.692,156.626,179.707,187.785,52.7359,82.1131,246.206,124.346,-83.5891,17.0966,
		node 111.196,204.049,225.476,75.5954,195.352,-47.051,95.331,149.743,212.969,91.6849,70.3276,45.7389,94.8498,18.5349,249.058,128.109,-7.47328,126.475,91.1075,92.9572,-123.276,-82.5255,251.123,203.594,132.772,91.475,
	layer
		node 215.131,196.583,78.6866,35.2067,201.153,53.9359,
endPlayer
