// Player50
stat 8
	layer
		node -80.7616,75.2266,-13.0942,79.8383,149.767,33.9977,74.8109,129.199,54.5081,71.3615,230.167,142.537,138.609,108.501,159.684,27.6235,169.195,37.0687,-120.711,249.098,-76.8319,236.186,-13.5214,48.5151,125.783,24.0053,
		node 80.9155,11.7873,165.431,141.613,184.817,177.498,-52.0494,145.983,-85.1513,205.298,79.962,136.095,3.86318,180.418,-72.9814,-60.4233,-89.6933,174.072,202.075,130.094,96.5702,24.1903,240.412,84.2741,-19.0066,31.7592,
		node 41.9101,206.069,203.842,151.927,157.968,187.978,211.191,97.9286,105.425,187.605,101.565,152.452,116.818,184.854,157.462,174.022,69.8209,171.242,11.3476,93.9194,20.7296,-59.8974,-27.8196,214.07,0.00758,127.13,
		node 117.341,-3.04596,91.8353,111.342,-75.2075,26.0448,-61.0257,172.656,234.533,191.138,186.919,94.7276,-3.71344,-78.0824,20.09,86.8659,101.721,171.781,181.289,149.133,54.1677,-22.9877,115.974,118.558,138.999,21.3276,
		node 101.003,214.568,225.476,77.0563,-82.8908,-14.2184,98.2429,35.0654,214.674,84.6389,74.7736,48.7951,23.9394,197.696,117.357,108.586,-16.901,124.028,32.37,191.529,187.25,133.182,-49.6421,237.963,132.016,17.8788,
	layer
		node 53.0289,151.162,115.161,-105.234,150.681,238.985,
endPlayer
