// Player46
stat 5
	layer
		node -119.529,-77.6869,-17.4372,-26.6073,-19.8107,25.3674,-90.9627,-137.597,-52.2747,-58.3091,-144.684,-81.6865,9.22391,-85.0949,-84.4773,-100.74,23.8633,-62.0764,-73.5385,3.88081,-24.8798,40.2292,20.8853,36.7636,105.426,-53.9743,
		node -27.5435,-172.539,-157.84,9.55616,-45.5434,-62.0706,-41.268,-10.2172,-151.621,-55.156,-36.1661,-3.44718,23.839,-23.1946,6.7357,10.2049,-3.71823,-232.765,-120.974,-202.019,-49.4436,-170.877,-87.0809,-102.886,-14.8359,-20.6111,
		node -51.06,-181.693,-63.0769,-119.601,-74.6983,-144.54,3.36602,9.06497,-208.104,-67.5787,-89.9199,-116.963,20.1469,-84.0297,87.5876,-16.3994,-184.919,-127.568,-36.8681,-188.46,-203.912,56.1599,-179.63,162.825,-41.6425,-62.9739,
		node -62.3755,-189.845,-200.989,-183.222,-150.052,-88.5811,3.30763,-15.76,-78.6153,19.7162,-79.9549,-109.878,-150.217,-5.69614,-185.829,-142.981,28.1428,37.804,-80.6571,-147.488,34.7722,79.8109,-235.708,-107.417,-10.9179,-195.601,
		node -5.00432,-210.242,-65.8536,-140.75,-78.3743,-109.939,-25.4511,-53.6871,-30.0835,-83.1089,-41.7061,-146.687,-29.0253,-87.0689,24.6157,-59.6799,-64.2319,-197.564,-21.7127,0.883835,-50.589,-86.0126,93.0437,-52.1146,28.9928,-77.7291,
	layer
		node 24.3945,-25.5095,-142.65,-183.229,-40.0891,-81.2013,
endPlayer
