// Player19
stat 5
	layer
		node 1.84844,-67.6059,-21.0077,-60.9043,-79.6773,21.7519,-171.863,-37.5856,-28.2414,-47.1813,-75.0287,23.4614,10.7925,-40.3517,-73.1805,-102.871,-61.0009,88.6459,-33.8779,-97.3077,-32.7431,-166.329,-170.119,-200.794,-87.6538,10.4134,
		node -66.022,-84.239,-3.04599,84.9203,-73.1491,-81.3319,-141.438,-7.625,-169.958,-62.6806,-40.0882,-5.99708,-88.2793,-197.818,-126.858,14.6849,-129.837,-59.3976,-122.692,1.24192,-32.5034,-179.32,-118.689,-14.1078,-55.4348,-20.1376,
		node -157.495,-177.653,-63.2097,-182.579,-206.501,-172.302,112.698,30.4052,51.054,-67.2436,-116.741,-117.342,-190.715,-88.7719,83.7658,-97.2181,-203.748,-27.8846,-202.459,-9.51468,-82.8047,-21.138,-188.385,-76.4389,-106.438,-64.8103,
		node 19.0681,-51.9796,-181.248,-74.3556,-102.721,-61.0925,-56.5957,14.7528,-126.552,-185.693,-34.0075,-109.797,-185.499,-24.2856,-218.563,37.6242,-3.15813,-111.304,-77.6453,-135.622,-8.60251,-46.7618,108.006,-137.79,-70.4743,-193.271,
		node -80.6066,-101.32,-17.8219,-145.883,-72.8177,-110.113,-51.9437,-51.5522,-43.2014,111.548,-53.612,-78.9022,-82.7371,114.15,-100.041,-103.701,-64.7218,-39.5066,-72.7309,4.5362,-88.6423,-87.0236,-55.5286,-144.193,-34.7142,-72.7486,
	layer
		node -122.457,-197.206,-145.947,-142.021,-44.3828,-152.098,
endPlayer
