// Player27
stat 6
	layer
		node -78.6859,213.397,-213.37,207.713,-156.028,3.72862,-82.9173,273.521,298.461,273.662,-157.121,-64.2935,142.416,57.5291,265.676,85.376,286.797,42.13,251.986,95.4938,-151.695,-86.3904,74.0946,-93.1983,57.1507,0.0171767,
		node 30.6657,212.255,-65.4476,-104.154,-104.382,52.9233,209.129,21.6691,219.204,-123.479,-26.5087,-110.58,-93.7425,-87.5929,10.9197,-33.4647,-34.6942,-163.288,-107.681,-108.315,-141.286,-193.866,-162.069,-15.9914,-57.8485,219.134,
		node -83.359,-21.4349,61.8042,-54.4658,248.886,205.682,-83.0567,-90.6724,-107.352,226.397,-76.2529,-1.41255,234.49,16.566,66.6291,-221.73,-145.799,-154.734,216.085,-128.999,-105.424,-224.9,82.993,-81.449,-13.6437,42.8146,
		node -150.137,81.0771,0.535705,-89.6256,-80.2867,79.9196,59.4206,-126.824,-25.6908,-9.59317,-127.962,-102.847,-133.924,32.2902,-172.025,-81.3415,-118.016,-132.919,90.7994,92.9036,68.4494,-96.8893,20.7403,64.156,-110.132,92.1294,
		node -186.725,-102.906,285.245,-99.3698,-107.892,-109.23,15.7425,243.58,-118.27,31.6598,-18.3481,-58.5605,254.605,-52.1188,19.5384,-23.1454,189.509,-104.269,-71.9097,-13.6579,-146.993,185.105,238.78,108.975,17.7069,-127.418,
	layer
		node 53.3505,2.23893,54.0612,248.579,-104.664,-98.9431,
endPlayer
