// Player90
stat 6
	layer
		node -32.5045,-218.388,-128.143,-128.627,261.101,-85.1162,-78.0434,17.7731,281.6,274.861,-107.809,66.848,234.885,-127.115,-17.4262,-108.89,125.001,42.7068,185.913,-125.497,237.445,117.578,-115.492,253.119,-132.848,235.453,
		node -70.3859,210.656,-147.781,-189.187,-137.961,40.7356,44.2471,-131.936,-128.399,37.3139,-75.6354,66.1295,-106.559,-136.802,3.41955,-82.2532,-228.85,-76.4487,-117.796,-115.74,-137.139,-192.561,-159.996,-126.502,-59.9699,208.091,
		node -150.509,-59.2994,220.6,185.543,250.464,44.7843,-80.4733,-79.4645,-33.8489,-59.6361,-28.7194,-96.1135,254.811,70.3201,292.157,-219.676,253.799,-98.7185,-107.754,-80.8862,-91.8672,-72.5557,-70.6636,-79.5763,46.3261,-16.7882,
		node -56.2835,92.1924,-131.518,-79.5432,-109.65,-214.763,69.8472,106.086,111.05,-12.3448,76.3471,47.5137,170.43,-71.87,-76.2667,-42.3535,49.1875,-137.91,-108.121,-114.529,-96.9763,-81.6684,-100.801,243.705,-113.226,-137.497,
		node -161.896,-93.3026,-10.1636,194.147,49.4034,-103.562,22.0529,45.5001,-201.823,29.4772,-70.8951,-167.577,255.932,-106.067,-102.917,20.6247,257.139,-15.1035,-130.182,-132.883,57.0765,190.851,74.7578,99.8942,-44.0208,-120.387,
	layer
		node -11.313,-131.303,-99.5094,-86.5635,-62.2713,59.0027,
endPlayer
