// Player14
stat 4
	layer
		node -95.5586,211.667,-216.794,209.037,248.899,-94.2307,-100.475,23.2103,234.233,-117.939,-114.172,-57.6935,-69.5957,-132.279,-21.9056,-122.529,135.128,-122.864,-127.139,-22.2179,-155.375,-89.0664,72.4177,-101.143,54.6483,42.8549,
		node -128.132,216.472,-146.705,242.958,-132.927,50.0313,-68.5159,-181.616,222.547,31.2544,-17.7866,-113.564,29.3523,-137.406,-21.6671,-80.6619,-141.475,45.0778,232.266,26.6041,67.665,-192.873,5.6597,217.389,194.629,56.6344,
		node 258.049,-153.094,49.0113,185.642,-213.499,-58.368,-79.059,-87.8154,230.493,-130.427,-25.3153,-87.7942,-114.185,69.0856,-104.932,-42.1794,-209.34,-95.8189,224.926,123.117,5.02357,-100.468,-131.926,-81.3106,-7.40402,183.745,
		node -84.6976,40.5415,-74.5944,70.4938,46.7014,-214.919,228.549,110.207,-35.1084,-94.4907,60.4359,80.0282,-183.751,61.6757,-117.04,-193.655,-133.593,103.134,92.3477,-189.049,-225.693,133.002,116.357,51.8031,-82.4916,93.8695,
		node -92.0159,-28.8302,108.799,-111.293,226.376,-98.3387,5.73352,-76.3078,-193.485,-76.2932,225.811,-72.1414,253.471,-107.263,-117.084,-122.614,250.332,-26.4112,-104.592,-97.9593,62.3503,192.553,-131.298,-110.207,-51.9856,-132.247,
	layer
		node -78.1165,44.4098,13.3115,-152.153,-122.889,-106.354,
endPlayer
