// Player20
stat 5
	layer
		node 78.8337,104.96,93.8295,181.831,4.91366,-85.5375,28.6551,-1.73708,96.5506,-119.007,-90.2105,110.345,-65.4103,-71.7926,54.9695,-22.3089,-91.604,-83.3612,-134.248,-4.11712,55.7018,131.223,106.355,137.144,2.50261,37.3539,
		node -116.98,82.7734,16.0052,43.1617,63.5049,-73.1215,23.6875,122.428,-85.4224,32.181,78.113,61.5252,18.1276,7.37765,8.57778,-98.0709,-23.5053,-72.3395,62.1285,-101.769,21.2325,-86.9787,40.2573,-27.3151,50.7649,-45.5671,
		node 29.9099,12.9593,-60.2515,-9.49686,12.3174,137.168,12.5667,15.4438,-108.563,-149.003,224.845,57.3776,-129.675,20.687,-15.4536,-98.5953,52.4472,135.355,42.318,-268.692,-47.0061,-29.0345,16.7309,24.0316,216.82,50.5971,
		node 21.7781,16.4094,87.5956,2.40709,203.941,41.5629,47.29,7.1539,16.9905,-29.61,6.44517,88.5285,10.4019,160.986,-294.874,-92.6154,45.6297,177.132,-17.5485,-121.387,186.161,-97.6741,-3.03192,55.9952,16.9988,1.32854,
		node 15.2431,-29.162,-3.68057,-90.3225,126.481,190.272,-54.1333,139.147,39.7703,63.3666,13.9875,-18.3777,10.2584,9.92818,-85.969,-231.999,-7.3954,-43.0959,-50.6163,6.91981,61.255,87.5546,114.037,30.0578,-23.8108,115.815,
		node -79.2781,137.182,38.5906,-112.85,-5.18685,110.632,-63.4081,123.977,21.7691,-47.5133,42.9096,58.3483,-54.7287,-26.8933,36.9383,17.8518,-280.277,-56.4312,-11.9058,159.01,-60.8011,14.5699,67.7636,17.2851,4.89393,26.8311,
		node -40.1625,-4.81706,16.1537,8.23819,35.9797,179.216,-63.1645,15.4734,177.572,18.2787,44.0952,51.4737,53.5624,-75.059,-20.2315,-164.036,51.5379,-112.351,161.782,-41.2014,78.908,-90.7027,170.371,-285.968,-17.5787,108.07,
		node 160.594,-37.2619,30.1081,151.973,16.0113,127.613,-64.3734,80.3193,-15.0798,-86.3432,9.51619,-15.6026,-95.9374,59.4457,-67.9009,-84.0462,44.2415,-91.4617,114.792,29.6496,51.9515,95.5557,29.3039,-27.1954,-5.67783,83.4985,
		node -226.431,-22.3885,-71.1752,-101.726,-60.5938,97.5661,-66.363,197.081,138.896,-13.5707,126.827,-84.6398,-76.6306,76.9129,53.1846,-42.5876,9.18429,-285.095,75.9775,-1.83544,29.8385,224.138,-14.7717,109.165,62.2721,25.3688,
		node 179.63,-58.7077,60.1628,-113,127.753,3.19761,115.315,56.185,174.259,45.0531,-33.7487,-73.1306,67.8901,75.5679,10.6098,-12.5477,-236.846,39.6606,189.36,-10.0185,17.6541,29.3748,65.599,122.16,-364.085,68.1867,
	layer
		node 70.0848,34.1421,3.47898,-28.2739,61.2083,20.3685,-68.9533,-108.652,-23.7164,-16.9991,15.0246,
		node -317.73,185.38,22.0983,-9.18488,-291.338,50.067,118.796,-3.24802,86.6841,-75.1101,35.1389,
		node 20.0549,-14.1029,-75.1039,57.671,-104.778,129.897,-19.3703,129.806,57.6179,-40.0565,50.9358,
		node -4.54373,57.1395,163.664,6.46798,-66.442,-24.9669,-44.5859,110.587,146.464,-89.5021,62.6577,
		node -110.284,-24.9724,73.3063,-103.604,-20.2233,50.2358,-209.949,45.2105,14.844,-116.222,-15.6527,
	layer
		node 33.5963,163.507,-361.249,-29.4702,24.1837,-15.9614,
endPlayer
