// Player79
stat 5
	layer
		node -14.126,146.889,87.028,176.016,-2.89465,138.332,21.187,-6.64063,-223.909,58.1967,-76.4921,-17.2023,47.7564,-69.9599,56.0047,-22.0205,-63.5729,-276.587,-123.317,-23.2224,50.6723,131.155,111.31,27.4151,194.07,31.0477,
		node -104.3,80.3966,-34.228,-52.1711,15.9731,-75.3674,70.6345,83.4824,-75.0887,38.2024,77.2036,-91.9475,-13.3183,2.04824,-6.24943,-115.701,-32.9622,-72.7664,65.8972,-43.4244,24.723,18.5076,40.2981,-40.7022,-38.5086,-32.4214,
		node 64.658,112.228,-55.0047,52.3059,-260.683,140.184,50.587,7.57724,-110.272,-76.4588,-64.3735,43.9741,-153.003,-54.0715,147.854,-102.616,35.7224,138.697,54.3716,22.4277,-101.062,34.9333,-30.4875,119.728,28.4178,37.571,
		node 53.7865,8.77118,-14.1042,74.0354,94.8,83.7372,-14.0213,-7.12978,44.5959,-33.9062,12.8766,-68.3233,-0.316659,166.464,-304.515,-5.29359,227.152,170.168,-4.81141,78.1555,9.11384,74.6261,0.0802746,49.734,54.5545,-47.1549,
		node 4.74736,-13.5101,-3.59012,-47.7825,71.3952,-94.039,75.2347,128.018,36.7871,87.0689,-5.03063,47.4098,-5.5825,21.1788,-89.6694,34.4333,-81.0306,-40.8916,-15.1565,-6.08562,-9.57678,83.9608,133.5,-197.381,-21.1053,114.946,
		node -2.59386,-46.541,39.1477,-113.216,26.9615,114.215,-57.8452,148.022,7.88377,-43.2887,31.9623,71.983,69.3282,-19.3447,-245.401,68.6208,41.1558,-8.95341,6.48026,141.653,-52.713,1.17899,-39.7267,9.45535,122.752,26.6131,
		node 25.5515,-96.5981,98.8178,-31.7311,128.272,179.995,-53.0889,29.4773,166.023,-6.48022,-78.4923,15.1397,31.3745,64.7975,-60.6653,-323.153,-42.2476,1.8223,-31.4794,75.6735,76.9347,-89.9693,27.2077,-283.032,-42.5025,44.0141,
		node 50.2066,-54.4979,32.7591,17.7183,-42.975,-88.4832,-46.8734,78.8762,-5.18205,-71.3132,27.3286,114.747,-15.5221,91.0048,-72.7257,-79.925,77.1739,125.969,100.172,20.6563,91.428,101.72,32.4866,-0.38149,-7.57255,-40.6905,
		node 84.3527,-12.7904,-75.9225,-104.164,49.2031,99.8512,8.30998,-68.8949,-221.032,-79.9545,122.657,-79.4667,-95.0182,-108.62,47.5525,99.2984,-3.13082,-310.095,68.12,-11.0398,79.2883,211.606,-18.7974,48.9216,67.8609,-81.0211,
		node 33.4307,-69.6137,55.21,-113,137.713,12.0051,137.491,43.2311,164.103,12.9993,-43.4867,-216.089,-343.074,65.1359,-52.7994,-13.2325,-258.306,89.7836,206.373,20.4181,-14.8195,27.6165,24.4901,116.252,-370.307,71.198,
	layer
		node 73.1925,-122.875,121.844,-215.143,-26.9791,25.3892,-75.3816,-47.3975,102.346,-24.1285,76.83,
		node -56.8153,73.2687,22.8803,-15.0435,-223.806,46.6097,111.163,7.0553,-85.1829,-74.4798,20.9374,
		node 29.2186,52.0097,-78.7567,-16.3003,-241.346,-7.69462,-23.0033,119.642,-222.615,50.2129,-36.9904,
		node 99.483,-7.26077,-27.4064,11.0537,-22.8647,-70.8362,-6.6125,-46.8098,141.912,0.705723,-112.676,
		node -277.143,21.7377,74.588,0.108449,-218.206,49.3111,-8.42881,-315.148,44.3391,-57.7885,-61.6727,
	layer
		node 81.8685,-71.8098,-5.16342,-88.9302,20.8168,145.753,
endPlayer
