// Player84
stat 4
	layer
		node 101.267,42.562,7.74418,-13.251,79.49,-99.8141,0.623955,-257.299,115.234,-34.6883,173.309,57.0116,17.158,-32.7028,-252.078,40.3467,133.906,114.201,-3.25653,25.181,50.6618,-425.885,-59.4753,-1.12297,-86.0889,48.576,
		node -74.7466,171.904,16.6314,115.074,-464.99,12.7918,5.61788,-141.589,-9.78973,-98.844,67.1751,-430.061,-32.9251,87.476,-77.8896,24.7792,139.497,81.6371,47.4395,-37.186,102.044,-75.7696,208.094,39.3009,-8.85237,-231.878,
		node 51.6294,14.6231,-295.94,-101.191,48.6994,68.8179,122.301,140.847,-108.363,101.238,-143.606,-54.1391,81.1636,24.3293,62.3816,-262.577,-42.7012,-19.084,132.538,105.707,50.839,127.098,54.7544,92.6074,125.902,-210.26,
		node 116.03,-258.649,170.395,-27.9827,100.106,-85.0441,-105.72,-9.87234,-264.94,-3.90488,36.8638,183.983,61.5406,43.4302,75.202,154.673,269.187,-83.9243,120.777,198.005,-26.001,-280.727,253.741,157.709,61.825,-461.139,
		node 130.107,109.042,103.156,81.5983,143.742,-36.9025,-125.789,-315.943,-81.5518,0.243918,-100.297,-7.77397,10.9093,36.2317,34.8832,-270.197,-307.094,-162.698,-19.3008,-29.6876,149.402,17.7138,-101.301,204.069,83.3162,-19.4536,
		node -148.626,-266.297,-3.11569,40.4326,-35.3681,-35.6636,-260.34,108.054,136.01,3.08753,16.017,110.525,56.225,-8.3994,156.716,-199.579,5.30882,135.572,102.923,223.824,54.0806,-286.031,126.869,134.069,78.235,89.4365,
		node 110.534,29.2118,-65.5642,44.3767,135.61,68.3201,-60.3419,0.758301,31.6762,-151.389,-29.64,-210.622,64.1585,-262.055,-254.494,13.9883,-27.1673,3.11652,25.56,-30.5489,106.4,10.3508,103.545,98.5318,-33.9367,-51.6286,
		node 23.8182,61.8898,179.588,-122.44,205.593,-110.699,-167.39,-13.9713,-258.398,-40.3145,-74.0618,-10.2349,95.2528,82.75,-58.6644,-450.324,80.4092,93.4378,73.3685,22.9124,53.9843,110.905,13.891,-14.1041,-28.0864,28.5886,
		node -1.58875,112.47,-121.695,-27.4821,-68.6519,-10.5745,-52.0278,-158.914,42.1964,46.4076,144.883,0.888622,-51.4261,-13.404,101.549,143.098,-279.745,29.8188,112.213,10.245,14.3724,49.0318,36.6291,31.0717,42.6665,-8.87094,
		node 30.7454,-146.625,165.67,121.886,111.377,-334.316,237.947,122.245,-48.598,-234.924,96.8248,-70.0197,103.808,144.046,-258.061,165.893,69.9288,-4.19999,24.4818,25.8184,30.8014,134.139,44.3044,-108.278,85.0163,122.195,
	layer
		node 10.7303,103.808,3.06804,110.25,81.4404,95.8056,99.2692,129.847,-98.7209,102.352,235.068,
endPlayer
