// Player88
stat 7
	layer
		node 128.338,33.4665,7.69698,8.17828,-18.5363,-99.7697,-4.18046,-252.57,118.664,-27.7576,143.476,65.9723,40.9329,-267.56,-245.729,28.3101,152.291,-349.347,8.49351,39.7892,-443.74,-418.969,-60.6712,68.0969,103.533,65.4251,
		node -55.3931,155.982,201.894,18.4212,101.321,12.5358,3.53494,-195.097,-0.751725,5.46114,11.6552,-434.477,-18.9084,89.6449,-79.6701,18.8784,126.707,79.9499,57.151,-34.8262,19.2364,-75.1471,120.666,126.949,6.72109,99.6672,
		node 48.5782,2.51469,-290.623,-130.816,33.8578,38.3986,-1.32845,139.274,-101.18,93.9693,45.8083,-75.8258,74.2826,12.4011,70.3277,-277.397,-285.78,-9.76414,127.855,-385.542,49.4576,120.515,51.3056,-103.705,123.463,-193.606,
		node 125.731,-265.732,191.097,-28.8279,53.2286,-15.1638,-95.1775,-5.99359,-251.407,0.155957,41.3628,218.176,62.716,33.7935,62.2545,162.318,276.277,-56.5276,-290.916,205.233,-39.0157,-282.431,239.262,167.25,57.402,-449.036,
		node -183.2,122.999,89.5828,82.3465,146.885,-49.4484,50.2742,-324.421,-86.8464,16.9118,-94.9283,-3.65762,20.503,43.6764,209.883,-240.623,-246.414,-168.888,24.7369,-3.33427,76.5883,82.8198,-179.369,55.8614,87.0107,-156.405,
		node -188.666,-26.0039,-451.015,23.9884,232.587,-24.1656,278.326,85.4663,129.505,105.569,2.81264,126.231,-104.551,-11.2277,127.53,-195.689,-125.902,124.077,93.7323,230.862,295.168,-125.372,76.2101,145.95,47.9038,103.653,
		node 102.839,-52.1428,2.71688,42.1126,140.162,73.9319,111.071,97.3459,-63.1898,-144.684,164.639,-57.0089,46.6082,1.24889,-24.8512,25.1943,-14.2775,24.8332,6.02924,88.1103,29.4229,35.0127,108.679,89.9724,-32.8523,-53.4844,
		node 12.1481,68.5195,5.04403,-118.369,20.4755,168.039,-181.729,90.1374,-255.759,30.5013,-64.7728,-18.3427,94.8922,111.202,-40.9928,-57.3339,124.308,92.0317,98.2137,32.137,71.9542,124.122,-120.389,-8.25392,88.8452,19.8418,
		node 7.03146,64.0915,-31.8296,-22.0665,-66.1364,-9.05118,40.6885,-159.147,51.7372,25.3411,189.186,0.97281,72.6771,-175.249,101.907,-40.1533,-286.631,22.022,111.551,-24.3919,-30.7237,38.6814,65.367,148.726,97.4735,-13.2726,
		node 24.3036,-162.541,191.511,44.8393,-191.391,44.332,236.535,127.46,88.6258,-242.06,118.001,-70.6357,27.3794,148.267,-257.71,160.901,48.2529,199.927,-22.2395,38.476,19.7025,127.827,40.8819,-125.003,83.5211,87.2896,
	layer
		node 84.9632,-10.7561,-74.9443,-74.9443,169.013,119.705,10.029,119.288,117.916,149.931,44.9822,
endPlayer
