// Player56
stat 3
	layer
		node 17.7425,46.4298,1.88114,-18.6349,-18.3343,-93.8417,4.28924,-271.76,117.848,-43.2589,169.128,70.8619,34.3281,5.30508,123.777,37.7979,144.083,-342.604,14.1893,16.6711,-431.936,-423.924,44.1394,-7.03908,98.4932,69.5763,
		node -85.8121,180.748,-0.0939436,15.4084,242.496,39.6619,30.5178,-196.804,-14.2144,-107.593,58.294,-397.024,-47.305,90.544,-82.3112,21.6455,141.235,72.8616,59.6233,-36.7582,106.873,-436.412,-6.63909,43.0206,-8.26538,-249.085,
		node 75.2823,14.7381,-296.032,-91.4467,-5.57336,62.5467,-1.78188,150.305,-121.9,101.026,5.33768,-54.4862,76.7809,20.4441,62.2419,-279.883,114.672,-6.43755,134.787,-383.703,55.1008,151.507,56.4536,-97.1776,124.381,-189.022,
		node 121.372,-290.06,164.402,-27.0303,58.6367,-22.1907,-111.608,-4.21472,-265.603,45.3178,30.2193,229.566,14.3668,31.7473,86.3803,152.305,127.238,-51.7924,-260.59,200.287,45.9557,-283.148,249.194,175.473,62.3707,-443.85,
		node 117.711,119.031,84.7068,94.7251,153.076,-33.58,39.4134,-316.116,-85.1138,6.85795,17.8987,83.8701,11.2243,34.8909,3.84872,-268.106,-248.453,-176.135,48.8071,-35.1656,-12.4289,16.9456,-176.761,198.989,99.8082,-20.9494,
		node -181.864,-266.55,-448.738,38.9625,-302.323,-4.07507,-256.363,36.7957,121.079,8.11265,26.9456,118.524,132.308,2.42667,124.713,-196.104,-136.453,133.303,101.851,228.466,33.3612,-290.203,141.539,145.643,112.297,93.9678,
		node 95.4898,-53.8557,87.6214,52.0887,152.522,89.8049,41.5451,7.80713,35.4563,-138.016,-18.5137,-55.839,45.0486,6.48846,-263.624,-7.30042,-37.2772,20.1915,39.2287,-37.2991,34.5355,3.70877,132.615,95.5755,-107.476,-55.2383,
		node 21.8634,59.9967,79.6143,-135.873,138.537,-112.079,-280.982,-20.3315,-111.981,32.625,-57.1951,-17.8634,94.7715,72.1525,101.862,-55.1216,139.38,86.7797,93.0061,23.4375,-68.2895,94.2625,-135.674,13.945,-28.2655,29.4338,
		node -4.88863,24.2281,-101.583,-3.10001,-280.383,8.23663,44.5399,-169.042,-198.492,53.6055,129.025,3.40824,91.4005,-7.45106,103.398,-1.36191,-278.814,12.2177,111.183,-20.98,-42.0291,32.6405,28.8143,54.2585,89.0373,-38.5838,
		node 45.3397,-148.537,188.102,67.7725,123.971,-310.059,225.583,123.311,-274.937,-241.87,96.1832,-326.038,-480.492,171.23,-7.72286,199.634,46.7748,210.561,19.5052,33.5792,-169.581,115.841,46.8043,-107.593,87.3137,91.4585,
	layer
		node -137.655,96.7976,98.4932,2.89615,-255.818,103.594,98.1413,125.243,-284.206,73.3936,234.039,
endPlayer
