// Player18
stat 8
	layer
		node 104.379,36.1836,-2.76508,-15.0545,132.983,-99.5804,11.9416,-252.771,120.455,-31.6856,164.419,70.0248,41.2714,-21.2972,-40.8526,32.4915,155.048,61.8203,-17.7155,6.82665,-448.15,-413.887,-46.2508,33.0211,101.747,94.0304,
		node -80.0746,176.544,195.929,15.8338,260.914,-88.8983,8.31473,-191.117,-16.2005,-105.056,68.4367,-403.28,-48.4162,89.6638,-80.601,23.7935,128.562,50.2767,57.8639,-43.2213,20.1129,-437.862,132.202,-179.484,-7.4008,97.1363,
		node 73.5892,3.24941,-293.642,-113.631,43.2551,50.3251,114.887,142.413,-105.804,102.388,54.9839,-60.6865,66.0213,68.503,-87.3629,-287.694,112.361,-14.6292,130.578,-391.99,48.6434,122.443,31.0023,19.6698,-323.34,-203.502,
		node 117.037,-269.741,182.333,190.52,60.3852,-87.9076,-114.778,-9.99855,-256.511,-20.5691,36.6361,192.703,58.6629,84.0834,70.2934,135.852,264.313,-61.5861,-291.873,199.081,99.3334,-17.8452,4.94661,77.4592,56.1093,-465.725,
		node 120.864,-271.907,99.6063,93.1118,153.232,-44.5656,50.6145,-323.689,-80.2279,-4.53177,30.3937,-56.3775,20.4327,109.736,205.085,-266.332,-296.86,-171.936,-20.7772,-30.6694,83.5383,83.391,2.61891,201.337,90.125,-21.5525,
		node -180.932,-264.8,-443.3,-97.9279,-305.729,-3.83866,-258.747,22.9034,122.102,-4.21668,16.1404,110.918,33.0974,-6.08517,130.587,-205.365,10.6993,136.616,90.0225,223.838,53.9752,-116.302,78.8194,153.218,76.946,79.7638,
		node 114.425,-49.2116,-65.1217,39.365,147.116,89.3933,96.8369,0.448606,-202.426,-149.329,-35.087,-104.004,-160.758,96.1008,-245.935,12.5189,-12.8474,5.9715,35.2,91.4849,19.2416,50.7161,111.396,80.3307,-34.5449,-44.689,
		node 37.1588,25.7943,-5.11561,-122.364,143.557,180.496,-183.161,-149.633,4.36884,27.0203,-44.8024,-13.7585,98.3505,62.9473,97.8441,-61.6969,138.498,107.032,114.007,24.7708,-65.01,124.928,36.6645,11.8265,-12.2051,87.0035,
		node -6.39969,29.5333,-33.9484,-5.90909,-282.833,-9.12137,-62.9625,-144.822,-179.484,-129.045,207.731,37.3289,-45.2403,-3.84966,97.4658,-103.88,-227.595,27.6306,110.83,19.9743,-31.2605,-107.871,39.8527,25.5312,74.6758,-19.7093,
		node 41.1979,-159.832,176.028,127.753,104.698,-330.398,235.89,112.079,89.7612,-226.024,9.64003,-75.6339,21.7926,161.699,-251.24,167.552,66.6159,205.479,8.949,37.922,-20.9981,119.802,43.5587,-115.264,115.425,92.9612,
	layer
		node -23.331,108.372,91.9164,-106.02,76.8455,81.8143,35.0414,34.0053,-44.7355,-124.464,185.797,
endPlayer
