// Player72
stat 5
	layer
		node 102.391,15.3218,70.5381,-7.95694,133.353,-98.9971,24.3171,-242.96,134.151,-32.9887,157.31,48.8163,33.0414,-19.2393,-236.789,45.7928,147.573,117.349,6.87348,16.8362,-448.432,62.1541,46.8472,-9.96673,-83.725,72.4672,
		node -70.7113,174.149,2.69244,70.289,18.7225,13.5185,2.32717,-121.216,-4.09142,2.99535,51.5022,-415,-27.1011,87.5931,-124.387,19.4098,121.05,79.5354,49.3846,-36.1183,107.686,-69.2878,195.257,49.9056,-12.5839,-246.995,
		node 48.9036,3.15156,-295.674,-103.35,35.1334,61.8698,9.3547,132.464,-106.297,97.6133,14.1787,-53.5415,63.6297,28.3479,78.8205,-279.609,-295.285,-4.70714,129.199,-1.90402,61.1169,118.995,57.9628,7.11877,-60.0465,-201.71,
		node 60.2194,-285.686,183.897,-23.3097,39.4436,-98.3539,-111.006,-8.18408,48.5808,50.1722,29.7815,227.377,7.34117,37.0188,77.965,135.106,122.6,-49.7603,-274.018,190.437,30.4438,-7.14747,122.245,160.247,63.0871,-462.291,
		node 121.787,100.602,98.3875,79.2986,141.63,-42.3942,45.1798,75.5018,-86.8123,50.7025,5.91889,-56.3855,17.6265,35.4397,34.9546,-266.111,98.1406,-171.333,42.8909,1.42044,82.8581,92.1968,-176.341,190.868,83.7956,-123.373,
		node -137.914,-25.2287,-447.345,-93.1086,225.662,-6.06537,-239.383,79.9708,119.157,6.53297,31.953,127.813,32.5448,-129.404,135.44,-200.443,9.58496,153.593,105.079,234.02,59.4587,-271.894,139.398,140.12,78.0163,92.6915,
		node 111.076,115.551,72.4894,43.2281,96.977,64.6345,35.8144,-3.8851,-58.6552,-130.472,111.133,-62.1967,63.4599,100.148,-258.418,10.538,-15.6055,9.41406,-357.919,79.9669,31.8367,10.6098,107.783,94.3851,-36.0369,-227.762,
		node 42.0762,94.8403,183.668,-153.838,222.295,99.771,-175.971,90.5179,-68.2073,26.284,-54.8886,-19.0579,94.0055,67.4575,-50.1698,-58.0461,134.396,112.647,99.1651,9.07781,73.7633,91.0798,9.80058,21.8094,-28.6514,20.3395,
		node -1.90243,42.0674,-22.6966,-19.4858,-79.1938,-4.14814,-62.7872,-165.29,11.9593,20.6786,204.675,4.71673,-39.4518,9.8077,90.6782,136.102,-275.719,26.6466,108.66,64.0113,-30.5144,43.8471,41.4736,50.4926,42.7992,-35.3282,
		node 45.9643,-150.256,175.724,126.342,108.32,-322.427,234.379,126.784,-56.4785,-233.7,117.856,-330.909,-476.66,139.473,-252.873,-13.2709,67.1279,213.338,113.694,19.3481,24.4409,116.345,43.8735,-94.4217,93.1843,-46.3096,
	layer
		node 124.589,18.5533,90.4982,103.552,21.0358,59.6697,99.771,-60.3412,-18.0138,-99.1427,-85.714,
endPlayer
