// Player33
stat 7
	layer
		node 118.03,37.9801,103.942,6.90274,134.608,-114.544,33.5394,-248.262,113.244,-26.8122,154.505,73.7006,59.4852,-50.608,-246.485,33.7698,147.348,111.83,23.3755,1.16573,-439.563,-427.49,45.9432,40.4643,-77.8658,62.1629,
		node -63.4644,165.695,1.99542,108.797,173.61,15.3505,12.1385,-124.621,120.97,4.0824,52.9297,-420.797,-37.6134,98.4093,-75.342,8.61442,132.052,74.3517,62.184,-39.4804,47.4187,-445.85,127.226,58.671,-6.27893,-249.084,
		node 53.3291,-1.95793,-316.106,-107.212,47.2332,58.1027,26.0122,133.167,-36.7954,105.989,49.268,-84.8675,77.848,16.5551,-80.7326,-262.903,-294.908,-17.7871,127.463,74.9617,21.7802,128.75,57.8561,-256.359,114.701,-208.057,
		node 116.298,249.319,184.024,-22.6166,54.1956,-13.7701,-107.315,-5.77374,-260.369,53.965,53.8734,211.274,59.818,60.0757,76.4787,136.059,124.822,-78.3287,-7.07578,205.138,-43.4062,-276.802,109.119,164.291,242.827,-458.894,
		node 131.11,116.581,94.8195,93.1158,127.377,-42.0146,44.1514,-335.301,-90.2773,27.2407,17.7276,-6.57731,14.5988,118.924,33.059,-268.83,-243.888,-165.249,47.8804,2.72056,142.181,80.1046,-182.651,64.837,86.9293,-147.831,
		node 38.0566,-268.201,-1.70038,17.2324,-306.051,23.5624,-240.377,78.6418,110.408,5.77315,33.2451,106.099,41.7814,-11.7273,163.393,-199.064,16.1665,136.467,104.511,223.792,-168.6,-280.796,118.064,154.197,105.946,255.382,
		node 104.699,-45.1355,89.7293,47.8611,152.929,74.5101,96.5657,-2.5022,-61.0942,-144.551,2.11792,23.2156,57.7478,12.2107,-260.593,8.5105,-16.659,4.38248,-365.035,70.5669,20.3058,8.24577,113.537,79.6925,-34.6531,-230.826,
		node 20.8819,23.8599,186.655,-134.289,137.684,-99.0477,-165.456,-14.6559,-252.946,-49.0301,-225.962,-19.8544,94.6257,76.5295,107.191,-63.0723,130.655,40.2791,88.7428,19.3292,69.264,86.2132,-114.497,-7.2655,-24.2748,20.2296,
		node -5.67212,23.5721,-25.7806,-5.93912,31.8128,23.6708,-50.8966,-167.732,-202.891,37.646,151.431,2.8006,-35.1062,-6.67112,128.643,-38.1109,-282.813,30.0401,115.971,-21.3904,12.8457,44.2149,37.6907,55.1329,88.1132,-8.09474,
		node 40.3297,-161.359,179.607,124.275,121.499,-329.803,226.62,114.844,84.2789,-217.987,99.2809,-333.145,33.0129,178.318,-7.91953,189.354,39.318,210.418,18.449,17.8218,-35.6163,113.261,49.2679,-96.5916,118.937,92.4037,
	layer
		node -21.9991,105.118,38.5956,104.236,-51.0601,171.344,74.9117,26.0122,43.9358,62.7687,-34.7405,
endPlayer
