// Player46
stat 7
	layer
		node 31.7238,-16.6655,-3.4178,-13.7457,32.9265,-7.83373,14.5127,30.3097,-67.1903,-0.311874,33.9267,-32.9639,-26.0384,40.0322,-22.249,84.0792,-23.598,-8.09834,13.957,-21.2781,6.67584,49.2003,-10.6261,-21.3635,-8.37924,24.1964,
		node 68.1424,3.49034,-21.3206,-7.42333,-0.657733,-0.00671885,-21.9037,-1.05217,-24.3771,-4.34795,-15.6816,29.0136,50.2319,-4.71803,-5.2923,2.97406,-25.5764,2.21339,50.7272,-47.0699,20.6604,-2.32193,44.1492,-49.4199,20.1597,14.0691,
		node 60.6391,6.09502,7.71923,27.7148,24.9095,-5.92649,0.945524,-1.95244,1.71993,-4.52659,1.30508,-29.5922,32.7862,-17.9972,5.75556,57.5403,3.23098,10.4822,-48.5283,-43.4569,-27.2823,-5.49038,-60.4043,17.0677,27.1691,-50.1022,
		node -2.23243,-11.9954,76.3789,36.2785,-25.5735,28.518,-68.9262,-88.9355,27.0851,18.7273,48.9528,28.9289,-64.9847,-25.2132,-19.6094,-7.98583,-35.0795,50.0558,50.5999,21.3237,65.0015,-37.3399,2.45017,1.92645,2.5193,20.205,
		node -2.78029,-21.1794,5.97257,78.6008,4.3999,17.3003,-51.7209,31.1757,-70.4204,9.50598,-39.2158,28.7222,-39.5691,61.5518,7.42154,18.5977,-73.1605,-30.2667,-31.9359,33.8049,0.0691719,-20.9008,-15.2152,-29.1505,44.8993,5.91252,
	layer
		node 62.6711,0.287815,14.1868,1.10671e-321,7.48133,8.3143,
endPlayer
