// Player51
stat 5
	layer
		node -32.4686,-2.3396,2.20906,67.0348,33.2023,17.2869,13.5445,6.54541,79.2421,4.98573,68.3497,-11.7065,48.0399,-15.8267,38.4419,21.5794,-17.9175,-29.1291,97.7247,-21.1121,11.2957,45.485,-17.7029,23.3753,2.08668,33.1629,
		node 12.194,7.45685,-60.1715,86.6615,9.68263,-0.81128,-39.4619,105.804,18.8169,25.5761,-11.3369,-32.1271,-42.4391,1.31891,-20.1903,11.0399,31.9127,18.1131,-24.0352,7.68664,19.3339,49.5845,-2.65292,-72.5388,50.0782,13.5835,
		node -18.2751,-27.5655,-21.7349,-7.24282,-54.9452,46.945,7.54489,-18.5574,-30.0351,1.55893,-25.8125,9.0087,8.90682,30.9192,34.3974,-39.6363,-37.7507,3.04682,-31.2323,-39.9003,13.6201,-22.6575,12.0282,-43.5471,24.0761,0.689114,
		node -7.93039,21.0915,-4.96119,-32.7864,-34.808,17.8554,3.01161,-76.6666,31.0242,14.5948,-35.1554,35.9099,7.53531,-52.01,-25.5362,-18.0149,19.297,-20.0905,16.8868,40.1218,-29.6995,11.6629,7.97521,17.8558,15.1597,-0.837163,
		node 54.6474,-24.6612,0.79866,-96.4042,37.2365,18.8071,-51.2202,26.2572,-13.0731,13.9554,18.7172,16.0143,6.38537,43.6263,-6.06459,13.7023,6.00225,-22.3738,49.4727,24.8237,-20.0101,24.1333,-2.45287,-27.9774,-18.6694,-12.0103,
	layer
		node -22.0632,-2.25822,39.7223,-16.3052,-23.9756,26.7061,
endPlayer
