// Player10
stat 6
	layer
		node -3.82342,-30.1213,2.83072,-3.5231,42.3657,-10.8983,11.1765,5.13437,82.6986,3.98479,-28.0399,-15.5174,-15.9622,4.12217,39.4818,-6.63734,-25.3195,-24.7261,-0.356561,-3.45571,9.33208,50.1543,-2.46303,-28.0521,-10.545,-58.189,
		node 6.17074,10.8819,-107.505,-26.2654,3.22952,-29.0392,-28.3051,-23.5362,31.9175,1.66788,25.5614,27.393,63.5586,6.9027,3.41295,27.7539,39.7265,-25.1047,-27.2943,-43.6198,-9.44513,56.1638,24.7511,-46.1748,57.3936,-7.52267,
		node -22.1581,-23.5947,-23.2372,20.4244,-43.1168,-12.1702,-9.99282,12.9153,9.68148,62.4055,59.2594,-13.3296,-53.4941,83.3843,-10.9861,10.816,-31.0672,20.8752,-24.0273,-7.2571,4.58704,-4.43804,-25.4942,19.1859,-39.7528,42.8961,
		node -12.6827,4.60028,5.45334,15.2262,-17.3316,14.3802,-70.1342,-18.3555,11.3818,17.7314,-66.0208,13.4512,20.0671,-58.4918,-7.20298,-8.24329,-37.9035,5.94492,-58.9007,15.8013,41.0786,16.9251,14.6074,0.750206,-23.6926,13.1773,
		node -26.9726,-21.0981,-15.8943,63.5411,28.8626,17.8633,59.5867,9.57626,2.5065,23.3231,-42.4317,51.6037,10.3284,62.0665,-23.1735,2.1739,-51.4849,17.0648,-39.18,-8.43737,-21.7741,4.0275,-20.967,-25.3888,51.2908,-22.2138,
	layer
		node -15.2466,23.5032,115.002,2.91622,-9.22886,-20.7202,
endPlayer
