// Player40
stat 6
	layer
		node -0.28028,-6.36838,15.4248,70.2474,34.4104,19.6718,9.80085,6.56923,-88.3599,1.13498,67.1352,-9.17246,-3.31257,-2.85264,-38.4121,-55.9241,-26.134,-13.3298,99.0861,0.421153,5.04212,49.1727,-3.95258,-33.7191,9.11566,-27.7558,
		node 7.14809,-25.6635,-63.2875,-16.4704,11.865,-52.6525,-29.2491,-13.8949,45.1796,62.5982,22.5885,-51.7437,23.3605,-22.5418,-12.741,26.0262,0.631443,17.1491,-5.24941,-40.9448,19.5119,-13.5933,25.5658,-49.2444,3.97784,-0.917319,
		node 21.4952,18.3037,-33.4049,36.3842,29.6802,-5.00359,13.6824,-14.3623,-29.4392,-4.93439,-1.06765,96.052,-6.53904,78.2754,13.4663,44.5533,-37.1838,17.1797,-22.406,-9.15084,4.16,-6.71604,-60.5301,25.6354,-41.6866,-24.621,
		node -14.9774,20.7838,-10.3714,39.2784,-17.6653,23.8951,32.7763,16.2247,4.33507,23.0698,14.5263,34.5402,-0.870179,9.14777,-9.62156,-16.452,-28.4779,64.5886,16.6345,23.9256,42.5455,21.8821,4.37141,9.35302,3.92508,17.2884,
		node 10.5982,-10.9564,5.59194,-49.3286,-42.4204,0.157166,-16.4494,-34.7527,39.7692,-13.1191,-15.8697,16.3323,20.6812,-24.2103,-3.96361,12.0305,3.11168,-11.6949,9.88172,36.5613,-14.4608,-13.2262,0.63242,2.48162,-7.39238,-14.8983,
	layer
		node 17.7376,-14.0604,1.48293,24.0102,-22.1323,20.4616,
endPlayer
