// Player43
stat 5
	layer
		node -13.3761,-8.36604,6.30519,68.1781,-6.82197,-8.81175,1.13971,26.5124,-84.5501,5.12638,-29.7639,-0.712359,52.1423,-23.5759,-30.9113,-60.1717,-16.9881,-6.7561,95.0523,-35.1055,9.85937,-5.37331,-6.22701,-9.38276,-2.16462,31.0922,
		node 31.9278,14.2559,-28.5069,19.4362,24.0683,-0.228727,12.9636,105.924,-23.7245,66.1084,-10.8798,-58.3138,-137.238,-7.50972,-1.52345,24.2591,-12.194,-13.1792,47.9993,-38.6102,-0.331674,14.3327,44.4593,-38.2491,-20.7672,-9.93114,
		node -19.7116,-7.52407,-27.0866,3.44387,-43.6475,8.19255,-29.9616,26.1984,1.43242,-5.41717,-17.1679,-7.44323,0.178227,71.2551,6.90624,43.7936,8.85904,23.5322,-54.2595,-4.56902,-80.821,-25.2089,10.3666,13.6507,-33.9331,-4.59679,
		node 5.07899,-8.56892,47.1762,-28.1729,-19.8375,18.0299,7.07837,-15.4543,23.6076,20.5719,-13.2675,36.2137,0.618952,-66.503,-14.6556,9.5479,-40.4868,48.4103,9.00322,38.4274,-49.0613,-27.3444,8.1259,-17.2382,0.825271,1.82719,
		node -55.513,15.2664,-30.9742,18.2131,18.2553,25.3549,26.6551,24.4455,-12.8246,7.94829,1.85037,-3.87197,-36.9279,44.7053,5.19389,4.16778,15.7358,16.994,-5.92605,19.056,12.862,29.4713,10.533,-27.2547,44.594,-23.5412,
	layer
		node -4.2295,-15.1371,43.7658,-16.6754,16.889,5.97964,
endPlayer
