// Player35
stat 7
	layer
		node -22.0851,9.66951,20.3427,-3.93635,15.9364,1.25111,-30.6924,-2.63401,-14.4466,5.82996,-18.7234,30.4754,-14.3609,7.48122,-44.292,17.7861,31.4429,-42.1412,76.4756,-35.2613,20.1516,-26.4737,-31.7445,26.7993,0.466448,-10.2132,
		node 27.8403,21.7187,-24.0338,23.3703,-35.7716,-18.1557,-19.1,-18.2234,2.688,11.4433,-39.5945,-1.75785,-33.7167,-69.1502,52.3345,-21.3659,2.25474,-18.6592,-8.79707,5.34617,97.7678,-16.012,10.662,32.5752,10.1734,-2.08209,
		node -39.6372,16.3271,6.28346,-86.4951,90.3795,-7.00982,21.3905,-11.3079,15.6793,36.5289,22.7455,-24.3563,-12.3369,-18.2968,-20.9316,37.1068,31.8926,8.53106,-58.8948,1.77227,-42.314,-7.03696,-2.5392,-4.10774,13.8658,88.4029,
		node -36.4057,-31.4795,-30.4676,42.5758,54.8456,-40.1489,8.18056,-36.9135,-31.7451,-26.7505,10.4555,45.5293,49.6004,16.4749,-45.8498,-38.3398,-23.1698,71.2936,28.3942,1.17158,39.3766,24.3486,-8.10848,-6.45111,6.72804,33.6463,
		node 59.329,9.51481,-32.9999,14.4937,83.4275,45.6963,35.646,-46.3568,54.9395,13.5029,-39.994,22.9435,37.8428,-10.5959,23.0086,20.8937,27.9623,-50.1178,-36.7686,19.4499,55.1561,17.8385,12.848,-19.7793,30.4579,-3.04651,
	layer
		node -36.3038,-39.1656,-60.9141,-17.5659,23.2758,-71.0106,
endPlayer
