// Player77
stat 8
	layer
		node 65.8096,-25.9718,-43.8531,-29.2541,-138.89,-12.4138,54.0029,-33.9121,-169.432,-125.307,102.455,-5.07555,-204.481,-102.915,30.2028,31.782,-9.91261,-198.717,-188.161,-186.829,120.431,-20.3672,-116.586,1.55729,-212.953,-194.129,
		node 175.907,-27.0862,-162.567,97.2345,48.0574,-125.892,-109.194,-81.5898,-12.0004,197.72,-48.6043,117.493,-84.9127,-230.616,61.8457,109.274,106.736,-17.6751,95.2009,100.106,87.4229,17.6028,-16.0942,-90.8273,-52.4157,66.7617,
		node -9.52292,-107.102,4.96062,-173.385,-58.9516,13.6407,-92.8109,45.8347,-63.1675,-110.577,44.0283,-39.7223,-131.281,-117.03,-45.3023,10.4805,17.6487,118.72,-178.791,177.86,-177.887,-49.3097,-218.972,-66.0299,65.1712,45.4902,
		node 112.55,92.0679,-90.3747,36.4497,60.2326,-116.834,76.6545,55.6866,-77.891,-70.1678,-202.384,16.0609,135.819,-59.9157,-21.0113,87.3093,-14.1321,108.859,-96.8653,101.496,-133.117,-130.325,-7.53668,-171.236,-27.2032,-118.022,
		node -38.3795,-25.5481,88.7048,-173.497,-63.6499,58.59,-73.112,-43.4246,-179.749,-64.9403,-218.984,-81.796,-167.346,-214.137,-9.61206,116.854,49.2449,-237.691,-101.78,-164.872,-22.2306,79.3641,-34.4878,-10.3482,46.3885,-197.111,
	layer
		node -172.435,-120.518,-37.4624,-25.4769,-21.4818,12.089,
endPlayer
