// Player98
stat 6
	layer
		node -10.9805,-56.1731,-83.3248,78.7104,-142.489,-15.319,-171.016,-180.602,-29.6554,-221.651,-48.459,-261.401,-212.219,-116.984,52.0492,-125.779,74.3253,139.17,-271.146,115.739,73.4647,-38.733,-34.3748,25.0282,-9.77086,-188.826,
		node -30.4717,113.512,10.8193,100.774,-162.64,-127.552,-105.425,-76.3965,60.7166,192.894,-69.9415,-134.663,-129.396,67.5715,51.7707,-33.5362,-13.079,-223.059,95.5927,97.1773,31.53,-58.5859,-45.713,-90.4791,-70.9715,67.4794,
		node -14.1937,-105.674,-147.57,-53.6589,-56.6034,17.0617,51.7314,-21.3354,86.9867,-110.772,-5.94845,-40.4619,80.9138,-113.392,-34.899,13.7929,65.8657,-28.2472,-50.7441,-225.975,-171.562,-124.36,-124.775,0.00537742,-3.96086,138.969,
		node 113.674,90.688,-100.33,-30.8127,-95.3015,-126.238,75.6315,49.6633,-81.9743,56.9119,-24.0306,21.9038,148.088,-231.02,-28.12,82.9117,-7.36974,-80.0648,118.75,100.529,-78.5974,-136.386,-108.532,-51.6311,-25.1814,-129.694,
		node 2.18842,-1.60628,94.9007,-69.7408,113.778,-26.0981,-218.202,103.89,-172.452,-93.5292,-130.35,-83.9027,65.0452,64.8708,-7.92368,-27.9291,49.8735,4.65337,-1.18217,-24.9728,-47.6268,82.0767,-45.9943,-15.3412,38.3519,-158.337,
	layer
		node -16.0796,43.7913,-71.7359,103.418,52.0436,18.7773,
endPlayer
