// Player92
stat 8
	layer
		node 99.9777,-52.5882,48.0529,-29.5442,55.6612,-24.6248,-27.9658,15.7292,-24.5797,5.28931,-39.8057,-26.3868,-73.22,48.1368,-35.0484,-58.3013,13.2722,51.4405,-15.626,4.61835,0.400204,-30.923,127.767,-56.9977,103.746,107.863,
		node -57.3022,58.4043,17.6447,-24.0166,-13.8272,-52.3566,-68.8111,-43.212,-27.1786,-69.1099,-168.991,-26.6394,-56.6367,-2.14795,66.5983,-54.5254,-35.5497,-134.111,84.692,-145.918,-118.535,-135.414,-22.9475,-31.9634,-49.2709,21.417,
		node -99.4727,95.1229,55.2521,-137.677,11.3462,36.1658,-0.609638,21.5256,36.2067,-32.4265,-5.71308,-38.547,47.1198,-62.6231,46.8821,5.95853,88.4486,-39.3711,-82.6713,-25.1055,-39.7842,8.00027,-46.4934,-40.2914,89.7672,-30.5623,
		node 15.08,24.7512,6.75236,97.3488,-59.2521,-120.113,-85.8551,-140.599,-40.9949,-73.555,-4.4197,-88.6568,71.1904,13.7466,-42.7887,77.5026,10.2962,29.2563,-6.76092,-18.7001,-5.6565,-139.89,-24.4536,-87.836,-32.1342,-5.066,
		node -34.9281,19.9714,-137.109,-70.4278,-41.8718,105.976,-54.7271,-4.40191,-37.6929,-57.5846,-44.4241,-71.5507,-31.8272,-35.0245,-116.914,50.2091,-51.3018,20.934,-132.509,6.23756,19.6897,-8.604,-7.58384,33.9306,-45.5791,-41.9926,
	layer
		node -27.6418,15.573,-88.9846,-7.703,-10.9046,-78.4773,
endPlayer
