// Player52
stat 6
	layer
		node 91.9198,-45.356,29.7333,97.931,117.802,173.531,10.0552,51.728,142.86,-96.0893,-87.2918,80.4611,-35.5748,24.245,61.2633,92.1376,-120.722,11.0149,-87.34,-25.3008,20.1563,65.6027,-113.792,4.09906,-12.14,7.38697,
		node -134.138,39.4039,5.33407,36.1411,54.9201,23.7433,22.1507,25.4854,31.4608,-25.7175,-148.397,31.1288,-39.0069,-177.514,56.8597,45.7273,90.1307,-138.013,-12.0325,165.524,-26.2674,-103.561,-69.1286,-9.97625,105.723,-33.614,
		node 6.88591,30.4791,-59.6318,69.5488,-45.8153,-120.498,-22.5125,74.6436,235.149,-156.714,72.2589,-61.6848,-23.0016,-36.3898,-3.00041,-0.0713796,34.9807,-53.9925,11.3856,87.5709,67.5842,-139.335,49.3772,-26.3383,-53.4862,53.6964,
		node 73.023,17.5724,-22.7663,-0.845182,-29.8953,123.456,122.205,16.3356,5.25541,29.1598,-31.68,-6.92879,16.7325,79.7044,-155.394,-138.096,57.2704,-118.64,61.469,-164.088,-22.4755,146.133,115.055,-16.2436,206.531,122.357,
		node -18.2822,74.0976,46.7405,-80.1294,31.1209,24.2227,50.9378,50.088,71.9117,-83.2014,-47.8257,42.13,-119.399,217.691,72.1241,140.321,-11.5163,43.1746,-192.689,151.296,160.745,11.0079,33.0657,-26.23,-67.3058,-20.0825,
	layer
		node 149.131,-74.863,-48.9961,124.925,52.5531,68.9423,
endPlayer
