// Player67
stat 6
	layer
		node -128.767,-47.6199,117.155,-37.2598,156.026,182.798,-19.0687,1.42749,-151.028,-108.917,-128.165,22.5116,-43.0742,6.86828,21.3823,93.9583,70.0356,-127.821,119.743,-39.2428,20.9358,61.8596,66.8484,70.2313,38.1713,-39.5317,
		node -73.7717,55.6929,-19.3645,-7.31161,-19.7623,22.4939,70.3585,131.869,178.478,-2.57534,5.1709,38.9474,97.1141,6.58445,36.9416,164.876,55.0777,58.9086,-132.533,-148.435,-34.8871,161.893,-64.7562,74.5205,-154.833,116.286,
		node 29.5203,2.90379,-19.6037,71.9068,2.90429,45.2644,-163.854,46.4953,93.0269,-49.5761,-59.6348,34.2713,-157.497,14.5199,124.878,4.37247,-54.5604,181.639,18.7626,171.883,21.8122,164.544,49.8364,-147.937,91.7775,69.2543,
		node 50.9661,-192.247,220.216,34.6028,-176.162,131.294,63.5432,32.8779,7.88911,191.742,41.6655,-6.7439,50.3973,64.9749,-151.347,-137.077,4.95551,27.7764,54.3258,-168.938,81.809,126.353,105.761,-7.76383,2.45551,-36.3835,
		node -68.5881,-2.77382,27.9995,29.1735,57.0346,-117.075,188.829,39.0356,-18.8036,69.89,-62.5792,-177.252,34.8369,48.0484,57.955,189.138,-21.1427,39.5081,-67.9894,80.0257,79.5422,31.8086,69.0659,-33.0117,-210.173,51.3505,
	layer
		node -77.4222,-68.2782,49.5916,13.8008,31.2561,92.5694,
endPlayer
