// Player33
stat 5
	layer
		node -7.83408,-40.5057,54.4252,-44.3291,117.015,182.139,10.153,21.1461,-11.5313,-50.7789,-138.457,-211.431,76.2367,24.5744,33.2328,-159.459,202.239,64.0747,-86.2226,-18.789,-19.9154,64.2719,48.7725,79.515,215.689,131.98,
		node -139.33,43.3466,-6.72458,187.557,-59.0401,29.5259,-165.592,140.46,163.81,133.306,-214.073,173.907,61.5195,-36.2669,-118.179,-229.061,83.5291,-138.292,32.1269,64.8338,-11.0107,-55.2847,-136.439,69.2732,135.727,128.196,
		node 31.3041,23.0133,-20.1134,76.4708,-47.083,39.0844,-20.7314,40.5391,-147.272,-141.68,-16.6297,-32.1252,29.9155,-44.238,8.11882,-0.670797,15.911,-48.0081,-6.83854,-102.004,-55.8929,111.023,-8.19246,-28.1995,33.0723,54.959,
		node 126.793,-0.640546,23.4066,60.3407,43.4957,139.117,39.8787,14.4908,186.893,46.3636,80.3066,45.9209,82.2891,81.3496,223.424,-135.501,56.4551,-119.971,74.0485,-165.301,-2.26583,135.869,2.1512,33.0943,180.711,-2.74996,
		node -71.8635,76.1719,-40.9409,-78.8289,-22.7935,-124.615,28.0749,49.2719,72.6339,-84.8808,-44.9557,31.379,-34.1149,26.9003,61.3656,137.502,-12.0586,42.5219,-130.353,93.0256,130.896,36.5667,160.122,-25.5092,-3.2806,-29.8735,
	layer
		node -9.53501,-143.553,98.6024,1.68131,28.1112,-7.89616,
endPlayer
