// Player28
stat 4
	layer
		node 43.2321,94.0733,45.0885,42.2806,10.8974,81.3166,-25.3255,77.4718,-101.885,39.2641,-42.4886,0.0866179,-34.2723,56.7057,-124.086,39.1569,8.58495,-37.5718,-15.1645,-45.9586,-3.1687,-37.0839,6.87397,27.4721,-15.7139,-130.108,
		node 71.6826,16.4866,62.6652,-23.1077,23.0813,12.7312,1.65067,-8.34028,-11.085,13.5129,73.5279,77.394,-28.0828,-33.2053,31.5212,73.6538,9.68888,-17.0327,63.4904,-92.9946,-82.4676,-0.823725,67.2986,-101.563,-72.0891,-120.356,
		node 4.90569,-20.6351,-26.7778,0.32833,-38.369,48.6358,4.74307,20.1195,0.311227,83.3487,-10.9485,-12.3332,-52.3014,19.6116,14.5596,8.27373,-107.259,-27.513,0.867607,-34.6798,-4.58529,17.3948,-46.9875,62.6995,-44.3468,28.1156,
		node 27.4751,67.8621,-57.6622,-117.549,-91.2448,17.8462,-15.1778,31.8076,-9.121,31.3979,25.0865,21.4785,32.3317,-6.23982,38.5224,20.8123,-5.91095,35.7985,37.9459,36.747,-29.9802,62.3656,-55.4299,29.7468,49.5787,-37.3232,
		node -43.7447,-111.479,-123.594,97.5998,-7.58173,10.9481,-112.411,54.7508,-29.8647,-61.294,33.366,-11.478,62.3489,-2.32582,64.1915,64.8904,-10.1213,-33.3996,-36.4193,-23.989,-5.34093,21.3436,30.1158,-19.2162,-19.4896,40.4988,
	layer
		node -114.382,1.26275,1.87038,-18.2521,-0.371948,-35.8947,
endPlayer
