// Player19
stat 5
	layer
		node 48.8085,-24.2442,43.8361,45.235,23.9652,-37.4423,51.5377,46.8634,-65.267,41.3181,-46.0562,29.6359,-19.3319,46.8566,-124.128,42.5937,11.267,-38.0716,0.785455,-16.8227,-68.6988,5.87444,78.0188,-26.7634,-132.512,22.7902,
		node 89.1116,15.339,63.1026,9.47644,23.2754,64.5989,-19.6313,-47.3198,60.0109,-22.3358,71.4928,41.7087,1.6234,-31.673,33.6729,75.1661,8.72384,54.6509,35.2521,-16.6157,33.676,43.2688,-34.3899,-43.0867,-71.9676,76.3344,
		node 2.65004,16.2251,-23.9967,-0.624261,-40.9406,-27.6172,-44.5689,-163.543,40.7471,68.636,-2.8448,-29.9018,-143.512,-125.432,24.2835,76.2361,-0.0119823,-23.9495,-34.3833,-39.9399,-4.61776,57.7036,26.0724,63.2189,-45.0244,17.967,
		node 27.2493,66.4695,31.7918,-21.255,68.9578,-5.98644,-3.4014,-54.8585,-7.81077,30.2317,58.8101,25.6651,-18.0159,-5.453,40.4058,-42.9696,-14.533,35.6962,42.4179,1.78348,-28.9284,57.3961,-51.8843,28.7389,57.879,30.852,
		node 15.8629,-67.9035,26.4735,112.935,-2.41319,15.4171,-114.077,60.4397,-37.9735,79.7944,11.9319,-11.882,20.6519,-143.855,10.9814,-9.60634,-19.1621,-34.228,-36.9601,-7.50965,-4.32988,21.163,30.5467,-10.38,1.80634,36.4765,
	layer
		node -136.219,0.957689,55.0732,52.1992,30.5579,-121.336,
endPlayer
