// Player55
stat 4
	layer
		node -70.3882,-178.604,50.0293,-128.504,-91.8924,-86.7236,-52.826,-132.971,-131.5,-107.857,16.6476,-130.379,-11.6555,98.6205,117.453,-1.72566,134.696,154.921,5.04727,-0.926896,-184.997,-69.4539,66.8762,-163.387,-59.0872,44.5165,
		node 15.1397,-36.4443,9.38479,13.8521,86.5871,-4.3499,155.482,120.064,-18.5753,-42.331,-101.549,-123.493,42.8902,149.44,-173.167,-1.91136,64.4949,60.3728,-2.08106,-119.413,-62.946,17.1541,84.1557,54.1778,-57.7148,28.0657,
		node -33.5547,143.238,39.4549,6.01396,-67.626,-67.6032,104.16,134.175,50.9984,11.7306,28.0508,-151.195,41.9683,-133.332,-201.026,123.245,-36.0424,-106.43,37.4261,-54.5277,125.249,-1.74064,-195.799,-29.9383,-130.714,44.054,
		node -82.9589,98.4438,26.8855,109.473,-101.775,-139.648,-93.7139,-120.48,70.4206,-31.7313,-43.6723,-9.69628,-98.2046,75.1009,-1.07184,-25.0156,5.17486,-23.5201,-119.77,-43.2845,48.825,33.5561,72.0072,-50.215,24.2045,-0.704153,
		node -133.087,-36.1062,19.2322,-164.677,18.5918,-112.783,77.116,36.5525,-1.53151,-110.325,52.1277,23.1355,-110.003,-142.358,-141.731,-91.0922,-71.7911,107.835,18.9912,-166.737,89.74,-15.6245,39.19,-108.678,-150.594,66.9209,
	layer
		node -148.516,-127.651,-76.5337,14.3056,-113.523,23.0704,
endPlayer
