// Player40
stat 6
	layer
		node -68.0243,-46.9012,-111.397,59.9221,-49.6278,-51.385,48.1722,-146.274,11.3447,94.881,58.8309,121.643,-133.318,-76.3681,115.582,-126.944,130.813,148.125,-11.2149,3.14946,126.398,-63.9514,55.1457,-161.567,-16.4178,41.5698,
		node -0.682678,-126.536,-163.422,-9.34822,90.8918,9.17296,58.7617,122.619,-14.331,24.9838,59.5371,55.3271,52.5056,51.1086,-13.1843,63.9476,24.0854,-103.951,-72.1945,-92.6681,-26.9053,-198.245,86.8319,88.6082,72.2314,80.5232,
		node -37.0036,145.279,-144.443,16.8017,-66.5532,-40.4671,-90.8673,3.72913,136.993,25.818,23.8852,32.4252,6.55347,-139.341,95.3708,27.2248,4.33373,-2.14106,96.6968,-15.8014,122.192,-48.4704,18.1886,91.7927,68.534,-143.804,
		node -42.6194,-54.9114,-33.3478,-169.658,116.219,67.9172,-97.1305,-211.299,-4.46719,-27.5461,-134.003,5.44945,-100.661,23.9757,-3.11373,-23.9494,106.847,71.4505,-205.946,-212.116,-102.986,5.95381,-76.2996,-55.2103,34.0963,68.0914,
		node -149.26,-44.5349,-0.660503,122.312,12.8582,-16.0992,-69.2689,48.2912,127.744,-123.335,-22.0553,-25.9842,-115.841,-144.682,-135.989,-108.192,-22.766,62.4065,-147.47,-29.7951,-67.7404,130.546,8.94705,-101.047,58.156,-95.4671,
	layer
		node -48.1387,103.968,-206.14,-204.496,147.102,-37.2464,
endPlayer
