// Player33
stat 9
	layer
		node -75.2034,138.89,-11.7795,196.818,9.39027,18.6591,133.056,159.606,161.823,266.782,-11.3429,137.265,-123.09,163.016,68.0866,102.326,-60.8205,253.019,238.336,34.2619,-12.9539,55.5348,41.4897,56.4153,-88.9507,-47.515,
		node 8.10797,177.881,117.624,7.43596,98.6203,19.5978,81.4775,175.025,10.5125,-49.1099,126.768,260.422,92.7879,7.08446,90.7967,-57.9046,122.541,30.3331,164.834,124.814,251.649,79.966,9.72275,-55.5225,-84.6486,36.4978,
		node 95.5741,-4.94817,-68.7595,134.186,100.531,49.7614,129.135,29.4475,166.189,147.421,136.664,-19.2871,165.16,37.935,60.5974,148.371,85.6891,179.001,91.0192,163.365,64.2282,147.03,153.118,-77.0139,0.211689,152.746,
		node 241.02,-17.3975,-16.9716,4.17117,10.1139,144.368,-24.2252,89.6486,3.01597,132.557,154.721,-41.7066,167.679,24.1822,107.678,145.043,80.2944,31.8426,-18.7718,168.231,-4.98247,66.6997,167.841,157.201,161.069,-18.4633,
		node 162.595,88.8048,139.223,55.6733,23.6373,134.638,97.7673,130.518,103.334,93.7319,87.7162,61.8211,276.003,162.445,36.1555,-8.40819,159.013,133.25,117.589,125.692,169.936,101.684,-0.687484,93.0857,136.307,59.9336,
	layer
		node 138.821,45.6773,119.901,93.0557,203.034,151.422,
endPlayer
