// Player23
stat 6
	layer
		node -77.3114,148.111,-14.1375,-7.65645,113.434,18.322,-75.0475,155.819,159.087,138.379,-116.518,7.97428,-125.652,160.282,130.896,117.545,-58.0152,25.4703,141.588,35.0651,167.352,49.7626,150.031,97.355,148.166,-47.5977,
		node 163.428,163.034,118.662,178.48,102.771,236.705,84.8302,177.731,13.0539,20.7601,-6.98047,85.5444,10.8172,3.24707,38.7373,45.9589,124.783,-16.042,8.68354,182.727,244.082,-26.9746,5.83489,14.8066,-81.1001,259.074,
		node 103.123,105.287,-71.9894,137.684,104.161,-67.0889,3.29902,95.4326,164.135,48.2199,114.456,203.846,243.559,31.5821,72.8591,186.956,255.89,185.247,89.3728,161.166,72.1853,135.598,141.936,22.8151,0.878445,42.9448,
		node 93.765,15.5998,-12.1703,2.32407,100.835,147.106,128.896,148.806,-56.8719,140.005,153.963,2.73146,155.993,60.5777,177.774,147.031,103.084,26.1506,-14.7263,125.065,-5.03711,64.9784,94.5582,176.927,137.118,56.1943,
		node 152.171,88.6415,136.357,54.6843,83.6874,135.133,93.1923,128.358,98.7187,87.7198,83.0283,58.9116,273.148,157.764,39.7547,-14.8186,99.4441,135.774,116.936,131.979,156.057,141.447,1.92263,82.4183,9.37372,156.423,
	layer
		node 139.67,276.155,-31.0601,-6.62593,138.643,-67.0062,
endPlayer
