// Player82
stat 7
	layer
		node -72.1311,101.442,3.80189,-5.25882,151.625,108.597,-84.5437,41.5012,143.022,11.5885,-13.3957,123.12,120.772,160.321,76.1328,89.4834,272.402,114.586,157.007,72.4113,133.282,51.7127,20.7474,77.4143,-59.4237,123.856,
		node -3.59338,34.5187,101.529,-65.7696,118.856,-8.0653,-31.792,169.811,42.4694,-56.8578,-4.11667,-61.7229,182.064,8.1957,97.3167,-18.7876,48.2513,69.8038,44.8076,7.51234,27.4444,129.685,-1.75495,-60.2678,77.2855,5.23264,
		node 153.161,-16.5849,-105.931,-13.9382,141.191,88.9542,121.616,47.3152,13.3285,129.696,110.004,208.433,256.943,34.8445,76.598,180.415,80.4767,181.968,91.9504,88.638,62.7652,147.217,183.414,30.4309,-2.75253,293.626,
		node 29.4232,50.0044,-22.0967,-0.917462,88.6089,110.859,133.641,95.742,27.3651,-106.083,156.847,-42.2375,9.81619,63.8608,15.7016,66.0927,70.7951,-57.4665,34.5442,166.497,5.40557,264.388,-22.127,176.953,131.693,54.1854,
		node -20.2134,87.0642,123.999,59.0129,24.9853,-23.1416,171.627,122.203,101.747,8.86529,101.322,70.0354,261.648,158.104,-65.5407,12.852,95.0395,135.901,49.4802,81.3929,166.811,-5.72981,111.269,122.869,2.81822,156.751,
	layer
		node 104.456,149.089,143.067,98.0523,57.7526,121.805,
endPlayer
