// Player32
stat 6
	layer
		node -79.5387,-117.788,-127.009,-171.735,99.9481,150.127,16.9952,104.982,-19.7158,117.962,-115.777,-33.452,-74.0925,-45.0054,15.5363,28.5276,-145.75,-22.4302,87.3639,-111.885,-13.0517,-46.6337,-45.0767,-27.8526,89.4546,-30.7395,
		node -102.85,-38.4551,-51.3756,-73.8839,-60.9841,-93.8495,-60.6577,18.4937,-143.549,-44.8825,75.359,-47.8437,20.9769,-41.5216,-97.1098,-61.0358,43.7438,28.8695,68.1038,-123.601,-148.42,-55.2273,116.618,-7.42007,-66.7921,-92.9314,
		node -48.3439,-110.774,-67.9866,-32.3685,-79.6006,27.1376,-27.1468,199.284,-60.9639,-93.9461,-83.198,-105.954,-212.386,-124.888,-27.9844,-54.0761,142.17,69.134,-29.3548,91.5616,-112.289,-108.102,-165.221,-47.3676,-175.254,129.101,
		node -73.4355,-79.7558,8.61085,-155.987,62.7218,-50.3178,-120.359,-92.9902,-63.2087,224.166,-91.3867,-156.529,-91.7785,-19.5248,88.4201,84.2192,129.236,-160.362,-174.475,-88.0827,124.902,-22.7308,-37.4695,-85.4226,132.151,-33.0055,
		node -68.1539,3.11798,17.0959,0.898407,-44.0946,-124.072,-21.9031,-3.18129,-158.443,-93.5028,-96.8409,14.4973,18.3053,137.737,-33.3547,-69.6129,112.258,-3.50297,-143.947,-114.421,124.771,81.7072,43.6325,-108.383,59.3965,-32.4395,
		node -50.3686,-141.391,-146.658,207.808,-8.37148,-29.6591,-43.5763,95.4359,-18.2053,-40.5127,23.5467,9.40524,32.2836,-104.555,-55.8061,-37.8107,-50.3954,-0.189402,27.7882,-3.80785,-149.028,-41.4652,-70.6834,29.3711,-21.1476,-47.0707,
		node 6.85773,-50.2021,-44.1821,-70.3153,30.3774,20.7483,-33.8225,-37.3015,127.384,-84.6974,-15.4972,38.5768,-56.9755,38.0991,107.551,84.4375,-7.51272,-56.638,28.7325,-10.4199,-60.3553,122.098,123.02,-15.5162,-56.1034,48.8081,
		node -70.606,-94.6836,18.9953,104.083,-90.2268,70.5529,-43.1771,98.2481,24.699,13.8654,42.8023,-87.4659,-131.188,-66.0491,-5.29121,-14.6435,-43.6153,-15.2677,-112.952,-23.1972,129.415,-148.019,-11.2563,-52.0575,44.0374,39.1615,
		node -61.9049,-44.6843,-63.7141,-206.362,-149.348,-52.3697,10.3928,215.47,-168.474,-78.1056,-158.042,7.1924,-14.1062,100.614,-32.2448,81.9936,41.5723,-113.171,33.039,-13.8773,219.947,45.5837,78.6448,-4.1033,23.4822,-103.42,
		node -22.3757,-8.23442,-46.146,65.0866,122.079,44.3262,-51.6632,-78.884,27.2098,-15.6756,-80.3806,-58.5887,-6.56834,-40.9252,134.047,-4.44747,-59.8159,-56.7926,-48.8859,-136.105,51,-64.3488,72.507,-22.2934,-47.7073,-103.193,
	layer
		node -59.1588,-110.344,99.2831,111.031,103.486,-0.295776,-2.00294,-29.4924,37.9086,-27.5738,-50.0288,
endPlayer
