// Player90
stat 7
	layer
		node -55.7592,-91.2707,-119.49,-174.067,108.592,136.687,15.8037,16.2816,124.271,116.84,-80.8416,-17.1819,19.6501,-38.6954,16.6497,31.8396,-139.835,-97.9902,-75.2163,99.6336,-21.897,-31.3888,86.2819,-21.836,-116.343,33.3057,
		node 58.662,-24.1697,19.039,-119.81,-119.084,-26.7249,-56.622,118.102,-149.839,-83.4461,1.66929,-57.8694,35.3475,-31.8498,-88.4528,-47.0566,217.494,-82.0366,-25.4193,-124.469,-157.993,-1.75859,19.7459,-68.2224,-68.272,-102.19,
		node -48.0476,-108.604,-104.252,-59.6796,23.7171,123.786,-67.8974,-38.5795,-38.112,-72.0361,-80.2909,-41.7089,-229.849,-153.471,-71.7981,-56.33,22.2127,48.5392,-100.147,-33.0841,-112.096,-103.396,81.2163,105.689,-58.9909,-58.6407,
		node -71.3487,125.331,-64.2081,-139.438,68.6253,-43.2131,-113.686,-72.3451,-53.7786,125.72,-130.526,-77.5269,-38.5055,-50.142,-136.383,-15.4378,-150.886,-167.156,-68.3786,83.6405,-21.62,-35.5612,-45.6166,-89.8517,116.582,140.694,
		node -83.3777,-5.19077,44.8708,16.3143,-47.9373,-58.0443,32.0065,123.484,-128.548,-121.28,-108.322,133.943,70.0691,119.207,8.01855,-74.5321,-147.703,-150.066,-128.107,43.8646,129.607,-66.4548,-101.526,-129.41,41.5371,12.794,
		node -43.2789,80.6788,-149.027,-61.0078,-56.9317,3.25188,44.9864,-28.0502,-32.9171,-64.1248,96.6855,66.9305,-47.9742,-118.423,-50.6651,-58.2739,-44.4251,121.649,19.9477,13.0879,-10.9668,173.326,-91.7411,-27.2964,95.5068,-1.47989,
		node -59.5883,91.566,-40.3282,-80.3324,19.6319,-89.0159,-23.2532,-35.7325,121.29,-98.6444,-11.3573,-157.538,-62.3229,-7.90077,41.8322,-114.84,-2.18444,-47.4792,5.95472,-53.1728,119.085,-8.853,-21.3273,56.4356,-84.588,-181.089,
		node -61.3516,-88.0944,25.5106,-15.2618,-104.437,-12.3756,-41.1098,13.3494,12.4458,-1.22789,-111.964,-85.0465,-134.932,-54.0681,45.1975,-6.25506,-55.1022,25.4078,11.4033,35.8119,111.759,-146.713,-0.502678,26.2277,-128.802,55.7309,
		node -1.80275,-36.0479,-75.1782,-196.648,42.1413,83.2773,-4.029,-120.96,-155.462,-66.2987,-175.473,-29.6463,-45.0075,-65.6487,-71.2776,85.0477,-106.362,-119.967,41.6883,-20.5755,194.311,-34.3167,90.3155,99.7194,11.2012,-96.7797,
		node -121.134,-2.88328,-57.8026,54.3057,129.945,47.1537,207.613,85.3148,-43.8988,-35.4376,-178.569,-70.5404,-26.6352,-10.613,-33.282,-81.8442,-41.032,-73.1846,-74.4851,-118.944,45.6137,-62.4934,44.2406,-27.6639,21.9721,-86.624,
	layer
		node 34.684,-94.9089,-106.985,-63.4971,58.3921,-120.551,-22.9493,39.3193,122.022,-50.9468,-23.0426,
endPlayer
