// Player83
stat 9
	layer
		node 169.206,-172.335,-51.6917,23.8861,174.163,176.022,46.2039,21.055,317.397,172.582,-68.64,-39.6596,45.7912,18.0933,97.7522,43.8327,67.7539,67.453,-7.5533,114.777,16.054,-13.01,-19.4654,-102.293,31.948,-98.0811,
		node 25.6382,61.1128,-30.0748,-78.8471,-151.641,-46.2112,-60.5178,-171.028,-56.127,117.023,29.7774,-60.4522,-121.4,-199.12,-95.9375,93.6941,-74.807,-10.8567,-181.727,-64.6863,16.226,-32.2983,206.988,64.6351,43.5655,-85.9763,
		node -194.389,-343.278,-72.8634,-274.555,-72.8162,-35.3618,-5.72369,-84.4231,-88.056,103.957,-38.8771,-143.766,-34.465,29.8457,45.0141,-17.7588,12.5044,-64.0096,-116.693,229.555,56.4074,9.66726,-137.34,159.832,-60.9934,-146.116,
		node -151.774,111.306,-11.1304,-62.7755,92.6669,164.425,101.605,183.469,56.2362,96.4959,-263.355,-87.8258,81.5997,-80.4242,209.87,-65.5085,10.6244,58.8592,-98.1109,51.7253,33.3156,-22.565,124.587,-91.4068,-84.6851,-143.224,
		node -33.3259,97.8373,102.348,53.0357,-87.0814,-275.247,-24.312,-73.9502,74.6384,-71.8539,16.2296,32.5431,-32.0171,216.434,70.2236,7.31017,-146.224,-38.7453,116.224,-90.2777,174.109,17.2088,79.3638,120.883,158.607,60.352,
	layer
		node -36.9167,73.6482,-52.2442,-119.592,145.116,-180.919,
endPlayer
