// Player56
stat 7
	layer
		node 142.905,-187.013,-54.1388,28.0347,171.428,160.521,52.5517,2.99745,288.074,151.531,-59.6057,-35.6958,52.4085,17.0492,82.9662,49.8803,65.4225,62.1024,-7.28622,130.616,-16.8327,-1.77425,-27.0084,-98.3869,33.752,-113.683,
		node 24.8221,57.6291,-35.7798,-68.4439,-144.459,-43.9827,-27.6712,-170.158,-77.1411,117.928,34.9801,-83.1449,-139.167,-198.077,-99.8581,105.123,-79.7518,-4.20168,-169.3,-60.1357,22.451,-29.7687,203.259,71.3766,43.8176,-85.411,
		node -180.243,-360.007,-77.1657,-273.141,-87.6158,-26.6668,10.5963,-78.731,-85.8803,105.521,-20.3794,-138.303,-37.4226,21.2446,43.3562,-15.8272,18.5244,-33.914,-124.208,238.067,58.6096,14.4028,-132.808,160.142,-61.5962,-147.296,
		node -171.208,108.163,-7.19412,-92.9993,74.5377,171.114,84.8531,163.88,52.4924,101.998,-273.331,-101.743,81.3954,-82.6541,191.271,-79.2591,8.51358,35.7341,-158.056,54.619,39.0873,-44.4882,107.482,-71.173,-100.183,-157.991,
		node -28.2305,69.5287,54.8651,40.4624,-81.4306,-250.233,-20.0175,-71.7193,44.1132,-77.8314,41.3891,32.616,-31.0568,202.305,26.5068,31.1593,-161.629,-29.1931,115.397,-98.8541,167.59,21.0419,93.3758,158.16,149.255,58.4625,
	layer
		node -23.6829,93.2569,-34.6423,-116.762,142.808,-182.305,
endPlayer
