// Player22
stat 5
	layer
		node 135.144,-180.501,-49.4702,25.5442,190.725,184.441,28.9254,33.0326,286.459,175.581,-67.4214,-30.8653,54.0093,21.2805,92.6238,54.5506,69.3738,60.5975,-15.4735,119.709,-9.83848,5.75658,-23.1872,-97.4297,41.0334,-108.556,
		node 25.6389,43.3033,-52.0956,-69.7422,-144.158,-45.7117,-67.2962,-174.08,-71.9913,138.666,34.3019,-59.1706,-135.214,-178.126,-99.423,100.095,-73.0703,0.314597,-158.522,-80.2438,31.5668,-47.3804,204.271,80.8524,43.718,-88.0042,
		node -202.09,-364.41,-53.0779,-291.065,-80.1971,-45.7826,2.40905,-99.4673,-55.6369,84,-1.96086,-148.233,-34.8367,8.41476,43.5872,-19.5314,34.2572,-76.8957,-134.465,238.094,75.7953,3.02553,-143.03,130.532,-52.1204,-129.182,
		node -172.625,112.168,-15.1688,-105.036,91.042,171.228,102.457,159.803,63.0262,97.5009,-290.003,-95.6363,83.6331,-77.6208,200.577,-77.6449,14.2616,68.755,-89.951,49.3413,0.884207,-33.4578,85.6118,-81.3685,-76.1875,-147.226,
		node 4.31569,72.7542,58.9721,31.6094,-106.623,-248.335,-10.3909,-71.1307,53.7489,-84.2108,34.1016,33.6384,-35.2498,197.492,64.7469,42.4355,-143.953,-43.4277,112.698,-96.3325,152.676,11.6884,90.3161,119.624,152.206,61.0558,
	layer
		node -3.81346,79.5913,-6.13996,-132.134,154.946,-204.525,
endPlayer
