// Player68
stat 5
	layer
		node 166.278,-214.022,-44.1947,29.7683,182.579,160.512,51.2698,9.98498,287.928,150.514,-40.573,-47.2145,44.2062,19.649,95.756,60.6589,69.3681,57.7509,-19.116,98.3926,11.6787,8.62651,-27.5597,-88.7527,35.8243,-118.273,
		node 30.0848,80.7842,-41.4981,-74.8724,-158.035,-44.8803,-59.7935,-164.55,-82.0165,150.324,24.6258,-86.472,-137.725,-185.415,-105.193,81.3902,-74.3116,-9.12136,-178.271,-60.8841,14.7195,-33.5413,225.431,99.3814,55.4564,-85.6096,
		node -192.794,-342.452,-74.1847,-276.501,-85.4436,-45.5135,19.9669,-79.3626,-41.9717,107.17,-16.5284,-146.25,-62.4018,17.8965,40.9153,-18.071,31.0765,-85.542,-125.39,239.099,48.5201,21.2211,-133.642,169.722,-30.3937,-162.361,
		node -168.572,106.851,-23.9396,-60.4451,72.6226,182.554,87.9457,182.718,73.7008,102.803,-273.09,-79.3445,80.6085,-74.5522,197.763,-57.8942,7.91271,27.4152,-161.584,49.6472,32.6006,-23.0484,100.852,-85.6464,-92.7261,-141.472,
		node -28.5265,76.3716,41.05,40.8966,-81.8538,-248.709,-24.4106,-74.0982,69.4514,-94.2428,13.86,32.8798,-33.3035,213.357,61.2834,37.7121,-153.024,-32.8439,119.083,-102.397,168.405,21.134,93.5825,125.119,115.156,33.0388,
	layer
		node -22.6566,92.2769,-8.7253,-120.673,164.448,-176.252,
endPlayer
