// Player52
stat 3
	layer
		node 63.0873,114.526,-58.8913,158.295,50.381,-0.69475,109.246,46.927,-28.3662,-22.9805,110.576,126.892,119.997,-117.373,178.727,-89.9265,-86.6813,3.92377,98.6393,50.8913,-22.8506,14.7071,118.608,138.791,-203.793,-10.8695,
		node 124.009,-32.9394,143.217,105.56,126.729,117.369,87.0892,94.8564,39.4969,-88.4692,-22.1015,29.7307,16.45,-52.4185,19.4336,-37.1779,-3.30493,100.036,-11.8624,37.5843,138.268,50.2146,106.976,50.7402,146.363,54.9329,
		node -274.983,154.406,-14.8158,161.602,49.8096,-152.539,-66.2926,15.9658,28.4745,-289.43,119.848,79.2886,119.3,121.026,-53.3793,73.0424,-143.153,-6.25906,-41.0682,-58.2614,85.9163,-24.05,-73.8799,156.698,-39.0879,-91.4269,
		node -49.3533,154.95,156.148,-105.534,149.433,-55.2641,149.824,108.077,44.3544,93.5148,121.332,-99.2356,117.769,-88.3275,-32.9094,116.676,43.043,-8.08498,11.022,154.977,44.3062,127.864,-62.0112,84.9268,-20.0747,-50.4568,
		node -38.974,112.545,81.492,113.762,120.18,134.893,93.6767,14.3131,-12.9143,76.6029,62.0962,65.6974,-4.22019,69.919,-20.8934,71.8231,32.7359,39.5783,-18.3838,-35.4241,-51.7327,5.68223,43.1218,-44.791,166.21,-30.2048,
	layer
		node 55.832,169.329,164.91,-39.5503,105.756,-26.242,
endPlayer
