// Player82
stat 6
	layer
		node 58.5773,105.648,52.7673,162.19,-3.79207,-4.14025,-143.401,47.1485,-24.1194,-43.1138,74.2599,-141.233,45.9417,21.4736,117.809,-91.0199,-55.2089,119.838,133.199,27.0846,83.2395,9.59017,40.8531,-225.632,-26.0449,-100.639,
		node 118.982,-248.626,33.893,13.8889,161.361,37.7981,78.5048,89.6463,-51.0901,78.2468,-54.8744,17.6461,70.3878,-60.498,-98.7733,120.215,-87.3964,114.508,93.1217,180.632,13.2588,220.877,33.35,108.069,1.60879,60.1093,
		node 102.885,-94.8821,-3.44085,92.024,151.699,94.1092,-18.4448,66.275,85.9597,116.876,-45.4882,2.99718,-39.4708,-35.6591,-24.4935,164.05,-116.276,-7.97103,138.68,-62.6793,128.637,97.8828,136.22,-102.086,115.617,13.3251,
		node -182.768,161.494,-59.7758,16.1598,21.2346,-56.3457,147.113,2.6421,51.2937,-15.87,62.1498,-219.396,121.202,-24.901,-81.1718,2.62315,183.886,102.277,7.49087,134.859,-43.3323,147.76,-64.1472,-12.7498,18.8034,147.776,
		node -26.4403,116.709,85.3842,107.731,102.009,75.6307,-1.96936,126.569,-10.8979,92.4545,-73.9294,74.1971,99.7296,56.548,56.1785,63.0703,13.8606,55.7404,77.0422,-40.3873,-33.1204,128.539,37.811,139.524,154.662,-19.3893,
	layer
		node -16.4846,6.08455,49.5857,216.098,181.989,156.032,
endPlayer
