// Player31
stat 6
	layer
		node -26.5068,61.2358,112.532,-86.4071,54.4131,-15.7938,59.7346,106.558,-25.9463,12.7302,1.80487,-63.5994,-11.5735,-31.0232,-4.10473,-93.9218,150.539,16.606,109.81,170.555,23.1551,174.509,54.186,120.363,95.5822,24.3146,
		node -123.291,174.67,44.753,-16.1823,108.28,-28.2462,-81.4728,-26.6623,-23.6319,-89.4477,-45.1692,-95.2886,-51.769,-32.1762,-68.696,75.1605,149.206,24.1831,4.4183,-15.4507,-67.3744,-103.603,32.9868,23.3472,-22.0771,-22.5772,
		node -7.33775,115.919,106.277,-2.0083,-13.549,39.3923,20.8792,-7.39548,-8.46293,60.893,155.868,106.889,97.3699,-36.1689,-126.044,-81.5289,63.9465,13.885,-34.1724,-12.0469,16.923,5.21806,37.8569,-29.4139,-115.46,38.3288,
		node 13.9493,150.813,-67.4643,102.125,-20.3726,6.26888,-156.16,-26.2772,117.827,-53.437,123.555,69.023,90.01,79.8012,36.8888,56.7231,92.3894,-90.8405,-20.1161,110.199,-63.5917,-85.8252,125.755,34.147,117.987,75.3589,
		node 36.3482,23.0256,9.61896,-15.7521,-119.99,82.7895,-23.0859,73.3741,-20.4355,-22.6759,58.2279,9.39718,14.556,-107.949,70.5386,153.993,104.247,43.0085,5.47514,7.8597,166.295,99.9082,-49.5941,167.633,99.9705,86.8272,
		node -24.5468,162.757,-8.98372,-12.7205,110.254,115.614,-207.429,42.6165,-72.9967,19.0533,-166.785,-45.5864,18.0835,54.8701,58.0414,25.1998,-98.4723,-20.3937,-3.91503,-5.54734,31.2662,45.3609,-36.4807,32.8309,54.2786,45.7394,
		node 106.672,96.5803,-3.31992,60.9894,9.56872,-69.1747,104.948,-18.4427,-20.1676,-26.883,115.783,0.72579,36.5623,-21.8943,-57.8733,-21.3089,11.6456,13.375,120.493,47.2686,12.2721,87.1999,67.2722,-78.9507,115.097,154.925,
		node 99.9511,11.433,68.1918,-106.045,-4.69702,60.6153,12.9127,14.9734,36.7116,-159.304,81.7363,-56.6518,-2.27663,105.509,-38.7591,150.178,94.3633,59.6931,-65.6457,9.99692,-122.375,-17.4535,-33.448,9.19445,-95.1119,-9.86571,
		node 35.7067,-9.15946,23.0472,-103.255,29.6295,-83.5439,104.936,69.9908,-26.0201,90.7573,138.987,10.0437,58.7626,35.1644,-48.7962,88.5898,-37.3347,126.887,-73.4641,100.946,-49.1751,32.5612,26.763,-68.8235,-92.6356,52.1726,
		node -12.9834,-29.0625,-97.0691,-17.2678,-29.1241,85.1894,1.78589,76.1209,45.368,8.17812,144.174,92.1352,-77.0941,10.5883,119.606,116.7,78.7132,107.213,76.9196,-58.9521,-32.5622,37.7053,180.788,92.7977,-23.2382,-53.3931,
	layer
		node 104.391,-91.872,-62.3645,45.2578,134.378,-81.9304,-34.9034,44.5234,-88.573,42.4643,-15.199,
		node 91.407,164.205,87.218,-14.7687,-57.091,-7.14667,146.525,34.5249,-114.119,2.54531,-64.2555,
		node 15.5346,37.6081,48.5012,56.7672,-29.488,-149.21,39.0578,113.282,-75.7025,114.056,68.6266,
		node 83.6898,94.6625,-51.7542,100.704,138.123,-96.4367,-156.44,-4.19106,16.1777,61.0807,97.635,
		node 23.2703,-15.3154,101.818,14.1649,10.9235,-92.8656,77.4992,-0.0501364,40.6884,-112.877,36.5271,
	layer
		node 48.8015,157.821,-22.2713,-33.347,20.3763,-2.06829,
endPlayer
