// Player88
stat 7
	layer
		node -145.099,61.0892,-165.481,44.7708,-52.2217,-92.8827,-4.10818,-87.1437,60.7705,-87.2633,-115.582,4.92426,-76.8557,-5.68763,-168.433,-27.9304,24.5654,-71.665,61.3404,-42.1481,25.2742,-38.403,-77.8222,-15.3581,14.598,-21.0424,
		node 110.535,-81.7855,-191.03,-143.979,-89.1437,-41.3642,-52.5014,-86.1525,-8.29038,20.1042,47.6313,-66.658,-81.6649,-36.7959,-126.263,47.4707,66.2671,-86.8553,88.8156,-23.3642,-27.5989,-107.952,53.5634,-30.546,5.07974,28.3215,
		node -4.28123,-10.4322,-38.4956,-10.3257,-148.83,-29.4781,-40.1578,19.7328,55.4185,-113.221,-192.015,60.5112,-115.484,-13.6769,69.0398,-66.1742,-51.8023,45.9826,-65.4924,-4.35471,-69.9781,-63.4642,-32.1488,35.7029,-30.4129,74.2943,
		node -44.7719,53.047,91.9547,-22.7962,-106.908,-17.2718,48.5813,-159.421,27.8083,-48.2508,72.2017,77.7194,-26.1975,63.6895,262.204,-75.6997,47.7792,87.4832,30.9827,-0.370009,79.9911,-7.51469,-80.2394,-30.364,-37.8243,27.8579,
		node -64.1172,14.1655,-55.7569,-52.0446,-4.1448,60.5473,-52.2866,-94.9235,-60.0282,-2.43264,-2.96191,93.1755,-75.7197,45.7844,-37.8058,-10.2304,-132,25.2239,-104.785,-51.8839,100.829,11.0314,-150.623,-6.74352,-89.1968,-12.342,
		node -147.835,-167.326,-205.916,51.2035,33.5547,-43.9756,70.9798,-96.7724,-49.8673,-9.5391,68.3272,-80.5211,115.544,45.3851,-107.473,26.8103,90.3229,-17.8351,-36.1639,-5.26778,-45.7429,145.908,32.9573,-76.8192,-68.8881,94.193,
		node -56.6416,22.785,-215.407,35.585,-36.6753,-6.97928,-20.5374,-61.7082,-0.28767,-148.442,1.87376,111.822,33.3436,-29.2947,58.2284,-117.33,-0.126861,-180.462,-66.6562,86.6505,-157.735,-27.8187,-40.5823,86.1215,-23.9465,116.049,
		node 7.51064,-105.241,53.4085,-44.2664,27.0052,-55.922,-105.112,122.287,37.3426,-21.5429,-167.895,-97.4192,-76.9146,-105.272,-87.8785,-73.9038,108.251,-65.4143,-18.6764,62.8036,-122.926,26.6068,-9.37639,-66.9635,-3.74083,10.665,
		node -162.263,-13.2776,-28.074,-11.9868,-19.5946,-140.089,-41.7554,-60.8477,126.914,-76.4739,32.2496,-37.0426,-11.0873,7.39261,-82.4882,13.0424,-70.6352,-79.0988,-94.1261,-194.029,-2.56438,-4.11388,64.4413,-41.0972,-10.525,43.9001,
		node -1.25477,-164.925,-12.5043,-132.534,119.363,-20.3937,55.9971,-16.0687,-59.3046,-62.3148,-120.37,29.0666,61.5046,-20.1768,78.1937,-89.4205,-5.83943,-123.25,-53.1481,15.6968,-20.0576,5.18644,-1.24733,126.935,-158.986,3.42532,
	layer
		node 27.8866,-189.477,24.5783,-39.2349,-35.8615,23.5795,31.9852,-2.24321,46.637,-2.11808,38.5635,
		node -60.8704,-26.6678,9.77805,13.4861,-62.8,-92.232,-24.4615,7.23082,-55.9097,-42.8237,-92.9813,
		node 123.818,-122.068,129.314,-126.325,98.5819,-8.22047,-10.2614,46.1626,110.975,-33.8988,-57.5649,
		node -28.7233,108.258,81.6889,-26.6498,73.6667,32.2679,-104.152,-65.0258,-90.7904,-24.6089,98.4431,
		node -63.6438,-41.382,29.8679,-180.387,-99.4983,-60.5929,66.3798,-23.4953,-72.3341,-28.3357,-46.7182,
	layer
		node 41.936,76.5425,46.9988,-94.9554,27.3255,-70.3932,
endPlayer
