// Player41
stat 5
	layer
		node -10.249,37.1106,51.8381,-106.15,138.815,176.669,11.0908,-108.627,-37.9808,182.784,40.4212,-118.754,242.27,85.6068,195.957,-42.4332,186.592,-39.867,-97.5419,154.256,220.552,-33.3257,-62.3287,-56.5773,-117.368,130.532,
		node 25.968,216.152,-177.096,36.3536,-117.29,-135.545,-86.6772,92.856,-3.89766,51.6263,-77.0117,-192.526,192.069,-83.8862,-51.9578,-22.0664,-221.299,54.5632,-8.49593,212.69,41.8322,-62.5609,-51.6223,-47.8762,22.7557,66.2371,
		node -123.466,210.203,-169.53,179.684,-8.05656,184.558,219.639,203.074,15.065,74.2524,91.1069,58.9002,-71.5773,171.461,-113.246,169.051,-14.3868,192.907,-146.973,28.2331,44.5267,186.431,217.596,-129.455,162.152,75.0673,
		node 191.775,71.1061,188.786,-193.841,53.1422,164.571,-35.8101,-23.8443,148.363,-17.6832,214.181,229.235,249.728,-55.8089,-33.4864,-118.469,117.083,192.782,175.19,74.6473,-59.8514,-70.1579,239.505,218.676,-30.3134,-145.969,
		node 79.9847,-51.8167,210.697,-17.8211,185.874,-136.847,-29.404,13.2109,82.1776,126.461,-52.0584,194.67,-21.7382,30.7878,172.256,-43.918,188.892,-48.394,-0.475849,6.91322,-94.6984,-135.65,132.508,-16.2928,-100.229,187.132,
	layer
		node -95.9626,-115.459,32.5125,-228.017,-48.4712,163.386,
endPlayer
