// Player96
stat 7
	layer
		node 224.533,95.5515,211.001,219.31,-9.51406,-95.8465,21.2741,192.881,-39.8972,202.2,189.756,-118.915,-43.093,-50.0457,184.777,31.7724,-47.1253,156.146,76.8885,-1.16214,-154.788,241.361,-50.5933,170.227,-74.6812,-116.061,
		node 166.045,156.69,-167.647,190.992,139.484,135.943,180.465,-105.991,3.89957,143.029,-8.6091,120.18,193.524,233.223,27.0873,152.883,157.889,-24.5678,-8.63495,205.678,43.0747,-159.425,112.354,200.135,20.1205,211.878,
		node -34.5427,204.051,-165.494,166.568,165.684,207.382,190.157,-100.953,-8.44049,-32.7712,147.309,-140.365,4.31318,220.283,-89.6321,161.404,96.0947,44.0663,-135.801,-13.788,-62.3901,253.145,-20.9295,-124.804,196.407,-72.8888,
		node 197.367,-110.174,145.143,-54.4219,168.219,146.029,147.409,155.024,-51.5663,-6.50986,212.897,237.875,255.011,32.3179,-63.6124,-7.31981,-19.777,-15.4062,-114.364,-89.0715,159.863,230.511,202.208,-34.6535,203.798,181.942,
		node -70.0086,-69.7738,165.601,22.5927,203.816,16.1927,171.244,-140.818,175.054,156.627,-59.0274,-63.4815,84.4171,35.0241,194.633,162.872,188.986,203.387,10.0477,26.3036,179.005,-143.775,183.693,-18.379,186.935,176.105,
	layer
		node 165.048,-93.395,138.741,-94.9178,-28.8529,25.9251,
endPlayer
