// Player58
stat 5
	layer
		node 15.6179,61.2678,103.8,34.1774,52.8927,15.7613,55.9794,47.2643,30.5172,154.814,3.27227,-93.1013,-7.05917,35.9385,9.53192,-37.4952,-14.3233,19.1386,-24.2644,173.447,161.808,169.88,55.9073,104.468,-75.0542,-80.4314,
		node -106.426,49.1411,19.5292,-16.785,40.5611,58.9827,-85.3187,-10.5069,-188.342,0.407297,-206.691,-104.062,-222.367,-31.2474,-3.38581,-27.7401,-87.692,25.501,76.2501,-173.536,-61.0144,-110.906,189.352,15.1976,-25.6117,-55.3501,
		node -11.1522,17.6896,103.202,2.14394,-30.0951,23.7789,11.3322,39.7633,-16.7178,7.87786,164.336,109.253,93.8334,-36.3136,15.3988,-93.0391,2.05651,89.4816,-32.6801,-16.9128,82.3119,0.704257,35.0312,14.3251,-144.366,132.964,
		node 35.4296,102.785,-72.1013,-11.3419,-28.67,6.4534,95.8829,78.1749,110.685,54.9933,128.79,155.586,59.6618,22.1792,151.082,59.8295,81.8954,-96.3107,-12.9119,108.319,57.2542,105.525,113.813,21.1342,-71.7224,76.0458,
		node -5.81378,39.9726,-29.8713,-20.5893,-150.085,102.888,-13.8744,60.1031,-13.7845,82.1745,55.9992,-17.1573,3.56856,28.0374,75.6677,-11.2211,-16.0574,-20.6306,5.45256,6.78896,-22.0506,-53.3915,-24.8482,167.757,126.065,90.1673,
		node -31.93,15.6245,-21.6394,-16.0505,129.842,109.609,-209.952,42.5331,-26.9411,-7.86496,-179.458,-31.2501,11.7912,2.99673,42.8678,35.4646,-50.4872,-36.1609,-3.52041,-32.8757,50.1736,49.4747,-47.1946,82.7211,51.1373,33.7176,
		node 107.611,88.4348,39.4841,28.1412,118.52,-132.819,-10.9351,-24.5717,-13.94,-35.4875,118.486,-6.03899,34.2711,-140.375,-119.257,-10.6628,57.9699,6.52212,119.351,40.5184,5.52,19.3045,-115.078,-14.3624,-82.885,181.937,
		node 115.605,2.36486,-37.9386,-103.736,60.4219,52.6187,-27.7895,33.5238,32.5938,-151.816,22.2091,20.7265,95.4449,106.196,-17.2348,148.237,88.1314,87.6305,-60.3078,3.17311,38.9616,-31.2584,-32.9203,49.0297,-96.0341,-13.4264,
		node 3.3216,116.822,21.6336,-105.342,-144.007,-81.0167,102.923,81.6171,-6.04588,73.8328,136.022,9.86068,-130.269,112.834,-69.0457,94.3016,-22.0502,129.298,-78.8704,94.955,-49.8351,56.026,3.31795,14.5179,-75.6689,98.977,
		node 60.7505,25.4892,28.1611,-13.2411,29.1604,101.06,130.241,85.6911,46.2945,-27.5644,59.5723,108.887,-12.5233,21.4478,137.835,-6.21538,-20.2796,93.6104,74.9172,77.1269,-41.5552,46.3297,187.471,119.252,27.5213,-62.4583,
	layer
		node 77.5371,47.1442,118.376,43.6714,-217.482,-83.8046,-35.1492,-145.286,-78.878,46.5775,74.6045,
		node 83.111,19.1799,80.0289,-9.90266,-45.5051,81.3905,142.891,34.7179,-105.187,86.5901,10.1751,
		node -73.7799,36.5982,20.1223,60.0261,-6.87135,51.8058,-100.731,16.3245,92.2174,34.6735,71.8325,
		node -38.6075,-14.835,12.2714,68.098,125.629,-15.559,74.2233,31.8987,-152.644,110.638,-158.463,
		node -30.4667,-39.9618,141.612,71.7154,113.163,206.047,-242.381,2.51279,-27.2458,69.1592,-61.5873,
	layer
		node -11.9557,-56.3877,123.504,85.0059,-217.471,-28.6488,
endPlayer
