// Player28
stat 6
	layer
		node 29.0869,66.849,-46.5718,-132.225,107.65,32.3,114.071,75.2218,19.5864,63.9745,77.5186,30.9852,34.5502,45.7265,-28.211,64.5682,-56.0193,143.938,34.3036,134.077,-129.161,63.6947,-81.7175,-15.8476,40.6693,-110.535,
		node -135.914,19.8362,-35.5591,113.256,-18.561,-81.4069,-104.274,84.6223,13.8285,41.7539,13.6273,48.6276,-5.44712,179.826,136.096,142.731,102.466,35.5172,-9.32972,139.058,44.1202,-2.38574,-57.9429,-8.59871,-94.1499,-126.614,
		node -5.76467,151.274,151.569,16.4316,-34.6458,149.183,-113.338,22.838,26.7674,-24.5234,112.057,140.611,7.1946,11.7189,-109.736,9.37508,8.80404,117.249,60.4674,50.6388,96.8538,-42.1897,108.219,19.817,-127.264,13.92,
		node 60.2366,87.3485,-0.0359151,-121.473,152.68,-17.8659,107.324,13.3367,20.3102,16.73,12.6764,137.765,77.0028,-23.4162,74.8544,-6.87042,-0.958446,43.5602,120.861,79.0963,75.7071,19.9743,79.1263,-141.126,65.2272,-33.5697,
		node 46.8475,57.6395,-44.727,8.89208,-40.9844,121.723,-31.3795,168.962,73.2288,81.8044,1.20575,-11.8231,-67.9933,13.2088,-6.43272,65.9605,-50.9664,49.757,33.9672,50.0022,11.5775,99.6619,-13.9865,32.226,75.3628,156.612,
	layer
		node 22.3425,0.0549756,82.9183,-31.3675,-68.8327,33.0969,
endPlayer
