// Player15
stat 6
	layer
		node -17.4207,-104.654,-43.4099,-38.0015,28.4489,-29.1711,18.2834,3.85125,2.82822,12.3423,-80.768,22.5534,5.06478,-41.2886,55.5454,1.10671e-321,48.6484,4.10494,-4.26869,77.4474,77.2991,-10.766,-73.8432,41.6306,0.240304,-33.8741,
		node 7.81501,19.1898,-4.78105,10.1773,-20.766,-3.37618,-38.7042,96.9976,-3.27831,-34.8633,-32.7896,1.94101,25.2309,10.2996,-9.11634,45.1344,-97.8523,-6.66999,-35.8826,29.8588,-105.597,-16.0606,-9.99174,-27.7244,-31.2684,38.3188,
		node 30.7655,-9.8044,4.58629,-3.99198,36.0411,39.5904,-63.8172,67.8388,-31.131,32.1207,-42.9621,16.3562,12.0631,-88.9613,9.90763,-77.9038,1.20308,-0.83192,-59.9056,-21.3016,28.7268,-21.9641,38.2972,42.3493,38.5549,-26.5411,
		node -14.3486,50.1602,-91.5797,25.5518,2.65082,98.2173,-37.2103,-27.8249,4.57618,18.926,16.9359,15.2774,-29.0638,-25.6288,-112.137,-6.42856,30.6929,-5.74203,7.54462,12.3439,-24.4661,-4.61491,18.4948,6.59516,10.7525,40.9987,
		node 17.9774,-47.673,-4.87634,-45.4649,-16.4174,-29.8873,17.6116,83.0802,-1.24159,-55.8377,2.32894,10.6409,-84.1272,-37.577,37.7734,25.395,-1.26402,23.4114,-109.547,44.8468,-42.4519,-31.0172,20.4081,0.79723,-6.94823,-30.5751,
	layer
		node 41.9354,8.28558,36.4457,25.8954,-77.0057,-86.0284,
endPlayer
