// Player69
stat 5
	layer
		node 36.2591,-15.5175,8.34501,-27.9457,37.1744,87.4861,31.7419,-9.11934,36.0854,-4.07846,9.4496,40.6783,-5.07073,82.4237,-87.7144,43.084,7.85431,-37.4903,-2.88401,29.2801,-32.6684,2.92551,11.9247,19.6468,33.0168,2.70648,
		node -3.39989,14.2788,1.57855,58.5424,-43.6039,-0.771663,-6.4785,-78.1874,-4.29335,-38.25,33.0231,4.24657,32.0656,5.55643,-97.9529,-39.619,-111.694,-2.20349,-34.5297,7.07247,-20.3077,-25.1755,-57.3565,-0.318509,8.89062,-20.2548,
		node -14.1605,2.41679,22.9528,-34.8644,-0.28989,-106.775,-87.9881,81.2978,-33.1291,34.7929,-11.8235,19.1171,7.75734,-103.082,-1.13643,-0.5663,-14.7994,4.16195,53.3564,11.3867,-20.9085,-31.5178,34.2436,28.9102,-2.55845,-42.1431,
		node -12.4047,-1.9412,32.5824,-9.96655,-20.6208,7.57194,-45.8346,44.5555,-23.9107,-12.1427,118.821,-8.1288,6.19397,-38.4835,68.6462,39.8438,14.4303,0.276631,-3.5866,7.65761,-79.068,-3.67026,5.91159,3.04761,-11.0332,-18.9968,
		node -106.842,-54.2901,31.5782,-62.3844,-0.396496,-26.1375,6.06132,-43.6905,-8.33785,-9.0789,11.5336,-23.3243,0.334898,3.03134,5.0181,50.3116,35.6941,27.9445,-103.008,-16.5507,-47.4239,-19.086,32.0083,-2.50125,41.2395,-7.61099,
	layer
		node -45.0839,43.9882,-6.56956,-23.8541,-9.45675,18.565,
endPlayer
