// Player49
stat 4
	layer
		node 39.1338,42.485,36.5494,53.6516,-54.2899,-125.08,6.55103,63.0045,-43.7964,57.024,-88.8885,-60.8017,16.4802,-83.1066,-32.3624,54.7781,0.769564,163.616,5.44389,85.6958,-66.9141,-61.5352,79.4987,-45.5021,-95.8822,24.6711,
		node 34.7121,-92.8269,-49.8658,79.3242,124.355,-82.6464,-61.7381,116.117,59.8018,-91.2599,71.4468,8.10325,40.1617,-99.2541,8.31239,63.465,59.6787,-61.6607,40.7181,-73.3038,-16.0473,-37.892,-3.61822,-163.72,161.37,-59.6067,
		node 25.298,-7.85615,-142.603,-30.6214,-66.887,152.243,49.8831,-103.761,35.8262,-149.125,-95.3174,9.71037,39.5138,196.066,158.314,71.6498,-86.6322,-32.1771,120.324,-111.006,138.605,33.8811,-80.3966,36.7281,72.4458,-26.849,
		node 44.0896,-42.817,-70.6119,-62.49,-80.1647,-134.873,42.6794,65.0336,-76.1187,39.4693,-38.5632,43.8596,56.4732,-47.9386,-82.5148,-132.081,-115.63,68.8469,75.8466,-86.838,63.6618,153.311,120.042,72.2262,19.6849,134.469,
		node 107.324,170.581,72.2727,-113.037,73.6507,-6.82766,45.2877,3.73403,21.0515,50.743,169.346,-39.4999,19.563,-79.8356,-54.4101,-60.2648,36.7949,-82.9846,-43.5041,117.497,-70.6935,-92.5719,154.213,-31.4265,-138.597,-82.5658,
	layer
		node -21.2033,5.26867,57.0168,-28.4002,-2.39119,-132.032,
endPlayer
