// Player11
stat 5
	layer
		node 136.927,30.7294,139.396,120.344,-71.4744,126.141,114.014,157.363,-75.6577,196.318,173.84,45.143,56.5975,188.581,279.233,215.2,287.256,-90.0864,144.691,113.661,-86.9532,195.822,243.229,125.405,147.06,151.592,
		node 103.01,216.75,-65.376,161.702,20.5351,208.043,145.547,159.477,124.635,-107.834,275.579,275.335,159.593,105.935,219.991,152.888,181.321,-109.345,230.869,90.7379,109.96,124.208,231.779,57.7803,230.55,6.92991,
		node 305.747,17.1075,125.744,-107.118,142.563,168.944,281.684,130.403,278.937,252.905,259.25,41.4024,311.669,145.428,-118.884,148.381,142.991,129.401,237.41,89.1987,176.714,193.263,-18.6917,136.365,58.3936,130.485,
		node 97.2055,-45.877,124.73,157.225,114.017,80.86,-93.5283,147.932,-87.7833,211.016,117.128,114.392,44.9103,-43.7511,-120.952,136.795,101.017,220.45,-91.6006,-20.1661,-81.1213,141.147,268.345,-151.37,112.585,42.1629,
		node -90.5888,284.231,199.107,-120.441,31.6958,-23.7535,-70.5,-48.558,38.4376,-42.2919,163.676,43.162,-92.4461,105.444,141.704,188.856,-102.519,149.144,141.254,71.4719,199.537,164.249,-70.8996,220.51,176.437,-73.6282,
	layer
		node 142.097,149.17,-11.7342,45.6033,212.32,-16.5525,
endPlayer
