// Player20
stat 9
	layer
		node -13.5747,127.971,-52.5154,190.308,139.985,165.961,38.9478,199.842,148.121,128.143,44.6512,-107.104,-37.2449,171.219,256.208,131.53,-29.7952,-211.369,-95.7059,-17.445,-53.1498,236.865,-73.0767,0.174624,58.5565,147.094,
		node -26.0245,-99.4601,180.784,-98.9761,167.852,-49.0062,-80.9417,91.9649,-17.1178,183.792,177.48,-179.803,61.9252,-78.8839,-54.9954,-134.125,-219.45,170.223,7.6248,76.4601,31.2816,48.2285,69.3304,-81.9317,23.8002,-7.1405,
		node 197.752,195.973,140.272,179.086,-2.10663,181.058,199.217,-62.3043,-57.784,196.73,-151.789,38.4353,0.604503,-23.0975,-114.72,186.063,189.528,194.667,-139.323,163.866,207.771,64.8871,85.3864,-36.4452,-35.5736,80.7719,
		node 147.498,-136.656,100.389,202.567,48.9945,26.8224,178.254,126.143,219.18,216.749,-35.5488,224.619,246.917,36.0044,-13.3039,-9.22643,-41.5205,227.53,158.312,75.2796,235.14,86.7757,234.379,259.421,-49.2008,206.139,
		node -134.455,-66.5125,176.501,251.213,153.256,-53.4461,-33.1306,199.51,80.7254,125.834,217.102,154.693,162.725,28.6747,143.303,235.118,-70.9778,183.333,201.491,-37.1698,-72.8323,-42.3981,125.576,165.374,147.752,50.8218,
	layer
		node 256.881,162.722,-41.1895,-33.067,220.056,175.163,
endPlayer
